16
16
1	4	140	210	248	192	30	1	1	4	143	212	246	191	29	1	
12	51	76	159	179	121	70	24	13	53	79	157	178	118	67	22	
182	102	65	21	10	49	92	164	185	106	64	20	10	48	88	161	
232	207	41	1	1	3	138	223	236	206	41	1	1	3	137	220	
251	198	34	2	1	6	147	217	251	196	33	1	1	6	146	216	
176	128	74	27	15	56	85	151	173	126	73	27	15	55	84	155	
9	46	99	169	189	115	59	17	7	44	97	168	188	113	62	19	
1	2	135	229	243	201	37	1	1	2	132	227	241	203	39	1	
1	5	144	213	247	192	30	1	1	4	141	210	249	194	31	1	
13	54	81	156	177	120	68	23	12	52	77	160	181	122	71	25	
186	108	63	19	9	47	90	163	183	104	66	22	11	50	93	165	
238	204	40	1	1	3	136	222	234	208	42	1	1	3	139	224	
250	195	32	1	1	5	145	214	255	199	35	2	1	6	149	218	
172	124	72	26	14	55	82	153	174	130	76	28	16	57	86	150	
7	43	95	167	187	111	60	18	8	45	101	171	190	117	58	17	
1	2	131	226	240	202	38	1	1	2	134	231	244	200	36	1	
