192
96
254	251	235	203	172	53	2	1	1	1	3	58	168	200	233	249	254	252	236	203	173	51	2	1	1	1	2	54	171	202	235	251	254	253	238	205	175	48	1	1	1	1	4	59	167	199	232	248	254	252	236	203	172	53	2	1	1	1	3	59	168	200	233	248	254	252	236	203	173	52	2	1	1	1	4	60	167	199	232	248	254	252	236	203	172	53	2	1	1	1	3	58	168	200	233	249	254	252	236	204	173	51	2	1	1	1	3	57	169	201	234	249	254	253	237	204	174	50	2	1	1	1	2	54	171	202	235	251	254	254	239	205	175	47	1	1	1	1	3	56	170	201	234	250	254	253	237	204	174	49	2	1	1	1	3	56	170	201	234	250	255	253	238	205	174	49	2	1	1	1	3	58	168	200	233	249	254	252	236	203	173	51	2	1	1	1	4	60	167	199	232	247	
239	222	209	183	91	71	40	17	1	20	44	80	94	192	207	219	240	223	210	185	91	70	38	16	1	17	41	77	92	195	209	221	242	225	212	187	89	67	35	13	1	21	46	81	95	192	206	219	239	222	209	184	91	70	39	16	1	21	45	80	95	192	206	219	240	223	210	184	91	70	38	16	1	22	46	81	95	192	206	219	239	222	209	184	91	71	39	17	1	20	44	80	94	193	207	219	240	223	210	185	90	69	38	15	1	19	43	79	94	193	207	220	241	224	211	185	90	69	37	15	1	17	40	77	92	195	209	222	242	225	212	187	88	66	34	13	1	19	42	79	93	194	208	220	241	224	211	186	90	68	36	14	1	18	42	78	93	194	208	221	242	224	211	186	89	68	36	14	1	20	45	80	94	192	207	219	240	223	210	185	91	70	38	16	1	22	46	81	96	191	206	218	
179	157	84	101	115	98	126	162	177	148	88	107	121	104	85	153	180	158	83	100	113	98	128	164	178	151	86	105	116	102	84	156	183	161	82	99	110	96	131	166	176	147	88	108	123	104	86	152	179	157	84	101	114	98	126	163	176	147	88	108	122	104	86	152	180	158	83	101	113	98	127	163	176	146	88	108	123	104	86	152	179	157	84	101	115	98	126	162	177	148	87	107	121	104	85	153	180	159	83	100	113	97	128	164	177	149	87	106	119	103	85	154	181	159	83	100	112	97	129	165	179	151	86	105	116	102	84	156	183	161	81	99	109	96	131	166	177	149	87	106	118	103	85	154	182	160	82	100	111	97	129	165	178	150	87	106	118	102	85	155	182	160	82	99	111	97	130	165	177	148	88	107	121	104	85	153	180	158	83	101	113	98	128	164	176	146	88	109	124	105	86	151	
1	7	28	66	140	187	215	228	244	226	213	196	134	75	32	11	1	6	26	64	142	189	216	230	247	228	215	198	139	72	29	8	1	4	23	61	145	191	218	231	243	226	212	196	132	76	33	12	1	7	27	65	141	188	216	229	244	226	213	196	133	75	32	11	1	6	27	65	141	188	216	229	243	226	212	196	132	76	33	12	1	7	27	66	140	188	215	229	244	226	213	196	134	75	32	10	1	6	26	64	142	189	216	230	245	227	213	197	135	74	31	10	1	5	25	63	143	189	217	230	247	228	215	198	139	72	28	8	1	4	23	61	145	191	218	232	245	227	214	197	136	73	30	9	1	5	24	63	144	190	217	231	246	227	214	198	137	73	30	9	1	5	24	62	144	190	217	231	244	226	213	196	134	75	32	11	1	6	26	64	142	189	216	229	243	225	212	195	132	77	34	12	
1	1	3	55	170	202	235	250	254	253	238	205	175	48	1	1	1	1	3	56	170	201	234	250	254	253	237	204	174	49	2	1	1	1	3	57	169	201	234	249	254	253	237	204	173	50	2	1	1	1	3	56	170	201	234	250	254	253	237	204	174	49	2	1	1	1	3	56	170	201	234	250	255	253	238	205	174	49	2	1	1	1	3	57	169	201	234	249	254	253	237	204	174	50	2	1	1	1	4	61	167	199	232	247	254	251	235	202	171	54	2	1	1	1	4	59	168	200	232	248	254	252	236	203	172	52	2	1	1	1	3	58	168	200	233	249	254	252	236	203	173	51	2	1	1	1	3	59	168	200	233	248	254	252	236	203	172	52	2	1	1	1	4	60	167	199	232	247	254	251	235	202	171	54	2	1	1	1	3	56	170	201	234	250	255	253	237	205	174	49	2	1	
1	18	41	78	92	194	208	221	242	225	211	186	89	67	35	13	1	19	43	79	93	194	208	220	241	224	211	186	90	68	36	14	1	19	43	79	94	193	207	220	241	224	211	185	90	69	37	15	1	19	42	79	93	194	208	220	241	224	211	186	89	68	36	14	1	18	42	78	93	194	208	221	242	224	211	186	89	67	36	14	1	19	43	79	94	193	207	220	241	224	211	185	90	69	37	15	1	22	47	81	96	191	205	218	239	222	209	183	92	71	40	17	1	21	45	80	95	192	206	219	240	222	210	184	91	70	39	16	1	20	45	80	95	192	207	219	240	223	210	184	91	70	38	16	1	21	45	80	95	192	206	219	240	223	210	184	91	70	38	16	1	22	47	81	96	191	205	218	239	222	209	183	92	71	40	17	1	18	42	78	93	194	208	221	241	224	211	186	89	68	36	14	
178	150	87	105	117	102	84	155	182	161	82	99	110	96	130	166	177	149	87	106	118	103	85	154	182	160	82	100	111	97	129	165	177	149	87	106	120	103	85	154	181	159	83	100	112	97	129	164	178	149	87	106	118	103	85	155	182	160	82	100	111	97	129	165	178	150	87	106	118	102	85	155	182	160	82	99	111	97	130	165	177	149	87	106	119	103	85	154	181	159	83	100	112	97	129	165	175	145	88	109	125	105	86	151	179	156	84	102	116	99	125	162	176	147	88	108	122	104	86	152	180	158	83	101	114	98	127	163	176	148	88	107	121	104	85	153	180	158	83	101	113	98	128	163	176	147	88	108	122	104	86	152	180	158	83	101	114	98	127	163	175	145	88	109	125	105	86	151	179	156	84	102	116	99	125	162	178	149	87	106	118	103	85	155	182	160	82	100	111	97	130	165	
246	228	214	198	138	72	29	8	1	5	23	62	144	190	218	231	245	227	214	197	136	73	30	9	1	5	24	63	143	190	217	231	245	227	213	197	135	74	31	10	1	6	25	63	143	189	217	230	245	227	214	197	136	73	30	9	1	5	24	63	144	190	217	231	246	227	214	198	137	73	30	9	1	5	24	62	144	190	217	231	245	227	213	197	135	74	31	10	1	5	25	63	143	189	217	230	243	225	212	195	131	77	34	13	1	8	28	66	139	187	215	228	244	226	213	196	133	76	33	11	1	7	27	65	141	188	216	229	244	226	213	196	134	75	32	11	1	6	26	64	142	189	216	229	244	226	213	196	133	75	32	11	1	6	27	65	141	188	216	229	243	225	212	195	131	77	34	12	1	8	28	66	139	187	215	228	246	227	214	197	137	73	30	9	1	5	24	62	144	190	217	231	
254	252	236	203	172	52	2	1	1	1	4	59	167	199	232	248	254	252	236	203	172	53	2	1	1	1	4	60	167	199	232	247	255	251	235	202	171	54	2	1	1	1	3	58	168	200	233	249	254	252	236	203	173	52	2	1	1	1	4	60	167	199	232	247	254	251	235	202	171	54	2	1	1	1	4	59	168	200	232	248	254	252	236	203	172	52	2	1	1	1	2	55	171	202	235	251	254	253	238	205	175	48	1	1	1	1	3	55	170	202	234	250	254	253	238	205	174	49	1	1	1	1	3	56	170	201	234	250	255	253	237	204	174	49	2	1	1	1	3	55	170	202	234	250	254	253	238	205	174	49	1	1	1	1	2	55	171	202	235	251	254	253	238	205	175	48	1	1	1	1	3	57	169	201	234	249	254	253	237	204	173	50	2	1	1	1	4	59	168	199	232	248	
240	222	210	184	91	70	39	16	1	21	46	81	95	192	206	219	239	222	209	184	91	71	39	17	1	22	47	81	96	191	206	218	239	222	209	183	92	71	40	17	1	20	45	80	95	192	206	219	240	223	210	184	91	70	38	16	1	22	47	81	96	191	206	218	239	222	209	183	92	71	40	17	1	21	45	80	95	192	206	219	240	222	210	184	91	70	39	16	1	17	41	77	92	195	208	221	242	225	212	187	89	67	35	13	1	18	42	78	93	194	208	221	242	224	211	186	89	67	36	14	1	19	43	79	93	194	208	220	241	224	211	186	90	68	36	14	1	18	42	78	93	194	208	221	242	225	211	186	89	67	36	14	1	17	41	77	92	195	208	221	242	225	212	187	89	67	35	13	1	19	43	79	94	193	207	220	241	224	210	185	90	69	37	15	1	21	46	80	95	192	206	219	
180	157	83	101	114	98	127	163	176	146	88	108	123	104	86	152	179	157	84	101	114	98	126	162	175	146	88	109	124	105	86	151	179	157	84	101	115	98	125	162	176	147	88	107	121	104	86	153	180	158	83	101	113	98	128	163	175	146	88	109	124	105	86	151	179	156	84	102	115	98	125	162	176	147	88	108	123	104	86	152	180	158	83	101	114	98	127	163	178	150	86	105	116	102	84	156	183	161	82	99	110	96	131	166	178	150	87	106	117	102	85	155	182	160	82	99	111	97	130	166	177	149	87	106	119	103	85	154	182	160	82	100	111	97	129	165	178	150	87	105	117	102	84	155	182	161	82	99	110	96	130	166	178	150	86	105	116	102	84	156	183	161	82	99	110	96	131	166	177	148	87	107	120	103	85	154	181	159	83	100	112	97	129	164	176	147	88	108	123	104	86	152	
1	7	27	65	141	188	216	229	243	226	212	196	132	76	33	12	1	7	27	65	140	188	216	229	243	225	212	195	132	77	34	12	1	7	28	66	140	187	215	228	244	226	213	196	134	75	32	11	1	6	26	65	142	188	216	229	243	225	212	195	131	77	34	12	1	8	28	66	139	187	215	228	243	226	213	196	133	76	33	11	1	7	27	65	141	188	216	229	247	228	215	198	138	72	29	8	1	4	23	61	145	191	218	231	246	227	214	198	137	73	30	9	1	5	24	62	144	190	217	231	245	227	214	197	136	73	30	9	1	5	25	63	143	190	217	231	246	227	214	198	137	73	30	9	1	5	24	62	144	190	217	231	247	228	215	198	138	72	29	8	1	4	23	61	145	191	218	231	245	227	213	197	135	74	31	10	1	6	25	64	143	189	217	230	243	226	212	196	133	76	33	11	
1	1	3	57	169	201	233	249	254	253	237	204	173	51	2	1	1	1	3	57	169	201	234	250	254	253	237	204	174	50	2	1	1	1	3	55	170	202	235	250	254	253	238	205	175	48	1	1	1	1	2	55	171	202	235	251	254	253	238	205	175	48	1	1	1	1	3	57	169	201	234	249	254	253	237	204	174	50	2	1	1	1	3	58	168	200	233	249	254	252	236	204	173	51	2	1	1	1	3	59	168	200	233	248	254	252	236	203	172	52	2	1	1	1	4	59	167	199	232	248	254	252	236	203	172	53	2	1	1	1	4	60	167	199	232	247	254	251	235	202	171	53	2	1	1	1	4	59	167	199	232	248	254	252	236	203	172	52	2	1	1	1	3	58	168	200	233	249	254	252	236	204	173	51	2	1	1	1	2	55	171	202	235	251	254	253	238	205	175	48	1	1	
1	20	44	79	94	193	207	220	241	223	210	185	90	69	37	15	1	19	43	79	93	193	207	220	241	224	211	185	90	68	37	14	1	18	42	78	93	194	208	221	242	225	211	186	89	67	35	13	1	17	41	78	92	195	208	221	242	225	212	187	89	67	35	13	1	19	43	79	94	193	207	220	241	224	211	185	90	68	37	15	1	20	44	80	94	193	207	219	240	223	210	185	90	69	38	15	1	21	45	80	95	192	206	219	240	223	210	184	91	70	38	16	1	21	46	81	95	192	206	219	239	222	209	184	91	71	39	17	1	22	47	81	96	191	206	218	239	222	209	183	92	71	40	17	1	21	46	80	95	192	206	219	239	222	210	184	91	70	39	16	1	20	44	80	94	193	207	219	240	223	210	185	90	69	38	15	1	18	41	78	92	194	208	221	242	225	211	186	89	67	35	13	
177	148	87	107	120	103	85	153	181	159	83	100	112	97	128	164	177	149	87	106	119	103	85	154	181	160	83	100	112	97	129	165	178	150	87	105	117	102	84	155	182	161	82	99	110	96	130	166	178	150	86	105	116	102	84	156	183	161	82	99	110	96	131	166	177	149	87	106	119	103	85	154	181	159	83	100	112	97	129	165	177	148	87	107	121	104	85	153	180	159	83	100	113	97	128	164	176	147	88	108	122	104	86	152	180	158	83	101	114	98	127	163	176	146	88	108	123	104	86	152	179	157	84	101	114	98	126	162	175	146	88	109	124	105	86	151	179	157	84	101	115	98	126	162	176	147	88	108	123	104	86	152	180	157	83	101	114	98	127	163	177	148	87	107	121	104	85	153	180	159	83	100	113	97	128	164	178	150	87	105	117	102	84	156	182	161	82	99	110	96	130	166	
245	227	213	197	135	74	31	10	1	6	25	64	142	189	217	230	245	227	214	197	136	74	31	10	1	5	25	63	143	190	217	230	246	227	214	198	138	72	29	9	1	5	24	62	144	190	218	231	246	228	215	198	138	72	29	8	1	4	23	61	145	191	218	231	245	227	214	197	136	74	31	10	1	5	25	63	143	189	217	230	244	226	213	196	134	75	32	10	1	6	26	64	142	189	216	230	244	226	213	196	133	75	32	11	1	6	27	65	141	188	216	229	243	226	212	196	132	76	33	12	1	7	27	65	140	188	216	229	243	225	212	195	132	77	34	12	1	7	28	66	140	187	215	228	243	226	212	196	133	76	33	11	1	7	27	65	141	188	216	229	244	226	213	196	134	75	32	11	1	6	26	64	142	189	216	230	246	228	215	198	138	72	29	8	1	5	23	61	145	191	218	231	
254	252	236	203	172	52	2	1	1	1	2	54	171	202	235	251	254	253	238	205	175	47	1	1	1	1	4	59	168	200	233	248	254	252	236	203	172	52	2	1	1	1	4	60	167	199	232	248	254	252	236	203	172	53	2	1	1	1	3	58	168	200	233	249	254	252	236	204	173	51	2	1	1	1	3	55	170	202	235	250	254	253	238	205	175	48	1	1	1	1	3	56	170	201	234	250	255	253	237	205	174	49	2	1	1	1	3	56	169	201	234	250	254	253	237	204	174	50	2	1	1	1	2	55	171	202	235	251	254	253	238	205	175	48	1	1	1	1	3	57	169	201	234	250	254	253	237	204	174	50	2	1	1	1	3	56	170	201	234	250	255	253	237	205	174	49	2	1	1	1	4	60	167	199	232	247	254	251	235	203	172	53	2	1	1	1	3	59	168	200	233	248	
240	223	210	184	91	70	38	16	1	17	41	77	92	195	209	221	242	225	212	187	89	67	35	13	1	21	45	80	95	192	206	219	240	223	210	184	91	70	39	16	1	22	46	81	95	191	206	218	239	222	209	184	91	71	40	17	1	20	44	80	94	192	207	219	240	223	210	185	91	69	38	15	1	18	41	78	92	194	208	221	242	225	211	186	89	67	35	13	1	18	42	78	93	194	208	221	241	224	211	186	89	68	36	14	1	19	43	79	93	194	207	220	241	224	211	186	90	68	36	14	1	18	41	78	92	195	208	221	242	225	211	186	89	67	35	13	1	19	43	79	93	194	207	220	241	224	211	186	90	68	36	14	1	18	42	78	93	194	208	221	241	224	211	186	89	68	36	14	1	22	47	81	96	191	206	218	239	222	209	183	92	71	40	17	1	21	45	80	95	192	206	219	
180	158	83	101	114	98	127	163	178	151	86	105	116	102	84	156	183	161	81	99	110	96	131	166	176	147	88	108	122	104	86	152	180	158	83	101	114	98	127	163	176	146	88	109	124	104	86	152	179	157	84	101	115	98	126	162	177	148	88	107	121	104	85	153	180	158	83	100	113	97	128	164	178	150	87	105	117	102	84	155	182	161	82	99	110	96	130	166	178	150	87	106	118	103	85	155	182	160	82	99	111	97	130	165	177	149	87	106	119	103	85	154	181	160	82	100	111	97	129	165	178	150	87	105	117	102	84	156	182	161	82	99	110	96	130	166	177	149	87	106	119	103	85	154	181	160	82	100	111	97	129	165	178	149	87	106	118	103	85	155	182	160	82	99	111	97	130	165	176	146	88	109	124	105	86	151	179	157	84	101	115	98	126	162	176	147	88	108	122	104	86	152	
1	6	27	65	141	188	216	229	247	228	215	198	139	72	29	8	1	4	23	61	145	191	218	231	244	226	213	196	133	76	33	11	1	7	27	65	141	188	216	229	243	226	212	195	132	76	33	12	1	7	28	66	140	188	215	229	244	226	213	196	134	75	32	11	1	6	26	64	142	189	216	230	246	228	214	198	138	72	29	8	1	5	23	62	144	190	218	231	246	227	214	197	137	73	30	9	1	5	24	62	144	190	217	231	245	227	214	197	136	73	30	9	1	5	25	63	143	190	217	230	246	228	215	198	138	72	29	8	1	4	23	61	145	191	218	231	245	227	214	197	136	73	30	9	1	5	25	63	143	190	217	230	246	227	214	197	137	73	30	9	1	5	24	62	144	190	217	231	243	225	212	195	132	77	34	12	1	7	28	66	140	187	215	228	244	226	213	196	133	75	32	11	
1	1	3	57	169	201	234	249	254	253	237	204	174	50	2	1	1	1	3	57	169	201	233	249	254	253	237	204	173	50	2	1	1	1	3	56	170	201	234	250	254	253	238	205	174	49	2	1	1	1	3	57	169	201	234	249	255	253	237	204	173	50	2	1	1	1	4	60	167	199	232	247	254	251	235	203	172	53	2	1	1	1	4	59	167	199	232	248	254	252	236	203	172	53	2	1	1	1	4	60	167	199	232	247	254	251	235	202	171	54	2	1	1	1	3	58	168	200	233	249	254	252	236	203	173	51	2	1	1	1	3	58	168	200	233	248	254	252	236	203	173	52	2	1	1	1	4	60	167	199	232	248	254	252	236	203	172	53	2	1	1	1	3	57	169	201	233	249	254	253	237	204	173	51	2	1	1	1	3	55	170	201	234	250	255	253	238	205	174	49	2	1	
1	19	43	79	94	193	207	220	241	224	211	185	90	68	37	15	1	20	44	79	94	193	207	220	241	223	210	185	90	69	37	15	1	18	42	78	93	194	208	221	242	224	211	186	89	68	36	14	1	19	43	79	94	193	207	220	241	224	211	185	90	69	37	15	1	22	46	81	96	191	206	218	239	222	209	183	92	71	40	17	1	21	46	81	95	192	206	219	239	222	209	184	91	70	39	16	1	22	47	81	96	191	206	218	239	222	209	183	92	71	40	17	1	20	45	80	95	192	207	219	240	223	210	184	91	70	38	16	1	21	45	80	95	192	206	219	240	223	210	184	91	70	38	16	1	22	46	81	95	191	206	219	239	222	209	184	91	71	40	17	1	20	44	79	94	193	207	220	241	223	210	185	90	69	37	15	1	18	42	78	93	194	208	221	242	224	211	186	89	67	36	14	
177	149	87	106	119	103	85	154	181	159	83	100	112	97	129	165	177	148	87	107	120	103	85	154	181	159	83	100	112	97	129	164	178	150	87	106	118	102	85	155	182	160	82	99	111	97	130	165	177	149	87	107	120	103	85	154	181	159	83	100	112	97	129	164	176	146	88	109	124	105	86	151	179	157	84	101	115	98	126	162	176	147	88	108	123	104	86	152	179	157	84	101	114	98	127	163	175	146	88	109	124	105	86	151	179	157	84	101	115	98	125	162	177	148	88	107	121	104	85	153	180	158	83	101	113	98	128	164	176	147	88	107	122	104	86	153	180	158	83	101	113	98	127	163	176	146	88	109	124	104	86	152	179	157	84	101	115	98	126	162	177	148	87	107	120	103	85	154	181	159	83	100	112	97	128	164	178	150	87	106	118	102	85	155	182	160	82	99	111	97	130	166	
245	227	214	197	135	74	31	10	1	5	25	63	143	189	217	230	245	227	213	197	135	74	31	10	1	6	25	64	143	189	217	230	246	227	214	198	137	73	30	9	1	5	24	62	144	190	217	231	245	227	213	197	135	74	31	10	1	6	25	63	143	189	217	230	243	225	212	195	132	77	34	12	1	7	28	66	140	187	215	228	243	226	212	196	133	76	33	12	1	7	27	65	141	188	216	229	243	225	212	195	131	77	34	12	1	7	28	66	139	187	215	228	244	226	213	196	134	75	32	11	1	6	26	64	142	189	216	229	244	226	213	196	133	75	32	11	1	6	26	65	142	188	216	229	243	226	212	195	132	76	33	12	1	7	28	66	140	188	215	229	245	227	213	197	135	74	31	10	1	6	25	64	143	189	217	230	246	227	214	198	137	73	30	9	1	5	24	62	144	190	217	231	
254	252	236	203	172	53	2	1	1	1	4	61	166	199	232	247	255	251	235	202	171	54	2	1	1	1	3	58	168	200	233	249	254	252	236	203	173	52	2	1	1	1	4	59	167	199	232	248	254	252	236	203	172	53	2	1	1	1	2	54	171	202	235	251	254	254	238	205	175	47	1	1	1	1	3	57	169	201	234	250	254	253	237	204	174	50	2	1	1	1	3	57	169	201	234	249	254	253	237	204	173	50	2	1	1	1	2	54	171	202	235	251	254	253	238	205	175	48	1	1	1	1	3	56	170	201	234	250	255	253	237	204	174	49	2	1	1	1	3	55	170	202	235	250	254	253	238	205	175	48	1	1	1	1	2	54	171	202	235	251	254	254	238	205	175	47	1	1	1	1	3	58	168	200	233	249	254	252	236	203	173	51	2	1	1	1	4	59	167	199	232	248	
239	222	209	184	91	71	39	17	1	22	47	81	96	191	205	218	239	222	209	183	92	71	40	17	1	20	45	80	95	192	207	219	240	223	210	184	91	70	38	16	1	21	46	81	95	192	206	219	239	222	209	184	91	70	39	16	1	17	41	77	92	195	209	221	242	225	212	187	89	67	34	13	1	19	43	79	93	193	207	220	241	224	211	185	90	68	37	14	1	19	43	79	94	193	207	220	241	224	211	185	90	69	37	15	1	17	41	77	92	195	209	221	242	225	212	187	89	67	35	13	1	19	42	78	93	194	208	220	241	224	211	186	89	68	36	14	1	18	42	78	93	194	208	221	242	225	211	186	89	67	35	13	1	17	41	77	92	195	209	221	242	225	212	187	89	67	35	13	1	20	44	80	94	192	207	219	240	223	210	185	91	69	38	16	1	22	46	81	95	192	206	219	
179	157	84	101	114	98	126	162	175	145	88	109	125	105	86	151	179	156	84	102	116	99	125	162	176	147	88	107	121	104	85	153	180	158	83	101	113	98	128	163	176	147	88	108	123	104	86	152	179	157	84	101	114	98	126	163	179	151	86	105	116	102	84	156	183	161	81	99	109	96	131	166	177	149	87	106	119	103	85	154	181	160	82	100	112	97	129	165	177	149	87	106	120	103	85	154	181	159	83	100	112	97	129	164	178	151	86	105	116	102	84	156	183	161	81	99	110	96	131	166	178	149	87	106	118	103	85	155	182	160	82	100	111	97	130	165	178	150	87	105	117	102	84	155	182	161	82	99	110	96	130	166	178	151	86	105	116	102	84	156	183	161	81	99	110	96	131	166	177	148	88	107	121	104	85	153	180	158	83	100	113	98	128	164	176	146	88	108	123	104	86	152	
1	7	27	66	140	188	216	229	243	225	212	195	131	77	34	13	1	8	28	66	139	187	215	228	244	226	213	196	134	75	32	11	1	6	26	64	142	189	216	229	243	226	212	196	132	76	33	12	1	7	27	65	141	188	216	229	247	228	215	198	139	72	29	8	1	4	23	61	145	191	218	232	245	227	214	197	136	74	31	10	1	5	25	63	143	190	217	230	245	227	213	197	135	74	31	10	1	6	25	63	143	189	217	230	247	228	215	198	139	72	29	8	1	4	23	61	145	191	218	231	246	227	214	197	137	73	30	9	1	5	24	62	144	190	217	231	246	227	214	198	138	72	29	9	1	5	24	62	144	190	218	231	247	228	215	198	139	72	29	8	1	4	23	61	145	191	218	232	244	226	213	196	134	75	32	11	1	6	26	64	142	189	216	230	243	226	212	196	132	76	33	12	
1	1	2	55	171	202	235	251	254	253	238	205	175	48	1	1	1	1	3	56	170	201	234	250	254	253	237	205	174	49	2	1	1	1	2	55	171	202	235	251	254	253	238	205	175	48	1	1	1	1	3	56	170	201	234	250	254	253	237	204	174	50	2	1	1	1	3	58	168	200	233	249	254	253	236	204	173	51	2	1	1	1	2	55	171	202	235	251	254	253	238	205	175	48	1	1	1	1	3	59	168	200	233	248	254	252	236	203	172	52	2	1	1	1	4	59	167	199	232	248	254	252	236	203	172	53	2	1	1	1	4	60	167	199	232	247	254	251	235	202	171	54	2	1	1	1	4	59	168	200	233	248	254	252	236	203	172	52	2	1	1	1	4	60	167	199	232	247	254	251	235	202	171	54	2	1	1	1	3	57	169	201	234	250	254	253	237	204	174	50	2	1	
1	17	41	77	92	195	208	221	242	225	212	187	89	67	35	13	1	18	42	78	93	194	208	220	241	224	211	186	89	68	36	14	1	18	41	78	92	194	208	221	242	225	211	186	89	67	35	13	1	19	43	79	93	194	207	220	241	224	211	186	90	68	36	14	1	20	44	80	94	193	207	220	240	223	210	185	90	69	38	15	1	18	41	78	92	195	208	221	242	225	211	186	89	67	35	13	1	21	45	80	95	192	206	219	240	223	210	184	91	70	39	16	1	21	46	81	95	192	206	219	239	222	209	184	91	71	39	17	1	22	47	81	96	191	205	218	239	222	209	183	92	71	40	17	1	21	45	80	95	192	206	219	240	223	210	184	91	70	39	16	1	22	47	81	96	191	206	218	239	222	209	183	92	71	40	17	1	19	43	79	93	193	207	220	241	224	211	185	90	68	37	14	
178	150	86	105	116	102	84	156	183	161	82	99	110	96	131	166	178	149	87	106	118	103	85	155	182	160	82	100	111	97	130	165	178	150	87	105	117	102	84	156	182	161	82	99	110	96	130	166	177	149	87	106	119	103	85	154	182	160	82	100	111	97	129	165	177	148	87	107	121	104	85	153	180	159	83	100	113	97	128	164	178	150	87	105	117	102	84	156	182	161	82	99	110	96	130	166	176	147	88	108	122	104	86	152	180	158	83	101	114	98	127	163	176	146	88	108	123	104	86	152	179	157	84	101	114	98	126	163	175	145	88	109	125	105	86	151	179	156	84	102	116	99	125	162	176	147	88	108	122	104	86	152	180	158	83	101	114	98	127	163	175	146	88	109	124	105	86	151	179	157	84	101	115	98	125	162	177	149	87	106	119	103	85	154	181	160	82	100	111	97	129	165	
247	228	215	198	138	72	29	8	1	4	23	61	145	191	218	231	246	227	214	197	137	73	30	9	1	5	24	62	144	190	217	231	246	228	214	198	138	72	29	8	1	5	23	61	145	191	218	231	245	227	214	197	136	73	30	9	1	5	25	63	143	190	217	230	244	226	213	196	134	75	32	10	1	6	26	64	142	189	216	230	246	228	215	198	138	72	29	8	1	4	23	61	145	191	218	231	244	226	213	196	133	75	33	11	1	7	27	65	141	188	216	229	243	226	212	196	132	76	33	12	1	7	27	65	140	188	216	229	243	225	212	195	131	77	34	12	1	8	28	66	139	187	215	228	244	226	213	196	133	76	33	11	1	7	27	65	141	188	216	229	243	225	212	195	132	77	34	12	1	7	28	66	140	187	215	228	245	227	214	197	136	73	31	9	1	5	25	63	143	190	217	230	
254	252	236	203	172	52	2	1	1	1	4	59	168	200	232	248	254	252	236	203	172	52	2	1	1	1	4	60	167	199	232	247	254	251	235	203	172	53	2	1	1	1	4	59	168	200	233	248	254	252	236	203	172	52	2	1	1	1	4	60	167	199	232	247	255	251	235	202	171	54	2	1	1	1	4	60	167	199	232	248	254	252	236	203	172	53	2	1	1	1	3	58	169	200	233	249	254	253	237	204	173	51	2	1	1	1	3	56	170	201	234	250	255	253	238	205	174	49	2	1	1	1	3	57	169	201	234	249	254	253	237	204	174	50	2	1	1	1	3	58	169	200	233	249	254	253	237	204	173	51	2	1	1	1	3	57	169	201	234	249	255	253	237	204	174	50	2	1	1	1	2	55	171	202	235	250	254	253	238	205	175	48	1	1	1	1	3	59	168	200	233	248	
240	223	210	184	91	70	38	16	1	21	45	80	95	192	206	219	240	222	210	184	91	70	39	16	1	22	46	81	96	191	206	218	239	222	209	183	91	71	40	17	1	21	45	80	95	192	206	219	240	223	210	184	91	70	39	16	1	22	47	81	96	191	206	218	239	222	209	183	92	71	40	17	1	22	46	81	95	191	206	219	239	222	209	184	91	71	39	17	1	20	44	80	94	193	207	220	240	223	210	185	90	69	38	15	1	18	42	78	93	194	208	221	242	224	211	186	89	68	36	14	1	19	43	79	94	193	207	220	241	224	211	185	90	69	37	15	1	20	44	80	94	193	207	220	240	223	210	185	90	69	38	15	1	19	43	79	94	193	207	220	241	224	211	185	90	68	37	15	1	18	41	78	92	194	208	221	242	225	211	186	89	67	35	13	1	21	45	80	95	192	206	219	
180	158	83	101	114	98	127	163	176	147	88	108	122	104	86	152	180	158	83	101	114	98	127	163	176	146	88	109	124	105	86	151	179	157	84	101	115	98	126	162	176	147	88	108	122	104	86	152	180	158	83	101	114	98	127	163	175	146	88	109	124	105	86	151	179	156	84	101	115	98	125	162	176	146	88	109	123	104	86	152	179	157	84	101	115	98	126	162	177	148	87	107	120	103	85	153	181	159	83	100	113	97	128	164	178	150	87	106	118	102	85	155	182	160	82	99	111	97	130	165	177	149	87	106	120	103	85	154	181	159	83	100	112	97	129	164	177	148	87	107	120	103	85	153	181	159	83	100	113	97	128	164	177	149	87	106	119	103	85	154	181	159	83	100	112	97	129	165	178	150	87	105	117	102	84	155	182	161	82	99	110	96	130	166	176	147	88	108	122	104	86	152	
1	6	27	65	141	188	216	229	244	226	213	196	133	76	33	11	1	7	27	65	141	188	216	229	243	226	212	195	132	76	34	12	1	7	28	66	140	187	215	229	244	226	213	196	133	75	33	11	1	7	27	65	141	188	216	229	243	225	212	195	131	77	34	12	1	8	28	66	139	187	215	228	243	226	212	195	132	76	33	12	1	7	28	66	140	188	215	229	244	226	213	197	134	74	32	10	1	6	26	64	142	189	216	230	246	227	214	198	137	73	30	9	1	5	24	62	144	190	217	231	245	227	213	197	135	74	31	10	1	6	25	63	143	189	217	230	244	226	213	197	134	74	32	10	1	6	26	64	142	189	216	230	245	227	214	197	136	74	31	10	1	5	25	63	143	189	217	230	246	228	214	198	138	72	29	8	1	5	23	61	145	190	218	231	244	226	213	196	133	75	32	11	
1	1	3	56	170	201	234	250	255	253	237	204	174	49	2	1	1	1	3	55	170	202	235	250	254	253	238	205	175	48	1	1	1	1	3	58	169	200	233	249	255	253	237	204	173	51	2	1	1	1	3	57	169	201	234	249	254	253	237	204	174	50	2	1	1	1	3	55	170	202	235	250	254	253	238	205	175	48	1	1	1	1	3	56	170	201	234	250	255	253	237	204	174	49	2	1	1	1	4	60	167	199	232	247	254	251	235	203	172	53	2	1	1	1	3	58	168	200	233	248	254	252	236	203	173	52	2	1	1	1	2	55	171	202	235	251	254	253	238	205	175	48	1	1	1	1	3	56	170	201	234	250	254	253	238	205	174	49	2	1	1	1	3	58	168	200	233	249	254	253	236	204	173	51	2	1	1	1	3	57	169	201	234	249	254	253	237	204	173	50	2	1	
1	19	42	79	93	194	208	220	241	224	211	186	90	68	36	14	1	18	41	78	92	194	208	221	242	225	211	186	89	67	35	13	1	20	44	80	94	193	207	220	240	223	210	185	90	69	38	15	1	19	43	79	94	193	207	220	241	224	211	185	90	68	37	15	1	18	41	78	92	194	208	221	242	225	211	186	89	67	35	13	1	19	42	79	93	194	208	220	241	224	211	186	89	68	36	14	1	22	46	81	96	191	206	218	239	222	209	183	91	71	40	17	1	21	45	80	95	192	206	219	240	223	210	184	91	70	38	16	1	17	41	78	92	195	208	221	242	225	212	187	89	67	35	13	1	18	42	78	93	194	208	221	242	224	211	186	89	67	36	14	1	20	44	80	94	193	207	220	240	223	210	185	90	69	38	15	1	19	43	79	94	193	207	220	241	224	211	185	90	69	37	15	
178	149	87	106	118	103	85	154	182	160	82	100	111	97	129	165	178	150	87	105	117	102	84	155	182	161	82	99	110	96	130	166	177	148	87	107	121	103	85	153	181	159	83	100	113	97	128	164	177	149	87	106	119	103	85	154	181	159	83	100	112	97	129	165	178	150	87	105	117	102	84	155	182	161	82	99	110	96	130	166	178	149	87	106	118	103	85	155	182	160	82	100	111	97	129	165	176	146	88	109	124	105	86	151	179	157	84	101	115	98	126	162	176	147	88	108	122	104	86	153	180	158	83	101	113	98	127	163	178	150	86	105	117	102	84	156	183	161	82	99	110	96	131	166	178	150	87	106	118	102	85	155	182	160	82	99	111	97	130	166	177	148	87	107	121	104	85	153	181	159	83	100	113	97	128	164	177	149	87	106	120	103	85	154	181	159	83	100	112	97	129	164	
245	227	214	197	136	73	30	9	1	5	24	63	144	190	217	231	246	228	214	198	138	72	29	8	1	5	24	62	144	190	218	231	244	226	213	196	134	74	32	10	1	6	26	64	142	189	216	230	245	227	214	197	136	74	31	10	1	5	25	63	143	189	217	230	246	228	214	198	138	72	29	8	1	5	23	62	144	190	218	231	246	227	214	197	137	73	30	9	1	5	24	62	144	190	217	231	243	225	212	195	132	77	34	12	1	7	28	66	140	187	215	228	244	226	213	196	133	75	32	11	1	6	26	65	141	188	216	229	246	228	215	198	138	72	29	8	1	4	23	61	145	191	218	231	246	227	214	198	137	73	30	9	1	5	24	62	144	190	217	231	244	226	213	196	134	75	32	10	1	6	26	64	142	189	216	230	245	227	213	197	135	74	31	10	1	6	25	63	143	189	217	230	
254	251	235	202	171	54	2	1	1	1	3	58	168	200	233	249	254	252	236	204	173	51	2	1	1	1	3	57	169	201	234	250	254	253	237	204	174	50	2	1	1	1	2	54	171	202	235	251	254	253	238	205	175	48	1	1	1	1	3	58	168	200	233	248	254	252	236	203	173	52	2	1	1	1	4	59	168	200	233	248	254	252	236	203	172	52	2	1	1	1	3	57	169	201	233	249	254	253	237	204	173	50	2	1	1	1	3	55	171	202	235	250	254	253	238	205	175	48	1	1	1	1	3	57	169	201	234	250	254	253	237	204	174	50	2	1	1	1	4	60	167	199	232	248	254	251	236	203	172	53	2	1	1	1	4	59	168	200	233	248	254	252	236	203	172	52	2	1	1	1	4	60	167	199	232	248	255	252	236	203	172	53	2	1	1	1	4	60	167	199	232	247	
239	222	209	183	92	71	40	17	1	20	44	80	94	192	207	219	240	223	210	185	91	69	38	15	1	19	43	79	93	193	207	220	241	224	211	185	90	68	37	14	1	17	41	77	92	195	209	221	242	225	212	187	89	67	35	13	1	21	45	80	95	192	206	219	240	223	210	184	91	70	38	16	1	21	45	80	95	192	206	219	240	223	210	184	91	70	39	16	1	20	44	79	94	193	207	220	241	223	210	185	90	69	37	15	1	18	41	78	92	194	208	221	242	225	211	186	89	67	35	13	1	19	43	79	93	193	207	220	241	224	211	185	90	68	37	14	1	22	46	81	96	191	206	218	239	222	209	183	91	71	40	17	1	21	45	80	95	192	206	219	240	223	210	184	91	70	39	16	1	22	46	81	95	192	206	219	239	222	209	184	91	71	39	17	1	22	47	81	96	191	206	218	
179	156	84	102	115	98	125	162	177	148	87	107	121	104	85	153	180	158	83	100	113	97	128	164	177	149	87	106	119	103	85	154	181	160	83	100	112	97	129	165	178	151	86	105	116	102	84	156	183	161	82	99	110	96	131	166	176	147	88	108	122	104	86	153	180	158	83	101	113	98	127	163	176	147	88	108	122	104	86	152	180	158	83	101	114	98	127	163	177	148	87	107	120	103	85	154	181	159	83	100	112	97	128	164	178	150	87	105	117	102	84	155	182	161	82	99	110	96	130	166	177	149	87	106	119	103	85	154	181	160	83	100	112	97	129	165	176	146	88	109	124	105	86	151	179	157	84	101	115	98	126	162	176	147	88	108	122	104	86	152	180	158	83	101	114	98	127	163	176	146	88	108	123	104	86	152	179	157	84	101	115	98	126	162	175	146	88	109	124	105	86	151	
1	8	28	66	139	187	215	228	244	226	213	196	134	75	32	11	1	6	26	64	142	189	216	230	245	227	214	197	136	74	31	10	1	5	25	63	143	190	217	230	247	228	215	198	139	72	29	8	1	4	23	61	145	191	218	231	244	226	213	196	133	75	32	11	1	6	26	65	141	188	216	229	244	226	213	196	133	76	33	11	1	7	27	65	141	188	216	229	245	227	213	197	135	74	31	10	1	6	25	64	143	189	217	230	246	228	214	198	138	72	29	8	1	5	23	61	144	190	218	231	245	227	214	197	136	74	31	10	1	5	25	63	143	190	217	230	243	226	212	195	132	76	34	12	1	7	28	66	140	187	215	229	244	226	213	196	133	75	33	11	1	7	27	65	141	188	216	229	243	226	212	196	132	76	33	12	1	7	27	66	140	188	215	229	243	225	212	195	131	77	34	12	
1	1	2	54	171	202	235	251	254	254	239	205	175	47	1	1	1	1	4	59	167	199	232	248	254	252	236	203	172	52	2	1	1	1	4	60	167	199	232	247	254	251	235	202	171	54	2	1	1	1	3	57	169	200	233	249	254	253	237	204	173	51	2	1	1	1	3	56	170	201	234	250	254	253	238	205	174	49	2	1	1	1	2	54	171	202	235	251	254	253	238	205	175	48	1	1	1	1	4	59	167	199	232	248	254	252	236	203	172	52	2	1	1	1	4	60	167	199	232	247	254	251	235	202	171	54	2	1	1	1	3	58	168	200	233	249	255	252	236	203	173	51	2	1	1	1	3	56	170	201	234	250	254	253	237	204	174	49	2	1	1	1	2	54	171	202	235	251	254	253	238	205	175	48	1	1	1	1	3	56	170	201	234	250	254	253	238	205	174	49	2	1	
1	17	41	77	92	195	209	222	242	225	212	187	88	66	34	13	1	21	46	81	95	192	206	219	239	222	210	184	91	70	39	16	1	22	47	81	96	191	205	218	239	222	209	183	92	71	40	17	1	20	44	79	94	193	207	220	241	223	210	185	90	69	37	15	1	18	42	78	93	194	208	221	241	224	211	186	89	68	36	14	1	17	41	77	92	195	209	221	242	225	212	187	89	67	35	13	1	21	46	80	95	192	206	219	239	222	210	184	91	70	39	16	1	22	47	81	96	191	206	218	239	222	209	183	92	71	40	17	1	20	45	80	94	192	207	219	240	223	210	185	91	70	38	16	1	19	42	78	93	194	208	220	241	224	211	186	89	68	36	14	1	17	41	77	92	195	209	221	242	225	212	187	89	67	35	13	1	18	42	78	93	194	208	221	242	224	211	186	89	68	36	14	
179	151	86	105	116	102	84	156	183	161	81	99	109	96	131	166	176	147	88	108	123	104	86	152	180	157	83	101	114	98	127	163	175	146	88	109	124	105	86	151	179	156	84	102	116	99	125	162	177	148	87	107	120	103	85	153	181	159	83	100	112	97	128	164	178	150	87	106	118	103	85	155	182	160	82	99	111	97	130	165	178	151	86	105	116	102	84	156	183	161	82	99	110	96	131	166	176	147	88	108	123	104	86	152	180	157	83	101	114	98	127	163	175	146	88	109	124	105	86	151	179	156	84	102	116	98	125	162	177	148	88	107	121	104	85	153	180	158	83	101	113	98	128	164	178	149	87	106	118	103	85	155	182	160	82	100	111	97	130	165	178	151	86	105	116	102	84	156	183	161	82	99	110	96	131	166	178	150	87	106	118	102	85	155	182	160	82	99	111	97	130	165	
247	228	215	198	139	72	28	8	1	4	23	61	145	191	218	232	243	226	212	196	133	76	33	11	1	7	27	65	141	188	216	229	243	225	212	195	131	77	34	12	1	8	28	66	139	187	215	228	245	226	213	197	135	74	31	10	1	6	26	64	142	189	217	230	246	227	214	198	137	73	30	9	1	5	24	62	144	190	217	231	247	228	215	198	139	72	29	8	1	4	23	61	145	191	218	231	243	226	212	196	133	76	33	11	1	7	27	65	141	188	216	229	243	225	212	195	131	77	34	12	1	8	28	66	139	187	215	228	244	226	213	196	134	75	32	11	1	6	26	64	142	189	216	230	246	227	214	197	137	73	30	9	1	5	24	62	144	190	217	231	247	228	215	198	139	72	29	8	1	4	23	61	145	191	218	231	246	227	214	198	137	73	30	9	1	5	24	62	144	190	217	231	
254	252	236	203	172	52	2	1	1	1	3	57	169	201	233	249	254	253	237	204	173	51	2	1	1	1	3	56	170	201	234	250	254	253	237	205	174	49	2	1	1	1	3	55	170	202	235	250	255	253	238	205	175	49	1	1	1	1	4	60	167	199	232	248	254	252	236	203	172	53	2	1	1	1	4	61	166	199	232	247	254	251	235	202	171	54	2	1	1	1	3	58	168	200	233	249	254	252	236	204	173	51	2	1	1	1	3	56	170	201	234	250	255	253	238	205	174	49	2	1	1	1	2	54	171	202	235	251	254	254	239	205	175	47	1	1	1	1	3	57	169	200	233	249	254	253	237	204	173	51	2	1	1	1	4	60	167	199	232	247	254	251	235	202	171	54	2	1	1	1	3	58	168	200	233	248	254	252	236	203	173	52	2	1	1	1	4	59	168	200	232	248	
240	222	210	184	91	70	39	16	1	20	44	79	94	193	207	220	241	223	210	185	90	69	37	15	1	18	42	78	93	194	208	221	241	224	211	186	89	68	36	14	1	18	42	78	93	194	208	221	242	225	211	186	89	67	35	13	1	22	46	81	95	192	206	219	239	222	209	184	91	71	39	17	1	23	47	81	96	191	205	218	239	222	209	183	92	72	40	17	1	20	44	80	94	192	207	219	240	223	210	185	91	69	38	15	1	18	42	78	93	194	208	221	241	224	211	186	89	68	36	14	1	17	41	77	92	195	209	222	242	225	212	187	88	67	34	13	1	20	44	79	94	193	207	220	240	223	210	185	90	69	37	15	1	22	47	81	96	191	206	218	239	222	209	183	92	71	40	17	1	21	45	80	95	192	206	219	240	223	210	184	91	70	38	16	1	21	45	80	95	192	206	219	
180	158	83	101	114	98	127	163	177	148	87	107	120	103	85	154	181	159	83	100	112	97	128	164	178	150	87	106	118	103	85	155	182	160	82	99	111	97	130	165	178	150	87	105	117	102	84	155	182	161	82	99	110	96	130	166	176	146	88	108	123	104	86	152	179	157	84	101	115	98	126	162	175	145	88	109	125	105	86	151	179	156	84	102	116	99	125	162	177	148	88	107	121	104	85	153	180	158	83	100	113	98	128	164	178	150	87	106	118	102	85	155	182	160	82	99	111	97	130	165	179	151	86	105	116	102	84	156	183	161	81	99	109	96	131	166	177	148	87	107	120	103	85	153	181	159	83	100	112	97	128	164	175	146	88	109	124	105	86	151	179	156	84	102	115	98	125	162	176	147	88	107	122	104	86	153	180	158	83	101	113	98	127	163	176	147	88	108	122	104	86	152	
1	7	27	65	141	188	216	229	245	227	213	197	135	74	31	10	1	6	25	64	143	189	217	230	246	227	214	197	137	73	30	9	1	5	24	62	144	190	217	231	246	227	214	198	137	73	30	9	1	5	24	62	144	190	218	231	243	226	212	195	132	76	33	12	1	7	27	66	140	188	215	229	242	225	212	195	131	77	34	13	1	8	28	66	139	187	215	228	244	226	213	196	134	75	32	11	1	6	26	64	142	189	216	230	246	227	214	198	137	73	30	9	1	5	24	62	144	190	217	231	247	228	215	198	139	72	28	8	1	4	23	61	145	191	218	232	245	226	213	197	135	74	31	10	1	6	26	64	142	189	217	230	243	225	212	195	131	77	34	12	1	8	28	66	139	187	215	228	244	226	213	196	133	75	32	11	1	6	26	65	142	188	216	229	243	226	213	196	133	76	33	11	
1	1	3	56	170	201	234	250	255	253	238	205	174	49	2	1	1	1	4	60	167	199	232	247	254	251	236	203	172	53	2	1	1	1	3	58	168	200	233	248	254	252	236	203	173	52	2	1	1	1	3	58	168	200	233	249	254	252	236	204	173	51	2	1	1	1	3	57	169	201	234	249	254	253	237	204	174	50	2	1	1	1	3	55	170	202	234	250	255	253	238	205	174	49	1	1	1	1	3	57	169	201	234	249	254	253	237	204	174	50	2	1	1	1	3	58	168	200	233	249	254	252	236	204	173	51	2	1	1	1	4	59	167	199	232	248	254	252	236	203	172	53	2	1	1	1	3	55	170	202	235	250	254	253	238	205	175	48	1	1	1	1	3	57	169	201	234	249	255	253	237	204	173	50	2	1	1	1	3	57	169	201	234	249	254	253	237	204	174	50	2	1	
1	18	42	78	93	194	208	221	242	224	211	186	89	68	36	14	1	22	46	81	96	191	206	218	239	222	209	183	91	71	40	17	1	21	45	80	95	192	206	219	240	223	210	184	91	70	38	16	1	20	44	80	94	192	207	219	240	223	210	185	91	69	38	15	1	19	43	79	93	193	207	220	241	224	211	185	90	68	37	15	1	18	42	78	93	194	208	221	242	224	211	186	89	67	36	14	1	19	43	79	94	193	207	220	241	224	211	185	90	68	37	15	1	20	44	80	94	193	207	219	240	223	210	185	90	69	38	15	1	21	46	81	95	192	206	219	239	222	209	184	91	70	39	16	1	18	41	78	92	194	208	221	242	225	211	186	89	67	35	13	1	19	43	79	94	193	207	220	241	224	210	185	90	69	37	15	1	19	43	79	94	193	207	220	241	224	211	185	90	69	37	15	
178	150	87	106	118	102	85	155	182	160	82	99	111	97	130	165	176	146	88	109	124	105	86	151	179	157	84	101	115	98	126	162	176	147	88	108	122	104	86	153	180	158	83	101	113	98	127	163	177	148	88	107	121	104	85	153	180	158	83	100	113	97	128	164	177	149	87	106	119	103	85	154	181	159	83	100	112	97	129	165	178	150	87	105	117	102	84	155	182	161	82	99	110	96	130	166	177	149	87	106	119	103	85	154	181	159	83	100	112	97	129	165	177	148	87	107	121	104	85	153	180	159	83	100	113	97	128	164	176	147	88	108	123	104	86	152	179	157	84	101	114	98	127	163	178	150	87	105	117	102	84	155	182	161	82	99	110	96	130	166	177	148	87	107	120	103	85	154	181	159	83	100	112	97	129	164	177	149	87	106	119	103	85	154	181	159	83	100	112	97	129	165	
246	227	214	198	137	73	30	9	1	5	24	62	144	190	217	231	243	226	212	195	132	76	34	12	1	7	28	66	140	187	215	229	244	226	213	196	133	75	32	11	1	6	26	65	141	188	216	229	244	226	213	196	134	75	32	11	1	6	26	64	142	189	216	230	245	227	214	197	136	74	31	10	1	5	25	63	143	190	217	230	246	227	214	198	137	73	30	9	1	5	24	62	144	190	217	231	245	227	214	197	135	74	31	10	1	5	25	63	143	189	217	230	244	226	213	196	134	75	32	10	1	6	26	64	142	189	216	230	243	226	212	196	132	76	33	12	1	7	27	65	141	188	216	229	246	228	214	198	138	72	29	8	1	5	23	61	144	190	218	231	245	227	213	197	135	74	31	10	1	6	25	63	143	189	217	230	245	227	214	197	135	74	31	10	1	5	25	63	143	189	217	230	
254	251	235	203	172	53	2	1	1	1	3	58	169	200	233	249	254	253	237	204	173	51	2	1	1	1	2	55	171	202	235	251	254	253	238	205	175	48	1	1	1	1	3	56	170	201	234	250	254	253	237	204	174	49	2	1	1	1	2	54	171	202	235	251	254	254	238	205	175	47	1	1	1	1	3	57	169	200	233	249	254	253	237	204	173	51	2	1	1	1	3	58	168	200	233	248	254	252	236	203	173	52	2	1	1	1	4	59	167	199	232	248	254	252	236	203	172	53	2	1	1	1	3	57	169	201	234	250	255	253	237	204	174	50	2	1	1	1	3	56	170	201	234	250	254	253	237	204	174	50	2	1	1	1	4	59	167	199	232	248	254	252	236	203	172	53	2	1	1	1	2	55	171	202	235	251	254	253	238	205	175	48	1	1	1	1	4	60	167	199	232	247	
239	222	209	183	92	71	40	17	1	20	44	80	94	193	207	220	240	223	210	185	90	69	38	15	1	18	41	78	92	195	208	221	242	225	211	187	89	67	35	13	1	19	42	79	93	194	208	220	241	224	211	186	89	68	36	14	1	17	41	77	92	195	209	221	242	225	212	187	89	67	34	13	1	20	44	79	94	193	207	220	240	223	210	185	90	69	37	15	1	21	45	80	95	192	206	219	240	223	210	184	91	70	38	16	1	22	46	81	95	192	206	219	239	222	209	184	91	71	39	17	1	19	43	79	93	193	207	220	241	224	211	185	90	68	37	14	1	19	43	79	93	194	207	220	241	224	211	186	90	68	36	14	1	21	46	81	95	192	206	219	239	222	209	184	91	71	39	17	1	18	41	78	92	194	208	221	242	225	211	186	89	67	35	13	1	22	46	81	96	191	206	218	
179	157	84	101	115	98	126	162	177	148	87	107	121	104	85	153	181	159	83	100	113	97	128	164	178	150	87	105	117	102	84	156	182	161	82	99	110	96	130	166	178	149	87	106	118	103	85	155	182	160	82	100	111	97	129	165	179	151	86	105	116	102	84	156	183	161	81	99	109	96	131	166	177	148	87	107	120	103	85	153	181	159	83	100	112	97	128	164	176	147	88	107	122	104	86	153	180	158	83	101	113	98	128	163	176	146	88	108	123	104	86	152	179	157	84	101	114	98	126	162	177	149	87	106	119	103	85	154	181	160	83	100	112	97	129	165	177	149	87	106	119	103	85	154	181	160	82	100	111	97	129	165	176	146	88	108	123	104	86	152	179	157	84	101	114	98	126	162	178	150	87	105	117	102	84	156	182	161	82	99	110	96	130	166	176	146	88	109	124	105	86	151	
1	7	28	66	140	187	215	228	244	226	213	196	134	74	32	10	1	6	26	64	142	189	216	230	246	228	215	198	138	72	29	8	1	4	23	61	145	191	218	231	245	227	214	197	136	73	30	9	1	5	24	63	144	190	217	231	247	228	215	198	139	72	29	8	1	4	23	61	145	191	218	232	244	226	213	197	135	74	31	10	1	6	26	64	142	189	217	230	244	226	213	196	134	75	32	11	1	6	26	65	142	188	216	229	243	226	212	196	132	76	33	12	1	7	27	66	140	188	215	229	245	227	214	197	136	74	31	10	1	5	25	63	143	190	217	230	245	227	214	197	136	73	30	9	1	5	25	63	143	190	217	230	243	226	212	196	132	76	33	12	1	7	27	65	140	188	216	229	246	228	214	198	138	72	29	8	1	5	23	61	145	190	218	231	243	225	212	195	132	77	34	12	
1	1	2	55	171	202	235	251	254	253	238	205	175	48	1	1	1	1	3	59	168	200	233	248	254	252	236	203	172	52	2	1	1	1	4	59	167	199	232	248	254	252	236	203	172	53	2	1	1	1	4	60	167	199	232	247	254	251	235	202	171	54	2	1	1	1	4	59	168	199	232	248	254	252	236	203	172	52	2	1	1	1	4	60	167	199	232	247	254	251	235	203	172	53	2	1	1	1	2	55	171	202	235	251	254	253	238	205	175	48	1	1	1	1	3	55	170	202	235	250	254	253	238	205	175	48	1	1	1	1	4	60	167	199	232	247	254	251	235	203	172	53	2	1	1	1	3	58	168	200	233	249	254	252	236	203	173	51	2	1	1	1	3	56	170	201	234	250	254	253	237	204	174	49	2	1	1	1	3	58	168	200	233	249	254	253	236	204	173	51	2	1	
1	17	41	77	92	195	208	221	242	225	212	187	89	67	35	13	1	21	45	80	95	192	206	219	240	223	210	184	91	70	39	16	1	21	46	81	95	192	206	219	239	222	209	184	91	71	39	16	1	22	47	81	96	191	206	218	239	222	209	183	92	71	40	17	1	21	45	80	95	192	206	219	240	222	210	184	91	70	39	16	1	22	46	81	96	191	206	218	239	222	209	183	91	71	40	17	1	17	41	78	92	195	208	221	242	225	212	187	89	67	35	13	1	18	42	78	93	194	208	221	242	225	211	186	89	67	35	13	1	22	47	81	96	191	206	218	239	222	209	183	92	71	40	17	1	20	44	80	94	192	207	219	240	223	210	185	91	70	38	16	1	19	43	79	93	194	208	220	241	224	211	186	90	68	36	14	1	20	44	80	94	193	207	219	240	223	210	185	90	69	38	15	
178	150	86	105	116	102	84	156	183	161	82	99	110	96	131	166	176	147	88	108	122	104	86	152	180	158	83	101	114	98	127	163	176	147	88	108	123	104	86	152	179	157	84	101	114	98	126	163	175	146	88	109	124	105	86	151	179	157	84	101	115	98	125	162	176	147	88	108	123	104	86	152	180	158	83	101	114	98	127	163	176	146	88	109	124	105	86	151	179	157	84	101	115	98	126	162	178	150	86	105	116	102	84	156	183	161	82	99	110	96	131	166	178	150	87	105	117	102	84	155	182	161	82	99	110	96	130	166	176	146	88	109	124	105	86	151	179	157	84	101	115	98	126	162	177	148	88	107	121	104	85	153	180	158	83	100	113	98	128	164	177	149	87	106	118	103	85	154	182	160	82	100	111	97	129	165	177	148	87	107	121	104	85	153	180	159	83	100	113	97	128	164	
247	228	215	198	138	72	29	8	1	4	23	61	145	191	218	231	244	226	213	196	133	75	33	11	1	7	27	65	141	188	216	229	243	226	212	196	132	76	33	12	1	7	27	65	141	188	216	229	243	225	212	195	132	77	34	12	1	7	28	66	140	187	215	228	243	226	213	196	133	76	33	11	1	7	27	65	141	188	216	229	243	226	212	195	132	76	34	12	1	7	28	66	140	187	215	229	247	228	215	198	138	72	29	8	1	4	23	61	145	191	218	231	246	227	214	198	138	72	29	9	1	5	24	62	144	190	218	231	243	225	212	195	132	77	34	12	1	7	28	66	140	187	215	228	244	226	213	196	134	75	32	11	1	6	26	64	142	189	216	230	245	227	214	197	136	73	30	9	1	5	24	63	143	190	217	231	244	226	213	196	134	75	32	10	1	6	26	64	142	189	216	230	
254	253	237	204	174	50	2	1	1	1	3	57	169	201	234	249	254	253	237	204	174	50	2	1	1	1	3	56	170	201	234	250	255	253	238	205	174	49	2	1	1	1	3	57	169	201	234	249	254	253	237	204	173	50	2	1	1	1	3	57	169	201	234	250	255	253	237	204	174	50	2	1	1	1	2	55	171	202	235	251	254	253	238	205	175	48	1	1	1	1	3	56	170	201	234	250	254	253	237	204	174	49	2	1	1	1	4	60	167	199	232	247	254	251	235	202	171	54	2	1	1	1	3	57	169	201	234	249	254	253	237	204	174	50	2	1	1	1	2	55	171	202	235	251	254	253	238	205	175	48	1	1	1	1	3	58	169	200	233	249	254	253	237	204	173	51	2	1	1	1	4	61	166	199	232	247	255	251	235	202	171	54	2	1	1	1	3	56	170	201	234	250	
241	224	211	186	90	68	36	14	1	19	43	79	94	193	207	220	241	224	211	185	90	69	37	15	1	18	42	78	93	194	208	221	242	224	211	186	89	68	36	14	1	19	43	79	94	193	207	220	241	224	211	185	90	69	37	15	1	19	43	79	93	193	207	220	241	224	211	185	90	68	37	14	1	18	41	78	92	194	208	221	242	225	211	186	89	67	35	13	1	19	43	79	93	194	208	220	241	224	211	186	90	68	36	14	1	22	47	81	96	191	206	218	239	222	209	183	92	71	40	17	1	19	43	79	94	193	207	220	241	224	211	185	90	69	37	15	1	18	41	78	92	195	208	221	242	225	212	187	89	67	35	13	1	20	44	79	94	193	207	220	240	223	210	185	90	69	37	15	1	23	47	81	96	191	205	218	239	222	209	183	92	72	40	17	1	19	43	79	93	194	207	220	
181	160	82	100	111	97	129	165	177	149	87	106	120	103	85	154	181	159	83	100	112	97	129	164	178	150	87	106	118	102	85	155	182	160	82	99	111	97	130	165	177	149	87	107	120	103	85	154	181	159	83	100	112	97	129	164	177	149	87	106	119	103	85	154	181	160	82	100	111	97	129	165	178	150	87	105	117	102	84	155	182	161	82	99	110	96	130	166	177	149	87	106	119	103	85	154	182	160	82	100	111	97	129	165	175	146	88	109	124	105	86	151	179	157	84	101	115	98	125	162	177	149	87	106	120	103	85	154	181	159	83	100	112	97	129	164	178	150	87	105	117	102	84	156	183	161	82	99	110	96	131	166	177	148	87	107	120	103	85	153	181	159	83	100	112	97	128	164	175	145	88	109	125	105	86	151	179	156	84	102	116	99	125	162	177	149	87	106	119	103	85	154	
1	5	25	63	143	190	217	230	245	227	213	197	135	74	31	10	1	5	25	63	143	189	217	230	246	227	214	198	137	73	30	9	1	5	24	62	144	190	217	231	245	227	213	197	135	74	31	10	1	6	25	63	143	189	217	230	245	227	214	197	136	74	31	9	1	5	25	63	143	190	217	230	246	228	214	198	138	72	29	8	1	5	23	61	145	190	218	231	245	227	214	197	136	73	30	9	1	5	24	63	143	190	217	231	243	225	212	195	131	77	34	12	1	7	28	66	139	187	215	228	245	227	213	197	135	74	31	10	1	6	25	63	143	189	217	230	246	228	215	198	138	72	29	8	1	4	23	61	145	191	218	231	244	226	213	197	135	74	31	10	1	6	26	64	142	189	217	230	242	225	212	195	131	77	34	13	1	8	28	66	139	187	215	228	245	227	214	197	136	73	30	9	
1	1	4	60	167	199	232	248	255	252	236	203	172	53	2	1	1	1	4	60	167	199	232	247	254	251	235	202	171	54	2	1	1	1	3	58	168	200	233	249	254	252	236	204	173	51	2	1	1	1	3	55	170	202	235	250	254	253	238	205	175	48	1	1	1	1	3	58	169	200	233	249	254	253	236	204	173	51	2	1	1	1	3	57	169	201	233	249	254	253	237	204	173	50	2	1	1	1	3	58	169	200	233	249	255	253	237	204	173	51	2	1	1	1	3	58	168	200	233	249	254	252	236	203	173	52	2	1	1	1	3	59	168	200	233	248	254	252	236	203	172	52	2	1	1	1	4	60	167	199	232	248	254	251	236	203	172	53	2	1	1	1	2	54	171	202	235	251	254	254	238	205	175	47	1	1	1	1	3	58	169	200	233	249	254	253	237	204	173	51	2	1	
1	22	46	81	95	192	206	219	239	222	209	184	91	71	39	17	1	22	47	81	96	191	205	218	239	222	209	183	92	71	40	17	1	20	44	80	94	193	207	219	240	223	210	185	91	69	38	15	1	18	41	78	92	194	208	221	242	225	211	186	89	67	35	13	1	20	44	80	94	193	207	220	240	223	210	185	90	69	38	15	1	20	44	79	94	193	207	220	241	223	210	185	90	69	37	15	1	20	44	80	94	193	207	220	240	223	210	185	90	69	37	15	1	20	45	80	95	192	207	219	240	223	210	184	91	70	38	16	1	21	45	80	95	192	206	219	240	223	210	184	91	70	39	16	1	22	46	81	96	191	206	218	239	222	209	184	91	71	40	17	1	17	41	77	92	195	209	221	242	225	212	187	89	67	35	13	1	20	44	79	94	193	207	220	240	223	210	185	90	69	37	15	
176	146	88	108	123	104	86	152	179	157	84	101	115	98	126	162	175	145	88	109	125	105	86	151	179	156	84	102	116	99	125	162	177	148	87	107	121	104	85	153	180	159	83	100	113	97	128	164	178	150	87	105	117	102	84	155	182	161	82	99	110	96	130	166	177	148	87	107	121	104	85	153	181	159	83	100	113	97	128	164	177	148	87	107	120	103	85	154	181	159	83	100	112	97	129	164	177	148	87	107	120	103	85	153	181	159	83	100	112	97	128	164	176	147	88	107	121	104	86	153	180	158	83	101	113	98	128	163	176	147	88	108	122	104	86	152	180	158	83	101	114	98	127	163	176	146	88	109	124	104	86	151	179	157	84	101	115	98	126	162	178	151	86	105	116	102	84	156	183	161	81	99	110	96	131	166	177	148	87	107	120	103	85	153	181	159	83	100	112	97	128	164	
243	226	212	195	132	76	33	12	1	7	27	66	140	188	215	229	243	225	212	195	131	77	34	12	1	8	28	66	139	187	215	228	244	226	213	196	134	75	32	11	1	6	26	64	142	189	216	230	246	228	214	198	138	72	29	8	1	5	23	62	144	190	218	231	244	226	213	196	134	75	32	10	1	6	26	64	142	189	216	230	245	227	213	197	135	74	31	10	1	6	25	64	143	189	217	230	244	226	213	197	135	74	31	10	1	6	26	64	142	189	216	230	244	226	213	196	134	75	32	11	1	6	26	65	142	189	216	229	244	226	213	196	133	75	33	11	1	6	27	65	141	188	216	229	243	226	212	195	132	76	34	12	1	7	28	66	140	188	215	229	247	228	215	198	139	72	29	8	1	4	23	61	145	191	218	232	244	226	213	197	135	74	31	10	1	6	26	64	142	189	217	230	
254	253	238	205	175	48	1	1	1	1	3	56	170	201	234	250	254	253	237	204	174	49	2	1	1	1	2	54	171	202	235	251	254	253	238	205	175	47	1	1	1	1	4	60	167	199	232	247	254	251	235	203	172	53	2	1	1	1	3	59	168	200	233	248	254	252	236	203	172	52	2	1	1	1	4	60	167	199	232	247	255	251	235	202	171	54	2	1	1	1	4	59	167	199	232	248	254	252	236	203	172	53	2	1	1	1	2	54	171	202	235	251	254	253	238	205	175	47	1	1	1	1	3	56	170	201	234	250	254	253	237	204	174	49	2	1	1	1	3	56	170	201	234	250	255	253	238	205	174	49	2	1	1	1	3	57	169	201	234	249	254	253	237	204	173	50	2	1	1	1	4	59	168	200	232	248	254	252	236	203	172	52	2	1	1	1	3	55	170	202	235	250	
242	225	211	186	89	67	35	13	1	19	42	79	93	194	208	220	241	224	211	186	89	68	36	14	1	17	41	77	92	195	209	221	242	225	212	187	89	67	35	13	1	22	46	81	96	191	206	218	239	222	209	183	91	71	40	17	1	21	45	80	95	192	206	219	240	223	210	184	91	70	38	16	1	22	47	81	96	191	205	218	239	222	209	183	92	71	40	17	1	21	46	81	95	192	206	219	239	222	209	184	91	71	39	16	1	17	41	77	92	195	209	221	242	225	212	187	89	67	35	13	1	19	42	79	93	194	208	220	241	224	211	186	89	68	36	14	1	18	42	78	93	194	208	221	242	224	211	186	89	68	36	14	1	19	43	79	94	193	207	220	241	224	211	185	90	69	37	15	1	21	45	80	95	192	206	219	240	222	210	184	91	70	39	16	1	18	42	78	92	194	208	221	
182	161	82	99	110	96	130	166	178	149	87	106	118	103	85	155	182	160	82	100	111	97	129	165	178	151	86	105	116	102	84	156	183	161	81	99	110	96	131	166	176	146	88	109	124	105	86	151	179	157	84	101	115	98	126	162	176	147	88	108	122	104	86	152	180	158	83	101	114	98	127	163	175	145	88	109	125	105	86	151	179	156	84	102	116	99	125	162	176	146	88	108	123	104	86	152	179	157	84	101	114	98	126	163	178	151	86	105	116	102	84	156	183	161	81	99	110	96	131	166	178	149	87	106	118	103	85	155	182	160	82	100	111	97	129	165	178	150	87	106	118	102	85	155	182	160	82	99	111	97	130	165	177	149	87	107	120	103	85	154	181	159	83	100	112	97	129	164	176	147	88	108	123	104	86	152	180	158	83	101	114	98	127	163	178	150	87	105	117	102	84	155	
1	5	24	62	144	190	218	231	245	227	214	197	136	73	30	9	1	5	24	62	144	190	217	231	247	228	215	198	139	72	29	8	1	4	23	61	145	191	218	231	243	226	212	195	132	76	34	12	1	7	28	66	140	187	215	228	244	226	213	196	133	75	32	11	1	6	27	65	141	188	216	229	243	225	212	195	131	77	34	12	1	8	28	66	139	187	215	228	243	226	212	196	132	76	33	12	1	7	27	65	140	188	216	229	247	228	215	198	139	72	29	8	1	4	23	61	145	191	218	232	245	227	214	197	136	73	30	9	1	5	24	62	144	190	217	231	246	227	214	198	137	73	30	9	1	5	24	62	144	190	217	231	245	227	213	197	135	74	31	10	1	6	25	63	143	189	217	230	243	226	213	196	133	76	33	11	1	7	27	65	141	188	216	229	246	227	214	198	138	72	29	9	
1	1	4	59	168	200	233	248	254	252	236	203	172	52	2	1	1	1	3	59	168	200	233	248	254	252	236	203	173	52	2	1	1	1	3	57	169	201	234	249	254	253	237	204	174	50	2	1	1	1	3	56	170	201	234	250	254	253	238	205	174	49	2	1	1	1	2	54	171	202	235	251	254	253	238	205	175	48	1	1	1	1	3	55	170	202	234	250	254	253	238	205	174	49	1	1	1	1	3	57	169	201	234	250	254	253	237	204	174	50	2	1	1	1	3	58	168	200	233	249	254	252	236	204	173	51	2	1	1	1	4	60	167	199	232	247	254	251	235	202	171	54	2	1	1	1	4	59	167	199	232	248	254	252	236	203	172	53	2	1	1	1	3	55	170	202	234	250	255	253	238	205	174	49	1	1	1	1	3	57	169	201	233	249	254	253	237	204	173	50	2	1	
1	21	45	80	95	192	206	219	240	223	210	184	91	70	39	16	1	21	45	80	95	192	206	219	240	223	210	184	91	70	38	16	1	19	43	79	94	193	207	220	241	224	211	185	90	69	37	15	1	18	42	78	93	194	208	221	242	224	211	186	89	68	36	14	1	17	41	77	92	195	209	221	242	225	212	187	89	67	35	13	1	18	42	78	93	194	208	221	242	224	211	186	89	67	36	14	1	19	43	79	93	193	207	220	241	224	211	185	90	68	37	14	1	20	44	80	94	192	207	219	240	223	210	185	91	69	38	15	1	22	47	81	96	191	205	218	239	222	209	183	92	71	40	17	1	21	46	81	95	192	206	219	239	222	209	184	91	70	39	16	1	18	42	78	93	194	208	221	242	224	211	186	89	67	36	14	1	20	44	79	94	193	207	220	241	223	210	185	90	69	37	15	
176	147	88	108	122	104	86	152	180	158	83	101	114	98	127	163	176	147	88	108	122	104	86	153	180	158	83	101	113	98	127	163	177	149	87	106	119	103	85	154	181	159	83	100	112	97	129	165	178	150	87	106	118	102	85	155	182	160	82	99	111	97	130	165	178	151	86	105	116	102	84	156	183	161	82	99	110	96	131	166	178	150	87	105	117	102	84	155	182	161	82	99	111	97	130	166	177	149	87	106	119	103	85	154	181	160	83	100	112	97	129	165	177	148	87	107	121	104	85	153	180	158	83	100	113	97	128	164	175	145	88	109	125	105	86	151	179	156	84	102	116	99	125	162	176	147	88	108	123	104	86	152	179	157	84	101	114	98	127	163	178	150	87	106	117	102	85	155	182	160	82	99	111	97	130	166	177	148	87	107	120	103	85	154	181	159	83	100	112	97	128	164	
244	226	213	196	133	76	33	11	1	7	27	65	141	188	216	229	244	226	213	196	133	75	32	11	1	6	27	65	141	188	216	229	245	227	214	197	135	74	31	10	1	5	25	63	143	189	217	230	246	227	214	198	137	73	30	9	1	5	24	62	144	190	217	231	247	228	215	198	138	72	29	8	1	4	23	61	145	191	218	231	246	227	214	198	137	73	30	9	1	5	24	62	144	190	217	231	245	227	214	197	136	74	31	10	1	5	25	63	143	190	217	230	244	226	213	196	134	75	32	11	1	6	26	64	142	189	216	230	243	225	212	195	131	77	34	12	1	8	28	66	139	187	215	228	243	226	212	196	133	76	33	12	1	7	27	65	141	188	216	229	246	227	214	198	137	73	30	9	1	5	24	62	144	190	217	231	245	227	213	197	135	74	31	10	1	6	25	64	143	189	217	230	
254	253	238	205	175	48	1	1	1	1	3	56	170	201	234	250	254	253	238	205	174	49	2	1	1	1	3	58	169	200	233	249	255	253	237	204	173	51	2	1	1	1	4	59	168	200	233	248	254	252	236	203	172	52	2	1	1	1	4	60	167	199	232	248	254	252	236	203	172	53	2	1	1	1	3	58	168	200	233	249	254	252	236	203	173	51	2	1	1	1	3	59	168	200	233	248	254	252	236	203	173	52	2	1	1	1	4	60	167	199	232	247	255	251	235	203	172	53	2	1	1	1	3	55	170	202	235	250	254	253	238	205	175	48	1	1	1	1	2	54	171	202	235	251	254	253	238	205	175	48	1	1	1	1	3	58	169	200	233	249	254	253	237	204	173	51	2	1	1	1	4	60	167	199	232	247	254	251	235	202	172	53	2	1	1	1	2	55	171	202	235	251	
242	225	212	187	89	67	35	13	1	18	42	78	93	194	208	221	241	224	211	186	89	68	36	14	1	20	44	79	94	193	207	220	240	223	210	185	90	69	37	15	1	21	45	80	95	192	206	219	240	223	210	184	91	70	39	16	1	22	46	81	95	191	206	219	239	222	209	184	91	71	39	17	1	20	45	80	95	192	207	219	240	223	210	184	91	70	38	16	1	21	45	80	95	192	206	219	240	223	210	184	91	70	38	16	1	22	47	81	96	191	206	218	239	222	209	183	92	71	40	17	1	18	42	78	93	194	208	221	242	225	211	186	89	67	35	13	1	17	41	77	92	195	208	221	242	225	212	187	89	67	35	13	1	20	44	80	94	193	207	220	240	223	210	185	90	69	38	15	1	22	47	81	96	191	206	218	239	222	209	183	92	71	40	17	1	17	41	78	92	195	208	221	
183	161	82	99	110	96	131	166	178	150	87	106	118	103	85	155	182	160	82	99	111	97	130	165	177	148	87	107	120	103	85	153	181	159	83	100	112	97	128	164	176	147	88	108	122	104	86	152	180	158	83	101	114	98	127	163	176	146	88	109	124	104	86	152	179	157	84	101	115	98	126	162	176	148	88	107	121	104	85	153	180	158	83	101	113	98	128	163	176	147	88	108	122	104	86	152	180	158	83	101	114	98	127	163	176	146	88	109	124	105	86	151	179	157	84	101	115	98	126	162	178	150	87	105	117	102	84	155	182	161	82	99	110	96	130	166	178	151	86	105	116	102	84	156	183	161	82	99	110	96	131	166	177	148	87	107	120	103	85	153	181	159	83	100	113	97	128	164	176	146	88	109	124	105	86	151	179	157	84	101	115	98	126	162	178	150	86	105	116	102	84	156	
1	4	23	61	145	191	218	231	246	227	214	198	137	73	30	9	1	5	24	62	144	190	217	231	244	226	213	197	135	74	31	10	1	6	26	64	142	189	216	230	244	226	213	196	133	76	33	11	1	7	27	65	141	188	216	229	243	226	212	195	132	76	33	12	1	7	28	66	140	188	215	229	244	226	213	196	134	75	32	11	1	6	26	64	142	189	216	229	244	226	213	196	133	75	32	11	1	6	27	65	141	188	216	229	243	225	212	195	132	77	34	12	1	7	28	66	140	187	215	228	246	227	214	198	137	73	29	9	1	5	24	62	144	190	218	231	247	228	215	198	138	72	29	8	1	4	23	61	145	191	218	231	244	226	213	197	134	74	32	10	1	6	26	64	142	189	216	230	243	225	212	195	132	77	34	12	1	7	28	66	140	187	215	228	247	228	215	198	138	72	29	8	
1	1	4	60	167	199	232	247	254	251	235	202	171	54	2	1	1	1	4	59	167	199	232	248	254	252	236	203	172	52	2	1	1	1	2	55	171	202	235	251	254	253	238	205	175	48	1	1	1	1	3	56	170	201	234	250	254	253	237	204	174	50	2	1	1	1	3	56	170	201	234	250	255	253	237	205	174	49	2	1	1	1	3	56	170	201	234	250	254	253	237	204	174	50	2	1	1	1	2	55	171	202	235	251	254	253	238	205	175	48	1	1	1	1	3	57	169	201	233	249	254	253	237	204	173	51	2	1	1	1	4	59	168	200	233	248	254	252	236	203	172	52	2	1	1	1	3	58	168	200	233	248	254	252	236	203	173	52	2	1	1	1	3	56	170	201	234	250	254	253	237	204	174	49	2	1	1	1	3	58	168	200	233	249	254	253	236	204	173	51	2	1	
1	22	47	81	96	191	206	218	239	222	209	183	92	71	40	17	1	21	46	81	95	192	206	219	239	222	210	184	91	70	39	16	1	18	41	78	92	195	208	221	242	225	211	187	89	67	35	13	1	19	43	79	93	194	207	220	241	224	211	186	90	68	36	14	1	18	42	78	93	194	208	221	241	224	211	186	89	68	36	14	1	19	43	79	93	194	207	220	241	224	211	186	90	68	36	14	1	17	41	78	92	195	208	221	242	225	212	187	89	67	35	13	1	20	44	79	94	193	207	220	241	223	210	185	90	69	37	15	1	21	45	80	95	192	206	219	240	223	210	184	91	70	39	16	1	21	45	80	95	192	206	219	240	223	210	184	91	70	38	16	1	19	43	79	93	194	207	220	241	224	211	186	90	68	36	14	1	20	44	80	94	193	207	219	240	223	210	185	90	69	38	15	
175	146	88	109	124	105	86	151	179	156	84	102	115	98	125	162	176	147	88	108	123	104	86	152	179	157	84	101	114	98	127	163	178	150	87	105	117	102	84	156	182	161	82	99	110	96	130	166	177	149	87	106	119	103	85	154	181	160	82	100	111	97	129	165	178	149	87	106	118	103	85	155	182	160	82	99	111	97	130	165	177	149	87	106	119	103	85	154	181	160	82	100	111	97	129	165	178	150	87	105	117	102	84	156	183	161	82	99	110	96	131	166	177	148	87	107	120	103	85	154	181	159	83	100	112	97	128	164	176	147	88	108	122	104	86	152	180	158	83	101	114	98	127	163	176	147	88	108	122	104	86	153	180	158	83	101	113	98	127	163	177	149	87	106	119	103	85	154	182	160	82	100	111	97	129	165	177	148	87	107	121	104	85	153	180	159	83	100	113	97	128	164	
243	225	212	195	131	77	34	12	1	8	28	66	139	187	215	228	243	226	212	196	133	76	33	11	1	7	27	65	141	188	216	229	246	228	215	198	138	72	29	8	1	4	23	61	145	191	218	231	245	227	214	197	136	73	30	9	1	5	25	63	143	190	217	230	246	227	214	197	137	73	30	9	1	5	24	62	144	190	217	231	245	227	214	197	136	73	30	9	1	5	25	63	143	190	217	230	246	228	215	198	138	72	29	8	1	4	23	61	145	191	218	231	245	227	213	197	135	74	31	10	1	6	25	64	143	189	217	230	244	226	213	196	133	76	33	11	1	7	27	65	141	188	216	229	244	226	213	196	133	75	32	11	1	6	27	65	141	188	216	229	245	227	214	197	136	73	30	9	1	5	25	63	143	190	217	230	244	226	213	196	134	75	32	10	1	6	26	64	142	189	216	230	
255	253	237	204	174	50	2	1	1	1	3	55	170	202	235	250	254	253	238	205	175	48	1	1	1	1	3	57	169	201	234	250	254	253	237	204	174	50	2	1	1	1	4	61	166	199	232	247	254	251	235	202	171	54	2	1	1	1	3	58	168	200	233	249	254	252	236	203	173	51	2	1	1	1	4	60	167	199	232	247	254	251	235	202	171	53	2	1	1	1	4	59	168	200	233	248	254	252	236	203	172	52	2	1	1	1	4	60	167	199	232	248	254	252	236	203	172	53	2	1	1	1	3	56	170	201	234	250	254	253	238	205	174	49	2	1	1	1	3	56	169	201	234	250	255	253	237	204	174	50	2	1	1	1	2	55	171	202	235	251	254	253	238	205	175	48	1	1	1	1	4	59	167	199	232	248	254	252	236	203	172	53	2	1	1	1	3	57	169	201	234	250	
241	224	211	185	90	68	37	14	1	18	41	78	92	194	208	221	242	225	211	186	89	67	35	13	1	19	43	79	93	193	207	220	241	224	211	185	90	68	37	14	1	23	47	81	96	191	205	218	239	222	209	183	92	72	40	17	1	20	45	80	95	192	207	219	240	223	210	184	91	70	38	16	1	22	47	81	96	191	206	218	239	222	209	183	92	71	40	17	1	21	45	80	95	192	206	219	240	223	210	184	91	70	39	16	1	22	46	81	95	191	206	219	239	222	209	184	91	71	39	17	1	18	42	78	93	194	208	221	241	224	211	186	89	68	36	14	1	19	43	79	93	194	207	220	241	224	211	186	90	68	36	14	1	18	41	78	92	194	208	221	242	225	211	186	89	67	35	13	1	21	46	81	95	192	206	219	239	222	209	184	91	71	39	16	1	19	43	79	93	193	207	220	
181	160	83	100	112	97	129	165	178	150	87	105	117	102	84	155	182	161	82	99	110	96	130	166	177	149	87	106	119	103	85	154	181	160	83	100	112	97	129	165	175	145	88	109	125	105	86	151	179	156	84	102	116	99	125	162	177	148	88	107	121	104	85	153	180	158	83	101	113	98	128	163	175	146	88	109	124	105	86	151	179	157	84	101	115	98	126	162	176	147	88	108	122	104	86	152	180	158	83	101	114	98	127	163	176	146	88	109	123	104	86	152	179	157	84	101	115	98	126	162	178	150	87	106	118	103	85	155	182	160	82	99	111	97	130	165	177	149	87	106	119	103	85	154	181	160	82	100	111	97	129	165	178	150	87	105	117	102	84	156	182	161	82	99	110	96	130	166	176	146	88	108	123	104	86	152	179	157	84	101	114	98	126	163	177	149	87	106	119	103	85	154	
1	5	25	63	143	190	217	230	246	227	214	198	138	72	29	9	1	5	24	62	144	190	218	231	245	227	214	197	136	74	31	10	1	5	25	63	143	190	217	230	242	225	212	195	131	77	34	13	1	8	28	66	139	187	215	228	244	226	213	196	134	75	32	11	1	6	26	64	142	189	216	229	243	225	212	195	132	77	34	12	1	7	28	66	140	187	215	228	244	226	213	196	133	76	33	11	1	7	27	65	141	188	216	229	243	226	212	195	132	76	33	12	1	7	28	66	140	188	215	229	246	227	214	198	137	73	30	9	1	5	24	62	144	190	217	231	245	227	214	197	136	73	30	9	1	5	25	63	143	190	217	230	246	228	214	198	138	72	29	8	1	5	23	61	145	190	218	231	243	226	212	196	132	76	33	12	1	7	27	65	140	188	216	229	245	227	214	197	136	74	31	10	
1	1	3	57	169	200	233	249	254	253	237	204	173	51	2	1	1	1	4	60	167	199	232	248	254	251	236	203	172	53	2	1	1	1	3	58	169	200	233	249	255	253	236	204	173	51	2	1	1	1	3	55	170	202	235	250	254	253	238	205	175	48	1	1	1	1	2	54	171	202	235	251	254	254	239	205	175	47	1	1	1	1	3	56	170	201	234	250	254	253	237	205	174	49	2	1	1	1	3	55	170	202	235	250	255	253	238	205	175	48	1	1	1	1	3	58	168	200	233	249	254	252	236	204	173	51	2	1	1	1	4	60	167	199	232	247	254	251	235	202	171	54	2	1	1	1	4	60	167	199	232	248	254	252	236	203	172	53	2	1	1	1	3	57	169	200	233	249	254	253	237	204	173	51	2	1	1	1	2	54	171	202	235	251	254	254	239	205	175	47	1	1	
1	20	44	79	94	193	207	220	240	223	210	185	90	69	37	15	1	22	46	81	96	191	206	218	239	222	209	184	91	71	40	17	1	20	44	80	94	193	207	220	240	223	210	185	90	69	38	15	1	18	42	78	93	194	208	221	242	225	211	186	89	67	35	13	1	17	40	77	92	195	209	222	242	225	212	187	88	66	34	13	1	18	42	78	93	194	208	221	241	224	211	186	89	68	36	14	1	18	42	78	92	194	208	221	242	225	211	186	89	67	35	13	1	20	44	80	94	193	207	219	240	223	210	185	90	69	38	15	1	22	47	81	96	191	206	218	239	222	209	183	92	71	40	17	1	22	46	81	95	191	206	219	239	222	209	184	91	71	39	17	1	20	44	79	94	193	207	220	241	223	210	185	90	69	37	15	1	17	40	77	92	195	209	222	242	225	212	187	88	66	34	13	
177	148	87	107	120	103	85	153	181	159	83	100	112	97	128	164	176	146	88	109	124	104	86	151	179	157	84	101	115	98	126	162	177	148	87	107	121	104	85	153	181	159	83	100	113	97	128	164	178	150	87	105	117	102	84	155	182	161	82	99	110	96	130	166	179	151	86	105	116	102	84	156	183	161	81	99	109	96	131	166	178	150	87	106	118	103	85	155	182	160	82	99	111	97	130	165	178	150	87	105	117	102	84	155	182	161	82	99	110	96	130	166	177	148	87	107	121	104	85	153	180	159	83	100	113	97	128	164	175	146	88	109	124	105	86	151	179	157	84	101	115	98	125	162	176	146	88	109	123	104	86	152	179	157	84	101	115	98	126	162	177	148	87	107	120	103	85	153	181	159	83	100	112	97	128	164	179	151	86	105	116	102	84	156	183	162	81	99	109	96	131	166	
244	226	213	197	135	74	31	10	1	6	26	64	142	189	217	230	243	226	212	195	132	76	34	12	1	7	28	66	140	188	215	229	244	226	213	196	134	75	32	10	1	6	26	64	142	189	216	230	246	227	214	198	137	72	29	9	1	5	24	62	144	190	218	231	247	228	215	198	139	72	28	8	1	4	23	61	145	191	218	232	246	227	214	197	137	73	30	9	1	5	24	62	144	190	217	231	246	227	214	198	138	72	29	9	1	5	24	62	144	190	218	231	244	226	213	196	134	75	32	11	1	6	26	64	142	189	216	230	243	225	212	195	131	77	34	12	1	7	28	66	140	187	215	228	243	226	212	195	132	76	33	12	1	7	28	66	140	188	215	229	245	227	213	197	135	74	31	10	1	6	26	64	142	189	217	230	247	228	215	199	139	72	28	8	1	4	23	61	145	191	218	232	
