128
128
248	219	62	19	2	30	174	231	248	220	61	10	1	29	173	242	235	218	65	6	23	32	178	243	255	223	67	23	8	34	179	240	253	224	68	22	12	34	182	239	234	224	66	13	23	33	178	253	247	223	66	13	7	33	179	245	252	224	68	8	15	34	182	254	238	225	68	8	15	34	181	252	241	224	64	14	6	31	177	235	240	222	61	11	17	29	173	241	252	219	68	18	13	34	182	239	235	224	66	11	15	33	179	253	246	224	67	18	8	34	179	248	238	224	65	23	12	33	178	236	245	223	61	2	13	29	173	251	
203	150	107	55	41	77	118	185	204	151	106	54	41	76	117	184	203	150	111	57	44	81	122	189	207	156	114	59	45	83	125	190	208	157	115	60	46	84	126	191	210	159	111	58	44	81	122	189	207	156	113	58	44	82	124	190	208	157	115	60	46	84	126	193	210	160	114	60	46	83	125	191	209	159	110	56	43	80	121	187	206	154	106	54	41	76	117	184	203	150	115	60	46	84	126	191	210	160	113	58	44	82	124	190	208	157	114	59	45	83	125	190	208	157	111	57	44	81	122	189	207	156	106	54	41	76	117	184	
37	99	143	197	214	132	91	51	39	102	145	200	216	135	92	52	39	103	147	201	217	136	87	49	37	98	141	196	213	131	85	47	36	95	139	194	211	128	89	49	37	99	143	196	213	132	86	48	36	96	140	195	212	129	85	47	35	95	139	193	211	128	87	48	37	98	141	196	213	131	84	46	34	94	137	193	210	126	91	51	39	102	145	199	215	135	90	50	38	101	144	199	214	133	85	47	35	95	137	193	210	128	89	49	37	99	143	197	214	132	86	48	37	96	140	195	212	129	87	49	37	98	141	196	213	131	89	49	
10	26	166	241	243	228	74	21	18	28	169	239	232	229	74	18	13	28	170	248	238	230	71	14	5	26	164	238	244	227	69	19	14	25	162	238	249	226	72	5	10	26	164	251	238	227	70	9	4	26	163	233	239	226	69	18	20	24	162	242	231	225	71	5	20	26	164	244	234	227	68	1	17	24	160	232	248	225	74	18	21	28	167	255	231	229	73	9	6	27	167	233	249	228	69	1	21	24	162	251	232	225	72	5	12	26	166	232	242	228	70	11	4	26	163	241	251	226	72	20	15	26	164	232	239	227	72	21	
5	31	177	236	254	222	66	7	13	33	179	246	255	224	67	20	8	34	181	252	232	224	64	19	10	31	176	232	250	221	61	9	2	30	173	232	243	219	64	16	20	31	176	242	231	221	62	16	19	30	174	243	251	220	61	10	1	29	173	249	240	218	63	11	18	31	176	249	240	221	60	10	23	29	172	241	252	218	66	12	7	33	179	244	238	223	65	14	20	32	177	237	242	222	61	11	17	29	172	245	240	218	64	20	17	31	177	237	250	222	62	16	19	31	174	232	244	220	64	5	10	31	176	254	243	221	64	18	
43	80	121	187	206	154	113	58	44	82	124	190	208	157	114	59	45	83	125	191	209	159	109	56	43	80	120	186	205	153	106	55	41	76	117	184	203	150	110	56	43	80	120	186	205	153	107	55	41	77	118	185	204	151	106	54	41	76	117	184	202	150	109	56	42	79	120	186	205	153	104	53	40	75	115	182	202	148	113	58	44	82	122	189	207	156	111	57	44	81	122	187	206	156	106	54	41	76	117	182	202	150	110	56	43	80	121	187	206	154	107	56	42	77	118	185	204	151	110	56	43	80	120	186	205	153	110	56	
216	135	94	53	40	104	148	202	218	137	89	50	38	99	143	197	214	132	85	48	36	95	139	194	211	128	90	50	38	101	144	199	215	133	92	52	39	103	147	201	216	136	85	47	35	95	137	193	210	128	90	50	38	101	144	197	214	133	92	52	39	103	147	201	217	136	91	51	39	101	144	199	215	133	86	48	37	98	140	195	212	129	86	48	36	96	139	194	211	129	87	49	37	98	141	196	213	131	91	51	39	102	145	199	215	133	86	48	36	96	139	194	211	129	94	53	40	103	147	201	217	136	92	52	39	102	145	200	
246	229	75	13	16	29	172	234	238	230	73	6	11	27	166	237	242	228	69	16	2	25	162	241	252	226	73	16	21	27	167	236	241	229	74	23	8	28	170	252	246	229	69	13	22	24	160	248	253	225	73	11	23	27	166	238	235	228	74	22	8	28	170	253	235	230	74	7	13	28	167	255	238	229	71	14	20	26	163	237	234	226	70	16	22	25	162	248	252	226	71	14	23	26	164	255	234	227	74	7	14	28	167	252	243	229	70	2	21	25	162	245	253	226	75	8	17	29	170	235	240	230	74	18	8	28	169	234	
252	224	68	8	23	34	182	251	243	225	65	22	14	32	177	235	249	222	61	21	12	30	173	236	246	219	65	6	13	33	178	248	254	223	67	18	13	34	181	239	235	224	61	1	9	29	172	239	236	218	65	6	14	32	177	246	255	222	67	16	13	34	181	244	237	224	66	21	16	33	178	246	232	223	63	9	4	31	174	243	251	220	62	10	2	30	173	241	235	219	64	5	10	31	176	244	238	221	66	10	19	33	178	235	238	223	62	9	14	30	173	239	236	219	68	13	22	34	181	252	247	224	67	23	13	34	179	238	
208	157	115	60	46	84	126	193	210	160	111	57	44	81	121	187	206	154	106	55	41	77	117	184	203	150	111	57	44	81	122	189	207	156	114	59	45	83	125	190	209	159	104	54	41	76	115	182	202	148	111	57	44	81	121	187	206	154	114	59	45	83	125	191	209	159	113	58	44	82	122	189	207	156	109	56	42	79	118	185	204	151	106	55	41	77	117	184	203	150	109	56	43	80	120	186	205	153	113	58	44	82	122	189	207	156	106	55	41	77	117	184	203	150	115	60	46	84	126	191	209	159	114	59	45	83	125	190	
37	96	140	195	212	129	84	46	34	94	137	193	210	126	87	48	37	98	140	196	212	131	94	53	40	104	148	201	217	137	87	48	37	98	140	195	212	131	90	50	38	101	144	197	214	133	92	52	39	103	147	201	216	136	87	48	37	98	141	196	213	131	86	48	36	96	140	195	212	129	89	49	37	99	143	197	213	132	92	52	39	103	147	201	217	136	94	53	40	104	148	202	217	137	86	48	36	96	139	194	211	129	89	49	37	99	143	196	213	132	90	50	38	101	144	199	215	133	85	47	35	95	137	193	210	128	86	48	
4	26	163	242	239	226	68	1	10	24	160	252	245	225	71	4	9	26	164	239	254	226	75	8	23	29	172	239	234	230	71	11	4	26	163	232	250	226	73	10	20	27	166	242	232	228	74	18	13	28	170	244	232	229	71	18	5	26	164	232	249	227	70	19	2	25	163	251	242	226	72	10	21	26	166	241	235	227	74	13	21	28	170	239	232	230	75	13	18	29	172	241	232	230	70	17	21	25	162	251	241	226	72	15	23	26	164	254	233	227	73	12	7	28	167	249	238	229	69	11	1	24	162	237	250	225	70	11	
21	31	174	249	232	220	60	17	20	29	172	232	241	218	63	19	17	31	174	233	243	220	68	13	18	34	182	252	243	224	63	21	16	31	174	237	243	220	65	6	16	32	177	255	248	222	67	21	8	34	181	252	241	224	64	21	9	31	176	239	243	221	62	14	10	30	174	233	239	219	64	5	18	31	176	248	253	222	67	8	17	34	181	246	254	224	68	8	20	34	182	252	247	225	62	13	2	30	173	247	236	219	64	5	11	31	176	248	241	221	65	18	21	33	178	242	232	223	61	20	14	29	172	232	243	218	62	14	
42	77	118	185	204	151	104	53	40	75	115	182	202	148	109	56	42	79	120	185	204	153	115	60	46	84	126	191	210	159	109	56	42	79	118	185	204	151	111	57	44	81	121	187	206	154	114	59	45	83	125	190	209	159	109	56	43	79	120	186	205	153	107	55	41	77	118	185	204	151	110	56	43	80	121	187	205	154	114	59	45	83	125	191	209	159	115	60	46	84	126	193	210	160	106	55	41	77	117	184	203	150	110	56	43	80	120	186	205	153	111	57	44	81	122	189	207	156	106	54	41	76	117	182	202	150	107	56	
215	133	90	50	38	101	144	199	215	133	92	52	39	102	145	200	216	135	89	50	38	99	143	197	214	132	85	47	35	95	137	193	210	128	94	53	40	104	148	201	217	137	87	48	37	98	141	196	213	131	85	47	36	95	139	194	211	128	90	50	38	101	144	199	215	133	94	53	40	103	147	201	217	136	85	47	35	95	139	194	211	128	89	49	38	99	143	197	214	132	91	51	39	101	144	199	215	133	94	53	40	104	148	201	217	136	84	46	35	94	137	193	210	126	89	49	37	99	143	197	213	132	91	51	39	102	145	199	
253	229	73	18	13	27	167	255	246	228	74	8	13	28	169	253	248	229	73	11	6	27	166	249	231	228	69	1	9	24	160	245	253	225	75	8	18	29	172	246	235	230	71	11	4	26	164	237	243	226	69	16	10	25	162	237	252	226	73	11	22	27	167	236	254	229	74	23	17	29	170	246	234	230	69	11	23	24	162	242	234	226	72	6	15	27	166	243	237	228	74	7	11	28	167	238	233	229	75	11	20	29	170	240	232	230	68	20	10	24	160	243	251	225	72	5	10	26	166	245	255	227	74	17	20	28	167	245	
234	223	65	6	10	32	178	238	235	223	67	15	23	34	179	236	238	224	65	21	16	32	177	242	237	222	61	14	20	29	172	234	239	218	68	13	22	34	182	252	239	224	63	23	17	31	176	234	250	220	61	20	2	30	173	234	248	219	65	6	17	33	178	241	247	223	68	8	13	34	181	252	237	224	61	1	14	29	173	249	238	219	65	11	22	32	177	249	235	222	66	17	23	33	178	242	254	223	68	8	18	34	181	252	244	224	60	16	1	29	172	237	234	218	64	16	19	31	176	235	241	222	66	7	9	33	178	241	
207	156	111	57	44	81	122	189	207	156	114	59	45	83	125	190	208	157	111	57	44	81	121	187	206	154	104	54	41	76	115	182	202	148	115	60	46	84	126	191	210	159	109	56	42	79	120	186	204	153	106	55	41	76	117	184	203	150	111	57	44	81	122	189	207	156	114	60	46	83	125	191	209	159	106	54	41	76	117	184	203	150	110	57	44	80	121	187	206	154	113	58	44	82	122	189	207	156	115	60	46	84	126	191	209	159	104	53	40	75	115	182	202	148	110	56	43	80	121	187	205	154	113	58	44	82	122	189	
36	95	139	194	211	128	87	48	37	98	140	195	212	131	85	47	36	95	139	194	211	128	92	51	39	102	145	200	216	135	89	49	37	99	143	197	214	132	85	48	36	95	139	194	211	128	90	50	38	101	144	199	214	133	94	53	40	104	148	202	218	137	85	47	35	95	139	193	210	128	90	50	38	101	144	199	215	133	87	48	37	98	141	196	213	131	84	46	34	94	137	193	210	126	87	48	37	98	141	196	213	131	90	50	39	101	144	199	215	133	91	51	39	102	145	200	216	135	86	48	36	96	140	195	212	129	85	48	
23	25	162	237	242	226	71	20	4	26	163	250	243	226	69	9	2	25	162	244	252	226	74	8	18	28	169	255	248	229	72	16	5	26	166	249	237	228	69	2	10	25	162	244	253	226	73	10	14	27	167	239	246	228	75	21	15	29	172	244	232	230	69	1	20	24	162	232	238	225	73	6	20	27	167	245	232	228	71	18	20	26	164	252	240	227	68	1	10	24	160	251	244	225	71	4	15	26	164	245	235	227	73	7	14	28	167	235	247	229	74	22	14	28	169	252	247	229	70	11	23	25	163	238	235	226	69	13	
18	30	173	252	247	219	63	16	12	31	174	240	232	220	61	19	14	29	173	234	239	219	67	10	23	34	179	242	235	224	64	21	11	31	177	242	232	222	61	20	15	30	173	231	238	219	65	6	21	32	177	235	254	222	68	13	8	34	182	252	238	225	61	10	14	29	172	249	243	218	65	11	16	32	178	255	241	223	63	10	4	31	176	244	232	221	60	19	14	29	172	238	231	218	63	13	21	31	176	249	237	221	66	12	23	33	178	239	255	223	66	11	7	33	179	239	236	224	62	2	14	30	174	251	248	219	61	2	
41	77	117	184	203	150	109	56	42	79	118	185	204	151	106	54	41	76	117	184	203	150	113	59	45	82	124	190	208	157	110	56	43	80	121	187	206	154	106	55	41	77	117	184	203	150	111	57	44	81	122	187	206	156	115	60	46	84	126	193	210	160	106	54	41	76	117	184	202	150	111	57	44	81	122	189	207	156	109	56	42	79	120	186	205	153	104	53	40	75	115	182	202	148	109	56	42	79	120	186	205	153	111	57	44	81	122	189	207	156	113	58	44	82	124	190	208	157	107	55	41	77	118	185	204	151	106	55	
216	135	92	52	39	103	147	201	217	136	89	49	37	99	143	197	214	132	87	48	37	98	141	196	213	131	86	48	37	96	140	195	212	129	91	51	39	102	145	200	216	135	94	53	40	103	147	201	217	136	86	48	37	98	140	195	212	129	89	49	37	99	143	196	213	132	86	48	36	96	140	195	212	129	91	51	39	102	145	200	216	135	94	53	40	103	147	201	217	136	90	50	38	101	144	197	214	133	85	47	35	95	139	194	211	128	87	48	37	98	141	196	213	131	94	53	40	104	148	202	218	137	92	52	39	102	145	200	
232	229	74	11	8	28	170	235	253	230	72	22	10	27	166	248	254	228	71	21	16	26	164	250	238	227	70	4	10	26	163	239	252	226	74	13	7	28	169	254	246	229	74	8	18	29	170	247	241	230	71	11	4	26	163	233	240	226	72	18	22	26	164	255	235	227	70	17	23	26	163	252	235	226	74	7	13	28	169	238	235	229	75	16	8	29	170	255	246	230	73	21	10	27	167	253	240	228	69	10	19	24	162	251	241	226	71	4	19	26	164	232	241	227	75	13	21	29	172	244	232	230	74	20	16	28	169	243	
238	224	67	15	21	34	181	239	243	224	64	17	6	31	177	236	241	222	63	12	4	31	176	246	232	221	62	13	18	30	174	233	244	220	66	21	18	33	179	235	240	224	68	13	21	34	181	252	234	224	63	17	23	31	174	242	249	220	64	5	11	31	176	246	241	221	62	9	4	30	174	244	240	220	66	18	22	33	179	247	253	224	68	23	13	34	181	236	241	224	65	17	6	32	177	243	234	222	61	1	16	29	173	243	232	219	63	9	17	31	176	244	251	221	68	8	18	34	182	254	241	225	67	8	10	34	179	254	
208	157	114	59	45	83	125	191	209	159	110	56	44	80	121	187	206	154	109	56	42	79	120	186	205	153	107	55	42	77	118	185	204	151	113	58	44	82	124	190	208	157	114	60	46	84	126	191	209	159	109	56	42	79	118	185	204	151	110	56	43	80	120	186	205	153	107	55	41	77	118	185	204	151	113	58	44	82	124	190	208	157	115	60	46	84	126	191	209	159	111	57	44	81	122	187	206	154	106	54	41	76	117	184	203	150	109	56	42	79	120	186	205	153	115	60	46	84	126	193	210	160	113	59	45	83	125	190	
37	99	143	197	214	132	85	47	35	95	139	193	210	128	94	53	40	104	148	201	217	137	92	52	39	103	147	201	216	136	85	47	35	95	139	193	211	128	87	48	37	98	141	196	213	131	84	46	34	94	137	193	210	126	94	53	40	103	147	201	217	136	92	52	39	103	147	200	216	135	89	49	37	99	143	197	213	132	85	48	36	96	139	194	211	128	87	49	37	98	141	196	213	131	94	53	40	104	148	202	217	137	89	49	37	99	143	197	214	132	85	47	36	95	139	194	211	128	87	48	37	98	141	196	213	131	89	49	
5	26	166	245	249	227	69	1	14	24	162	232	246	225	75	13	8	29	170	234	239	230	74	17	21	28	170	253	247	229	69	15	1	24	162	243	251	225	71	10	5	26	164	249	237	227	68	1	14	24	160	245	253	225	74	8	16	29	170	237	232	230	74	8	13	28	169	238	231	229	72	16	11	26	166	251	242	227	70	2	10	25	162	239	249	226	71	5	20	26	164	233	247	227	75	13	22	29	172	246	236	230	72	14	21	27	166	253	236	228	69	14	2	25	162	242	234	226	71	5	19	26	164	235	239	227	72	23	
12	31	177	240	234	222	61	10	20	29	172	238	252	218	68	23	18	34	182	243	253	224	67	8	11	34	181	242	237	224	61	23	9	29	173	234	238	218	64	16	23	31	176	243	233	221	60	9	20	29	172	238	232	218	68	13	20	34	181	252	244	224	67	18	21	34	179	248	254	224	64	21	5	31	176	237	232	221	62	14	20	30	173	232	243	219	64	11	14	31	176	238	252	221	68	8	18	34	182	255	239	225	64	6	11	31	177	248	238	222	61	23	12	30	173	249	237	219	63	11	14	31	176	250	246	221	64	18	
43	80	121	187	206	154	106	54	41	76	117	184	202	150	115	60	46	84	126	191	209	159	114	59	45	83	125	191	209	159	106	54	41	76	117	184	203	150	109	56	43	79	120	186	205	153	104	53	40	75	115	182	202	148	114	60	46	83	125	191	209	159	114	59	45	83	125	190	208	157	110	56	43	80	121	186	205	154	106	55	41	77	117	184	203	150	109	56	43	80	120	186	205	153	115	60	46	84	126	193	210	160	110	56	43	80	121	187	206	154	106	55	41	76	117	184	203	150	109	56	43	79	120	186	205	153	110	56	
210	126	91	51	39	102	145	200	216	135	90	50	38	101	144	199	215	133	84	46	35	94	137	193	210	126	90	50	38	101	144	197	214	133	86	48	36	96	140	195	212	129	90	50	38	101	144	199	215	133	90	50	38	101	144	197	214	133	85	47	36	95	139	194	211	128	90	50	38	101	144	199	214	133	94	53	40	104	148	202	217	137	91	51	39	101	144	199	215	133	86	48	36	96	140	195	212	129	91	51	39	102	145	199	215	133	92	52	39	103	147	201	217	136	90	50	38	101	144	199	215	133	84	46	35	94	137	193	
252	225	74	7	13	28	169	255	241	229	73	12	6	27	167	242	249	229	68	1	20	24	160	238	233	225	73	6	13	27	167	240	255	228	70	20	11	26	163	247	252	226	73	13	18	27	167	255	241	229	73	11	6	27	166	249	239	228	69	2	10	25	162	250	242	226	73	6	14	27	167	239	245	228	75	13	8	29	172	254	246	230	74	7	13	28	167	252	235	229	70	21	2	25	163	242	232	226	74	7	20	28	167	241	233	229	74	20	8	28	170	241	254	229	73	17	21	27	167	252	236	229	68	20	14	24	160	231	
243	218	66	17	22	33	179	247	235	224	65	21	16	32	178	231	237	223	60	9	14	29	172	250	244	218	65	20	18	32	177	231	248	222	62	17	4	30	174	239	232	220	65	6	21	33	178	248	235	223	65	17	23	32	177	243	235	222	61	21	15	29	173	237	234	219	65	11	19	32	177	233	252	222	68	20	18	34	182	241	235	224	66	18	22	33	178	245	241	223	62	17	11	30	174	249	237	219	66	13	15	33	178	252	245	223	67	16	13	34	181	231	243	224	65	10	6	32	178	245	241	223	60	1	9	29	172	237	
202	148	113	58	44	82	124	190	208	157	111	57	44	81	122	189	207	156	104	53	40	75	115	182	202	148	111	57	44	81	122	187	206	154	107	55	42	77	118	185	204	151	111	57	44	81	122	189	207	156	111	57	44	81	121	187	206	154	106	54	41	76	117	184	203	150	111	57	44	81	122	187	206	156	115	60	46	84	126	191	210	160	113	58	44	82	122	189	207	156	107	55	41	77	118	185	204	151	113	58	44	82	122	189	207	156	114	59	45	83	125	191	209	159	111	57	44	81	122	189	207	156	104	53	40	75	115	182	
37	98	140	196	212	131	86	48	36	96	140	195	212	129	89	49	37	99	143	197	214	132	86	48	36	96	140	195	212	129	89	49	37	99	143	197	214	132	92	52	39	103	147	200	216	136	86	48	36	96	140	195	212	129	87	48	37	98	141	196	213	131	87	48	37	98	141	196	213	131	84	46	35	94	137	193	210	126	87	48	37	98	141	196	213	131	85	47	35	95	139	193	211	128	89	49	37	99	143	196	213	132	85	47	35	95	137	193	210	128	87	48	37	98	141	196	213	131	94	53	40	104	148	201	217	136	87	48	
11	26	164	251	242	226	70	9	2	25	163	243	252	226	72	11	21	26	166	255	235	227	70	16	10	25	163	252	243	226	72	10	13	26	166	235	244	228	74	21	15	28	169	243	238	229	70	10	14	25	163	245	252	226	71	10	19	26	164	254	246	227	71	9	23	26	164	252	241	226	68	1	10	24	160	243	249	225	71	4	11	26	164	251	243	226	69	9	14	24	162	234	254	225	72	15	23	26	166	251	235	227	69	1	10	24	162	235	250	225	71	5	13	26	164	238	234	227	75	13	23	29	170	235	241	230	71	20	
4	31	174	238	232	220	62	19	14	30	174	234	239	219	64	5	18	31	177	248	241	222	62	22	2	30	174	235	238	220	64	5	19	31	177	238	253	222	67	8	11	34	181	252	233	224	62	2	20	30	174	238	231	219	64	5	14	31	176	233	240	221	63	4	17	31	176	244	236	220	60	22	16	29	172	235	238	218	63	23	15	31	176	237	232	220	61	1	20	29	173	238	244	218	64	10	5	31	176	243	240	221	61	17	21	29	172	239	243	218	63	22	18	31	176	247	252	221	68	8	16	34	181	255	248	224	63	15	
42	79	120	185	204	153	107	55	41	77	118	185	204	151	110	56	43	80	121	187	205	154	107	55	41	77	118	185	204	151	110	56	43	80	121	187	206	154	114	59	45	83	125	190	208	157	107	55	41	77	118	185	203	151	109	56	43	79	120	186	205	153	109	56	42	79	120	186	204	153	104	54	40	75	115	182	202	148	109	56	42	79	120	186	204	153	106	54	41	76	117	184	202	150	110	56	43	80	121	186	205	153	104	54	41	76	117	182	202	148	109	56	43	79	120	186	205	153	115	60	46	84	126	191	209	159	109	56	
214	132	91	51	39	101	144	199	215	133	92	52	39	103	147	201	216	136	91	51	39	102	145	200	216	135	94	53	40	103	147	201	217	136	85	47	35	95	137	193	210	128	89	49	37	99	143	196	213	132	91	51	39	102	145	200	216	135	92	52	39	103	147	200	216	136	90	50	38	101	144	199	215	133	91	51	39	102	145	200	216	135	90	50	38	101	144	199	215	133	91	51	39	102	145	200	216	135	92	53	39	103	147	201	217	136	91	51	39	102	145	200	216	135	86	48	36	96	140	195	212	129	89	49	37	99	143	197	
244	228	73	23	10	28	167	248	254	229	74	13	16	28	170	245	233	229	74	12	7	28	169	239	246	229	75	15	21	29	170	247	242	230	69	23	14	24	160	234	240	225	72	22	18	26	164	247	241	227	74	12	22	28	169	247	237	229	74	18	12	28	169	248	232	229	73	14	11	27	167	255	246	229	74	7	10	28	169	253	244	229	73	11	17	27	167	248	241	228	74	8	18	28	169	240	231	229	74	20	14	29	170	255	247	230	74	7	11	28	169	252	242	229	70	2	15	25	163	243	232	226	72	6	12	27	166	235	
253	222	66	17	7	33	178	236	241	223	67	8	22	34	181	252	238	224	66	20	14	33	179	232	254	224	68	8	12	34	181	252	236	224	61	1	10	29	172	250	245	218	64	5	12	31	176	254	235	221	66	7	16	33	179	252	241	224	67	22	8	34	181	253	238	224	65	20	6	33	178	233	239	223	66	14	19	33	179	231	240	224	65	6	21	32	178	255	235	223	67	13	22	34	179	247	252	224	67	11	8	34	181	238	233	224	66	14	19	33	179	232	237	224	62	11	20	30	174	249	239	219	64	18	21	31	177	240	
206	154	111	58	44	82	122	189	207	156	114	59	45	83	125	191	209	159	113	58	44	82	124	190	207	157	115	60	46	84	126	191	209	159	104	54	41	76	115	182	202	148	110	56	43	80	120	186	205	153	113	58	44	82	124	190	208	157	114	59	45	83	125	190	208	157	111	57	44	81	122	189	207	156	113	58	44	82	124	190	207	157	111	57	44	81	122	189	207	156	113	58	45	82	124	190	208	157	114	59	45	83	125	191	209	159	113	58	44	82	124	190	208	157	107	55	41	77	118	185	203	151	110	56	44	80	121	187	
36	96	139	194	211	129	85	47	35	95	139	193	210	128	87	48	37	98	140	195	212	131	85	47	35	95	139	193	211	128	91	51	39	101	144	199	215	133	92	52	39	103	147	201	217	136	94	53	40	104	148	202	218	137	85	47	35	95	139	193	211	128	86	48	36	96	140	195	211	129	86	48	37	98	140	195	212	129	85	47	36	95	139	194	211	128	87	48	37	98	140	195	212	131	86	48	36	96	140	195	212	129	86	48	37	96	140	195	212	129	90	50	38	101	144	197	214	133	91	51	39	102	145	199	215	135	86	48	
14	25	163	232	246	226	69	14	20	24	162	243	239	225	71	4	10	26	163	243	251	226	69	18	23	24	162	240	233	225	73	7	18	28	167	232	241	229	74	20	16	28	170	232	238	229	75	9	21	29	172	243	232	230	69	1	11	24	162	238	243	225	70	14	19	25	163	241	244	226	71	17	23	26	163	251	247	226	69	13	20	25	162	245	238	226	71	10	14	26	163	250	237	226	70	2	16	25	163	235	241	226	70	22	4	26	163	251	245	226	73	6	13	27	167	254	240	228	74	7	10	28	169	252	243	229	70	9	
19	30	173	238	251	219	61	12	1	29	172	250	232	218	63	15	21	31	174	235	241	220	61	1	9	29	173	249	243	218	66	13	20	33	178	255	246	223	67	13	8	34	181	252	243	224	68	13	18	34	182	251	239	225	61	20	15	29	173	232	250	218	62	10	2	30	173	235	252	219	63	10	4	31	174	241	236	220	61	2	16	30	173	252	233	219	63	4	19	31	174	243	232	220	62	10	20	30	174	244	249	219	62	18	13	31	174	241	236	220	65	23	16	32	177	244	235	222	66	14	20	33	179	238	234	223	62	2	
41	77	118	184	203	150	106	54	41	76	117	184	202	150	109	56	42	79	118	185	204	151	106	54	41	76	117	184	203	150	111	58	44	82	122	189	207	156	114	59	45	83	125	191	209	159	115	60	46	84	126	193	210	160	106	54	41	76	117	184	202	150	107	55	41	77	118	185	203	151	109	56	42	79	118	185	204	151	106	55	41	76	117	184	203	150	109	56	42	79	118	185	204	151	107	55	41	77	118	185	204	151	107	56	42	77	118	185	204	151	111	57	44	81	122	187	206	154	113	58	44	82	124	189	207	156	106	55	
213	131	90	50	38	101	144	199	215	133	92	53	39	103	147	201	217	136	91	51	39	101	144	199	215	133	86	48	36	96	140	195	212	129	87	48	37	98	141	196	213	131	85	48	36	95	139	194	211	128	90	50	38	101	144	197	214	133	91	51	39	102	145	199	215	135	92	52	39	103	147	201	217	136	94	53	40	104	148	202	218	137	92	52	39	103	147	200	216	136	91	51	39	102	145	199	215	135	89	50	38	99	143	197	214	132	92	52	39	102	145	200	216	135	85	47	35	95	139	193	210	128	87	48	37	98	141	196	
241	226	73	16	21	27	167	241	235	229	74	18	11	29	170	253	247	230	73	11	14	28	167	238	231	229	70	16	11	26	163	251	237	226	71	10	4	26	164	235	239	227	69	23	2	25	162	248	233	226	73	6	10	27	166	255	245	228	74	7	21	28	169	241	236	229	74	21	13	28	170	238	232	229	75	20	9	29	172	243	235	230	74	11	23	28	169	247	241	229	74	7	13	28	169	254	239	229	73	14	6	27	166	232	253	228	74	15	10	28	169	252	243	229	69	1	18	24	162	251	246	225	71	16	23	26	164	248	
236	220	65	6	10	32	178	243	255	223	67	23	8	34	181	240	234	224	66	7	18	33	178	255	248	223	62	20	4	30	174	242	235	220	63	23	17	31	176	243	249	221	61	18	10	30	173	242	238	219	65	20	14	32	177	235	240	222	66	13	18	33	179	247	254	223	67	15	8	34	181	246	253	224	68	16	13	34	182	254	239	225	67	8	16	34	181	253	236	224	66	18	23	33	179	246	235	223	65	19	9	32	177	238	243	222	67	20	8	34	179	231	239	224	61	10	21	29	172	241	235	218	63	4	11	31	176	254	
205	153	111	57	44	81	122	189	207	156	114	59	46	83	125	191	209	159	111	58	44	82	122	189	207	156	107	55	42	77	118	185	204	151	109	56	42	79	120	186	205	153	106	55	41	77	117	184	203	150	111	57	44	81	121	187	206	154	113	58	44	82	124	189	207	156	114	59	45	83	125	191	209	159	115	60	46	84	126	193	210	160	114	59	45	83	125	190	208	157	113	58	44	82	124	189	207	156	111	57	44	81	121	187	206	154	113	59	45	83	125	190	208	157	106	54	41	76	117	184	202	150	109	56	42	79	120	186	
39	103	147	201	217	136	89	49	37	99	143	197	214	132	86	48	36	96	139	194	211	129	89	49	37	99	143	197	214	132	92	52	39	103	147	201	217	136	90	50	38	101	144	197	214	133	87	48	37	98	141	196	213	131	86	48	36	96	140	195	212	129	87	48	37	98	141	196	213	131	90	50	38	101	144	197	214	133	89	49	37	99	143	197	214	132	87	48	37	98	141	196	213	131	84	46	34	94	137	193	210	126	86	48	36	96	139	194	211	129	89	49	37	99	143	196	213	132	92	52	39	103	147	200	216	136	92	52	
21	28	170	239	233	229	72	13	5	26	166	238	245	227	70	16	20	25	163	244	241	226	72	22	14	26	166	239	245	227	74	15	8	28	170	247	253	230	73	14	11	27	167	231	254	228	71	16	11	26	164	252	247	227	70	23	10	25	163	251	233	226	71	5	11	26	164	234	243	227	73	21	6	27	167	235	248	228	72	6	21	27	166	244	232	228	71	14	10	26	164	251	243	227	68	1	12	24	160	241	252	225	70	22	11	25	163	240	246	226	72	19	14	26	166	255	238	227	74	8	13	28	169	239	231	229	74	13	
15	34	181	252	247	224	64	19	14	31	177	231	249	222	62	2	12	30	173	251	237	219	64	5	10	31	177	235	253	222	67	21	13	34	181	232	238	224	65	21	6	32	177	237	246	222	63	21	4	31	176	235	241	220	62	17	2	30	174	243	237	220	64	16	23	31	176	240	250	221	65	18	11	32	177	239	242	222	64	12	18	31	177	250	239	222	64	20	5	31	176	238	231	221	60	15	21	29	172	236	248	218	62	14	2	30	173	235	250	219	64	5	12	31	176	247	233	221	67	15	20	34	181	253	244	224	67	8	
45	83	125	191	209	159	110	56	43	80	121	187	206	154	106	55	41	77	118	184	203	150	110	56	43	80	121	187	205	154	114	59	45	83	125	191	209	159	111	57	44	81	122	187	206	154	109	56	42	79	120	186	205	153	107	55	41	77	118	185	204	151	109	56	43	79	120	186	205	153	111	57	44	81	122	187	206	154	110	56	43	80	121	187	206	154	109	56	43	79	120	186	205	153	104	53	40	75	115	182	202	148	106	55	41	77	118	184	203	150	110	56	43	80	121	186	205	153	114	59	45	83	125	190	208	157	114	59	
214	132	86	48	36	96	140	195	212	129	91	51	39	102	145	199	215	135	94	53	40	104	148	201	217	137	90	50	38	101	144	199	215	133	85	47	35	95	139	194	211	128	94	53	40	104	148	201	217	137	92	52	39	103	147	200	216	136	94	53	40	104	148	201	217	136	85	47	35	95	137	193	210	128	86	48	36	96	140	195	212	129	85	47	35	95	139	194	211	128	92	53	39	103	147	201	217	136	91	50	39	101	144	199	215	133	94	53	40	103	147	201	217	136	86	48	36	96	139	195	211	129	89	49	37	99	143	197	
234	228	70	11	2	25	163	242	252	226	74	10	21	28	167	239	235	229	75	8	13	29	170	232	241	230	73	20	6	27	167	240	249	229	69	2	19	25	162	241	245	226	75	13	8	29	170	239	244	230	74	13	8	28	170	231	246	229	75	20	8	29	170	252	245	230	69	10	1	24	160	233	252	225	70	23	14	26	163	252	234	226	69	10	15	24	162	241	246	226	74	13	8	29	170	255	243	230	73	7	16	28	167	232	244	229	74	21	17	29	170	236	241	230	70	23	10	25	163	250	243	226	72	5	18	26	166	243	
240	222	62	17	20	30	174	236	241	220	66	7	18	33	179	254	243	223	68	23	18	34	182	252	246	224	65	16	12	32	178	233	243	223	61	9	14	29	173	234	252	219	68	20	17	34	182	233	253	224	67	18	21	34	181	238	254	224	68	15	13	34	181	239	232	224	61	20	14	29	172	237	244	218	62	10	4	30	174	243	237	220	61	1	22	29	173	235	252	219	67	21	18	34	181	240	234	224	66	10	19	33	178	241	254	223	68	8	13	34	181	252	243	224	62	18	2	30	173	240	235	219	64	11	21	31	177	250	
206	154	107	55	41	77	118	185	204	151	113	58	44	82	122	189	207	156	115	60	46	84	126	191	209	159	111	57	44	81	122	189	207	156	106	54	41	76	117	184	203	150	115	60	46	84	126	191	209	159	114	59	45	83	125	190	209	157	115	60	46	84	126	191	209	159	104	54	41	76	115	182	202	148	107	55	42	77	118	185	204	151	106	54	41	76	117	184	203	150	114	59	46	83	125	191	209	159	111	58	44	81	122	189	207	156	114	60	46	84	126	191	209	159	107	55	41	77	118	184	203	151	110	56	43	80	121	187	
34	94	137	193	210	126	94	53	40	104	148	201	217	137	87	48	37	98	141	196	213	131	84	47	35	94	137	193	210	126	86	48	37	96	140	195	212	129	87	49	37	99	143	196	213	131	84	46	35	94	137	193	210	126	89	49	37	99	143	197	214	132	90	50	38	101	144	199	215	133	91	51	39	102	145	200	216	135	92	53	39	103	147	201	217	136	90	50	38	101	144	199	215	133	86	48	36	96	140	195	212	129	87	48	37	98	141	196	213	131	91	51	39	101	144	199	215	133	91	50	39	101	144	199	215	133	84	46	
14	24	160	245	254	225	75	8	13	29	170	246	233	230	71	14	5	26	164	249	242	227	69	1	9	24	160	235	252	225	70	23	18	26	163	255	236	226	72	22	5	26	164	243	249	227	68	1	10	24	160	243	250	225	72	5	11	26	166	235	249	227	73	6	12	27	167	247	255	229	74	8	17	28	169	231	241	229	74	18	13	29	170	247	240	230	73	14	6	27	167	243	249	229	70	11	23	25	163	251	239	226	71	4	15	26	164	234	238	226	73	7	11	28	167	232	246	229	73	16	13	28	167	252	238	229	68	1	
22	29	172	238	235	218	68	15	23	34	182	251	238	224	64	21	11	31	176	232	237	221	60	15	21	29	172	239	243	218	62	4	11	31	174	248	241	220	64	16	11	31	176	235	238	221	60	23	14	29	172	237	234	218	64	16	22	31	177	240	242	222	65	21	18	32	178	235	241	223	66	13	20	34	179	247	253	224	67	20	8	34	181	255	232	224	65	19	10	32	178	233	238	223	62	2	14	30	174	247	236	219	63	11	22	31	176	249	243	220	66	21	16	33	178	237	254	223	66	21	7	33	178	245	233	223	60	9	
40	75	115	182	202	148	115	60	46	84	126	191	209	159	109	56	43	79	120	186	205	153	104	54	41	76	115	182	202	148	107	56	42	79	118	185	204	151	110	56	43	80	120	186	205	153	104	53	40	75	115	182	202	148	110	56	43	80	121	187	206	154	111	57	44	81	122	189	207	156	113	58	45	82	124	190	208	157	114	59	45	83	125	191	209	159	111	57	44	81	122	189	207	156	107	55	41	77	118	185	204	151	109	56	42	79	120	186	205	153	111	58	44	82	122	189	207	156	111	58	44	81	122	189	207	156	104	53	
216	136	89	49	38	99	143	197	214	132	85	47	35	95	139	194	211	128	91	51	39	102	145	200	216	135	91	51	39	102	145	199	215	135	91	51	39	102	145	200	216	135	92	52	39	103	147	201	217	136	91	51	39	102	145	199	215	135	85	47	36	95	139	194	211	128	87	48	37	98	141	196	213	131	90	50	38	101	144	199	214	133	86	48	37	96	140	195	212	129	89	49	37	99	143	197	214	132	91	51	39	102	145	200	216	135	84	47	35	94	137	193	210	126	87	48	37	98	141	196	213	131	92	52	39	103	147	201	
241	229	72	12	6	27	166	249	243	228	69	2	9	25	162	241	252	226	74	20	11	28	169	255	248	229	74	14	19	28	169	231	238	229	74	13	8	28	169	232	252	229	74	8	13	28	170	255	246	229	74	7	12	28	167	252	245	229	69	2	14	25	162	252	243	226	71	4	15	26	164	250	238	226	73	11	6	27	167	238	243	228	71	16	12	26	163	241	252	226	72	20	16	26	166	244	231	228	74	8	13	28	169	253	240	229	69	19	14	24	160	251	244	225	71	4	10	26	164	239	242	227	74	13	19	28	170	255	
232	224	65	18	20	31	177	240	231	222	61	16	19	29	173	234	244	219	66	16	8	34	179	240	233	224	66	7	11	33	179	253	245	223	66	18	20	34	179	239	245	224	67	21	17	34	181	232	241	224	66	20	18	33	179	239	232	223	61	10	19	29	173	233	238	219	63	9	23	31	176	243	235	220	65	22	16	32	177	235	249	222	62	23	4	31	174	236	246	220	64	5	13	31	177	254	241	222	67	18	20	34	179	245	232	224	60	9	1	29	172	234	239	218	63	20	14	31	176	234	251	220	67	8	16	34	181	248	
209	159	110	56	44	80	121	187	206	154	106	54	41	76	117	184	203	150	113	58	44	82	124	190	208	157	113	58	44	82	124	189	207	156	113	58	45	82	124	190	208	157	114	59	45	83	125	191	209	159	113	58	44	82	122	189	207	156	106	54	41	76	117	184	203	150	109	56	42	79	120	186	204	153	111	57	44	81	122	187	206	156	109	56	42	79	118	185	204	151	110	56	43	80	121	187	206	154	113	58	45	82	124	190	208	157	104	54	41	76	115	182	202	148	109	56	42	79	120	186	205	153	114	59	45	83	125	191	
37	99	143	196	213	132	92	52	39	102	145	200	216	135	89	49	37	99	143	197	214	132	86	48	36	96	139	195	211	129	87	49	37	99	143	196	213	131	85	48	36	95	139	194	211	128	87	48	37	98	140	196	212	131	86	48	36	96	140	195	212	129	89	49	37	99	143	197	214	132	85	47	36	95	139	194	211	128	89	49	37	99	143	197	213	132	94	53	40	104	148	202	218	137	85	47	35	95	139	194	211	128	89	49	38	99	143	197	214	132	91	51	39	102	145	200	216	135	85	48	36	95	139	194	211	128	89	49	
10	26	166	243	252	227	74	8	12	28	169	254	248	229	72	13	5	26	166	235	245	228	70	23	18	25	163	241	236	226	72	21	5	26	164	243	250	227	70	2	11	25	162	250	243	226	71	4	9	26	164	251	243	226	70	11	23	26	163	254	241	226	72	16	21	27	166	253	240	228	69	14	2	25	162	245	252	226	72	10	14	26	166	239	243	227	75	9	21	29	172	235	239	230	69	22	10	24	162	250	243	226	72	6	16	27	166	236	241	228	74	23	12	28	169	253	247	229	70	18	23	25	162	243	236	226	72	5	
14	31	176	238	235	221	67	15	21	34	179	239	236	224	64	22	14	31	177	239	250	222	62	13	2	30	173	251	244	219	64	15	10	31	176	237	235	221	61	14	20	30	173	233	238	219	63	19	14	31	174	235	238	220	62	4	15	30	174	247	236	220	64	6	11	31	177	248	232	222	61	19	10	29	173	232	239	219	64	5	19	31	176	231	253	221	68	13	16	34	182	252	243	225	61	14	1	29	173	238	235	219	65	11	21	32	177	248	255	222	66	17	7	34	179	235	241	224	61	11	2	30	173	250	239	219	64	21	
43	80	121	186	205	153	113	59	45	83	125	190	208	157	110	56	43	80	121	187	206	154	107	55	41	77	118	184	203	151	110	56	43	80	120	186	205	153	106	55	41	77	117	184	203	150	109	56	42	79	120	185	204	153	107	55	42	77	118	185	204	151	110	56	43	80	121	187	206	154	106	54	41	76	117	184	203	150	110	56	43	80	121	186	205	154	115	60	46	84	126	193	210	160	106	54	41	76	117	184	203	150	110	57	44	80	121	187	206	154	113	58	44	82	124	190	208	157	106	55	41	77	117	184	203	150	110	56	
217	137	86	48	36	96	139	195	211	129	87	48	37	98	140	196	212	131	92	52	39	103	147	201	217	136	92	52	39	103	147	200	216	136	94	53	40	104	148	201	217	136	90	50	38	101	144	199	215	133	91	51	39	102	145	200	216	135	92	53	40	103	147	201	217	136	91	51	39	102	145	200	215	135	92	53	39	103	147	201	217	136	84	47	35	94	137	193	210	126	91	51	39	102	145	200	215	135	92	52	39	103	147	201	216	136	86	48	36	96	140	195	212	129	89	49	37	99	143	196	213	132	94	53	40	104	148	202	
246	230	70	2	11	25	163	250	243	226	71	4	10	26	164	243	252	226	74	8	11	28	170	232	238	230	74	13	8	28	170	233	252	229	75	23	8	29	170	254	244	230	73	7	16	28	167	253	248	229	74	18	21	28	169	245	231	229	74	8	13	29	170	239	234	230	74	13	7	28	169	241	254	229	74	17	21	29	170	247	241	230	68	12	1	24	160	248	234	225	74	7	11	28	169	232	247	229	74	18	13	28	170	252	239	229	70	19	14	25	163	232	243	226	72	15	20	26	166	238	231	227	75	8	13	29	172	252	
241	224	62	23	18	30	173	240	233	219	63	14	19	31	174	232	241	220	67	20	18	34	181	242	254	224	67	22	18	34	181	240	247	224	68	17	12	34	181	241	235	224	65	10	23	33	178	236	241	223	66	13	7	33	179	253	240	224	68	20	18	34	181	252	244	224	66	21	18	33	179	236	246	223	67	8	13	34	181	252	236	224	60	18	21	29	172	242	239	218	66	23	17	33	179	241	255	223	67	21	8	34	181	245	233	224	62	2	10	30	174	238	251	219	64	5	10	31	176	244	254	221	68	21	16	34	182	234	
210	160	107	55	41	77	118	184	203	151	109	56	42	79	120	185	204	153	114	59	45	83	125	191	209	159	114	59	45	83	125	190	209	157	115	60	46	84	126	191	209	159	111	57	44	81	122	189	207	156	113	58	44	82	124	190	208	157	114	59	46	83	125	191	209	159	113	58	44	82	124	189	207	157	114	59	45	83	125	191	209	159	104	54	40	76	115	182	202	148	113	58	44	82	124	189	207	157	114	59	45	83	125	191	209	159	107	55	41	77	118	185	203	151	110	56	43	80	121	186	205	153	115	60	46	84	126	191	
38	101	144	197	214	132	91	51	39	102	145	200	215	135	85	47	35	95	139	193	211	128	87	48	37	98	141	196	213	131	85	47	35	95	137	193	210	128	87	49	37	99	143	196	213	131	85	47	35	95	139	193	211	128	87	48	37	98	141	196	213	131	84	46	35	94	137	193	210	126	87	48	37	98	140	195	212	131	90	50	38	101	144	199	214	133	89	50	38	99	143	197	214	132	87	48	37	98	141	196	213	131	89	49	37	99	143	197	214	132	92	53	39	103	147	201	217	136	91	51	39	102	145	200	215	135	89	50	
12	27	166	254	245	228	74	7	16	28	169	253	247	229	69	16	1	24	162	249	245	225	71	9	4	26	164	243	250	227	69	11	1	24	162	232	249	225	72	5	13	26	164	251	239	227	69	11	1	24	162	238	234	225	71	14	10	26	164	249	243	227	68	1	9	24	160	243	251	225	71	4	22	26	164	238	234	226	73	6	10	27	167	243	255	228	72	10	6	27	166	251	245	228	71	12	5	26	164	237	242	227	72	15	23	26	166	236	241	227	74	21	18	29	170	240	235	230	74	13	7	28	169	249	242	229	73	6	
15	32	177	232	237	222	66	12	21	33	179	241	236	224	61	23	11	29	173	235	238	218	63	20	14	31	176	232	237	221	61	16	20	29	172	238	243	218	64	21	18	31	176	246	231	221	61	15	21	29	173	243	251	218	63	23	5	31	176	235	237	221	60	22	14	29	172	233	238	218	63	11	15	31	174	249	243	220	65	23	16	32	177	238	233	223	65	14	19	32	177	232	238	222	63	20	14	31	176	234	250	221	64	5	12	31	177	254	247	222	67	13	8	34	181	252	246	224	66	20	14	33	179	233	239	224	65	20	
44	81	121	187	206	154	113	58	44	82	124	190	207	157	106	54	41	76	117	184	202	150	109	56	42	79	120	186	205	153	104	54	41	76	117	182	202	148	110	56	43	80	120	186	205	153	106	54	41	76	117	184	203	150	109	56	43	79	120	186	205	153	104	54	40	75	115	182	202	148	109	56	42	79	120	185	204	151	111	57	44	81	122	189	206	156	110	57	44	81	121	187	206	154	109	56	42	79	120	186	205	153	110	56	43	80	121	187	205	154	114	59	46	83	125	191	209	159	113	58	44	82	124	190	207	157	111	57	
212	129	84	47	35	94	137	193	210	126	89	49	38	99	143	197	214	132	91	51	39	102	145	200	215	135	90	50	38	101	144	199	215	133	91	51	39	102	145	200	216	135	86	48	37	96	140	195	212	129	92	53	40	103	147	201	217	136	92	52	39	103	147	201	216	136	89	49	37	99	143	197	214	132	85	47	35	95	139	194	211	128	86	48	37	96	140	195	212	129	86	48	36	96	140	195	211	129	92	53	40	103	147	201	217	136	90	50	38	101	144	199	214	133	85	47	35	95	139	194	211	128	86	48	37	96	140	195	
243	226	69	9	19	24	160	251	239	225	72	6	9	27	166	239	255	228	74	13	7	28	169	248	253	229	73	12	6	27	167	245	255	228	74	8	11	28	169	252	242	229	70	9	20	26	163	245	255	226	74	8	12	29	170	241	246	230	74	19	16	28	170	255	248	229	72	17	20	26	166	253	232	227	69	19	14	24	162	252	246	226	71	11	20	26	163	247	252	226	70	21	2	25	163	243	252	226	74	10	18	29	170	240	231	230	73	16	6	27	167	234	238	228	69	22	1	24	162	243	251	226	70	4	10	26	163	252	
240	220	60	1	14	29	172	243	233	218	65	14	19	31	177	231	244	222	66	21	17	33	179	235	241	224	65	23	16	32	178	239	235	223	66	23	14	34	179	234	237	224	62	4	14	31	174	240	233	220	68	16	20	34	181	232	252	224	67	8	11	34	181	232	241	224	64	5	10	31	177	245	240	222	61	1	9	29	173	231	239	219	62	4	15	31	174	241	236	220	62	15	10	30	173	235	241	219	68	8	20	34	181	252	243	224	65	20	10	32	177	242	249	223	61	16	11	29	173	235	241	218	62	23	18	31	174	235	
204	151	104	54	41	76	115	182	202	148	110	56	44	80	121	187	206	154	113	58	44	82	124	190	207	157	111	57	44	81	122	189	206	156	113	58	45	82	124	190	208	157	107	56	42	79	118	185	204	151	114	59	46	83	125	191	209	159	114	59	45	83	125	190	209	159	110	56	43	80	121	187	206	154	106	54	41	76	117	184	203	150	109	56	42	79	118	185	204	151	107	55	41	77	118	185	203	151	114	59	46	83	125	191	209	159	111	57	44	81	122	189	206	156	106	54	41	76	117	184	203	150	107	56	42	79	118	185	
39	102	145	200	216	135	87	48	37	98	141	196	213	131	86	48	36	96	139	195	211	129	86	48	37	96	140	195	212	129	85	48	36	96	139	194	211	128	89	49	37	99	143	197	214	132	90	50	38	101	144	199	215	133	86	48	36	96	140	195	212	129	90	50	38	101	144	199	215	133	91	51	39	102	145	200	216	135	92	52	39	103	147	201	217	136	91	51	39	102	145	200	216	135	89	49	38	99	143	197	214	132	84	46	34	94	137	193	210	126	87	48	37	98	141	196	212	131	90	50	38	101	144	199	214	133	92	52	
21	28	169	248	236	229	71	23	16	26	164	252	248	227	70	15	10	25	163	243	251	226	70	11	4	26	163	243	252	226	70	19	10	25	162	250	245	226	72	16	22	26	166	248	235	228	73	18	6	27	167	249	243	229	70	2	22	25	163	236	239	226	73	6	23	27	167	238	235	228	74	13	23	28	169	236	241	229	74	18	21	28	170	244	235	229	74	7	12	28	169	234	254	229	72	22	16	27	166	246	238	228	68	1	13	24	160	239	252	225	71	21	14	26	164	232	255	226	73	19	14	27	167	253	246	228	74	11	
16	34	179	255	241	224	63	10	4	31	176	241	236	220	62	21	2	30	173	233	238	219	62	20	14	31	174	231	239	220	62	14	2	30	173	232	241	219	64	5	12	31	177	253	241	222	65	23	11	32	178	239	235	223	62	10	14	30	174	250	244	220	65	13	18	32	178	252	247	223	66	8	16	34	179	255	248	224	67	13	8	34	181	253	240	224	66	18	23	34	179	240	247	224	65	13	6	32	177	249	235	222	60	14	22	29	172	235	246	218	63	4	11	31	174	239	244	220	65	6	9	32	177	232	238	223	67	8	
45	83	125	190	208	157	109	56	42	79	120	186	205	153	107	55	41	77	118	184	203	151	107	56	42	79	118	185	204	151	106	55	41	77	117	184	203	150	110	56	43	80	121	187	206	154	111	57	44	81	122	189	207	156	107	55	41	77	118	185	204	151	111	57	44	81	122	189	206	156	113	58	45	82	124	190	208	157	114	59	45	83	125	191	209	159	113	58	44	82	124	190	208	157	110	57	44	80	121	187	206	154	104	53	40	75	115	182	202	148	109	56	42	79	120	186	204	153	111	57	44	81	122	189	206	156	113	59	
211	129	90	50	38	101	144	199	215	133	92	52	39	103	147	200	216	136	94	53	40	103	147	201	217	136	92	51	39	102	145	200	216	135	94	53	40	103	147	201	217	136	84	47	35	94	137	193	210	126	89	49	37	99	143	197	213	132	85	47	35	95	139	193	211	128	86	48	36	96	140	195	212	129	89	50	38	99	143	197	214	132	87	48	37	98	141	196	213	131	85	47	35	95	139	194	211	128	91	51	39	102	145	200	215	135	92	52	39	102	145	200	216	135	91	51	39	102	145	200	216	135	86	48	36	96	139	194	
234	226	73	6	13	27	167	232	239	228	74	20	12	28	170	240	247	229	74	13	8	29	170	245	253	230	74	8	22	28	169	236	247	229	75	18	20	29	170	239	232	230	68	19	10	24	160	238	252	225	72	16	20	26	166	254	232	227	69	21	9	24	162	252	231	225	70	14	20	25	163	243	232	226	72	11	6	27	166	237	234	228	71	14	10	26	164	251	243	227	69	1	9	24	162	232	239	226	74	20	11	28	169	255	243	229	74	8	16	28	169	234	241	229	74	23	17	28	169	236	241	229	70	21	18	25	162	244	
239	219	65	18	20	32	178	246	253	223	67	18	8	34	181	234	254	224	68	23	18	34	181	235	241	224	67	10	18	34	179	241	254	224	68	8	11	34	181	252	243	224	60	14	1	29	172	231	245	218	64	5	13	31	176	247	241	221	61	16	1	29	173	243	238	218	62	11	2	30	174	250	239	219	65	21	17	32	177	243	250	222	63	22	5	31	176	238	231	221	61	14	19	29	173	242	252	218	66	18	7	33	179	241	232	223	67	10	19	34	179	253	245	224	66	7	13	34	179	252	248	224	62	2	12	30	173	250	
203	150	111	57	44	81	122	189	206	156	114	59	45	83	125	190	209	157	114	60	46	84	126	191	209	159	113	59	45	82	124	190	208	157	115	60	46	84	126	191	209	159	104	54	40	76	115	182	202	148	110	56	43	80	121	186	205	154	106	54	41	76	117	184	203	150	107	55	41	77	118	185	204	151	110	57	44	81	121	187	206	154	109	56	42	79	120	186	205	153	106	54	41	76	117	184	203	150	113	58	44	82	124	189	207	157	114	59	45	83	125	190	208	157	113	58	44	82	124	190	208	157	106	55	41	77	117	184	
37	98	141	196	213	131	85	47	35	95	139	194	211	128	89	49	37	99	143	197	214	132	84	46	35	94	137	193	210	126	87	48	37	98	141	196	213	131	90	50	38	101	144	199	215	133	92	52	39	103	147	201	217	136	91	51	39	102	145	200	215	135	91	51	39	102	145	200	216	135	87	48	37	98	141	196	213	131	84	46	35	94	137	193	210	126	89	49	38	99	143	197	214	132	86	48	36	96	140	195	212	129	87	48	37	98	141	196	213	131	85	48	36	96	139	194	211	128	89	49	37	99	143	197	214	132	87	49	
10	26	164	252	243	227	69	11	2	25	162	235	243	226	72	14	5	26	166	242	249	228	68	1	16	24	160	250	232	225	71	4	21	26	164	237	235	227	73	7	17	28	167	236	247	229	74	12	22	28	170	239	235	230	74	11	7	28	169	234	248	229	74	18	21	28	169	241	235	229	71	19	14	26	164	245	252	227	68	14	19	24	160	241	246	225	72	17	20	27	166	255	248	228	70	16	10	25	163	235	244	226	71	14	23	26	164	250	239	226	70	2	20	25	162	232	238	226	72	20	14	26	166	233	237	228	71	15	
5	31	176	238	235	221	61	22	14	29	173	238	250	219	64	21	11	31	177	232	237	222	60	12	19	29	172	246	238	218	63	11	14	31	176	249	245	221	65	13	23	33	178	241	255	223	67	8	18	34	181	252	242	224	66	20	17	33	179	239	255	223	67	13	8	34	179	245	254	224	64	10	5	31	176	233	238	221	60	1	9	29	172	232	252	218	65	11	6	32	177	241	236	222	62	23	2	30	174	237	251	220	63	4	13	31	176	247	236	220	62	11	15	30	173	251	243	219	64	5	10	31	177	254	243	222	64	23	
43	80	120	186	205	153	106	54	41	76	117	184	203	150	110	56	43	80	121	187	206	154	104	54	40	75	115	182	202	148	109	56	42	79	120	186	205	153	111	57	44	81	122	189	207	156	114	59	45	83	125	191	209	159	113	58	44	82	124	189	207	157	113	58	45	82	124	190	208	157	109	56	43	79	120	186	205	153	104	54	40	75	115	182	202	148	110	57	44	80	121	187	206	154	107	55	41	77	118	185	204	151	109	56	42	79	120	186	205	153	106	55	41	77	117	184	203	150	110	56	43	80	121	187	206	154	109	56	
216	135	92	53	40	103	147	201	217	136	86	48	37	96	140	195	212	129	89	50	38	101	144	197	214	132	90	50	39	101	144	199	215	133	85	47	35	95	139	194	211	128	87	48	37	98	140	196	212	131	86	48	36	96	140	195	212	129	87	48	37	98	140	195	212	131	89	49	37	99	143	197	214	132	92	52	39	103	147	201	217	136	91	51	39	102	145	199	215	135	91	51	39	102	145	200	216	135	92	53	39	103	147	201	217	136	90	50	38	101	144	199	215	133	92	53	39	103	147	201	217	136	91	51	39	102	145	200	
247	229	74	16	8	29	170	245	254	230	71	18	9	26	163	241	252	226	73	16	22	27	166	255	239	228	73	7	23	28	167	253	233	229	69	20	16	25	162	251	238	226	71	4	20	26	164	243	232	226	70	9	4	26	163	245	251	226	71	14	23	26	164	237	233	226	72	11	22	27	166	236	241	228	74	23	17	28	170	241	236	230	74	23	13	28	167	238	235	229	74	14	12	28	169	239	246	229	74	15	21	29	170	241	231	230	73	18	21	28	167	254	235	229	74	8	18	29	170	235	241	230	74	21	12	28	169	240	
252	224	68	19	13	34	181	232	241	224	62	20	4	31	174	233	244	220	65	6	10	32	177	243	236	222	66	9	15	33	178	244	241	223	61	2	9	29	173	243	231	219	63	10	14	31	174	249	238	220	62	21	15	30	174	235	238	220	63	10	4	31	174	243	250	220	64	6	16	31	177	247	252	222	67	8	12	34	181	255	248	224	66	16	7	33	179	245	252	223	66	21	8	34	179	232	254	224	67	8	10	34	181	253	242	224	65	7	10	33	178	244	240	223	67	13	22	34	181	252	246	224	66	16	7	33	179	231	
208	157	114	59	46	83	125	191	209	159	109	56	42	79	118	185	204	151	111	57	44	81	121	187	206	154	111	57	44	81	122	189	207	156	106	54	41	76	117	184	203	150	109	56	42	79	120	185	204	153	107	55	41	77	118	185	204	151	109	56	42	79	120	185	204	151	110	56	44	80	121	187	206	154	114	59	45	83	125	191	209	159	113	58	44	82	122	189	207	156	113	58	44	82	124	190	208	157	114	59	46	83	125	191	209	159	111	57	44	81	122	189	207	156	114	59	45	83	125	191	209	159	113	58	44	82	124	190	
36	96	140	195	212	129	89	50	38	101	144	197	214	132	94	53	40	104	148	201	217	137	86	48	36	96	140	195	211	129	89	49	37	99	143	197	213	132	89	49	38	99	143	197	214	132	85	48	36	95	139	194	211	128	90	50	38	101	144	199	215	133	94	53	40	104	148	202	218	137	85	48	36	95	139	194	211	128	87	48	37	98	141	196	213	131	85	47	35	95	139	194	211	128	87	48	37	98	141	196	213	131	85	47	35	95	137	193	210	128	87	49	37	98	141	196	213	131	84	47	35	94	137	193	210	126	86	48	
2	25	163	239	249	226	73	6	11	27	166	238	248	228	75	13	20	29	172	239	232	230	70	13	21	25	163	251	231	226	72	11	18	26	166	235	239	227	72	23	18	27	166	253	235	228	69	16	11	25	162	248	253	226	73	12	18	27	167	241	231	228	75	13	20	29	172	244	232	230	70	10	15	25	162	231	238	226	71	21	4	26	164	232	242	226	69	20	10	24	162	241	243	226	71	18	20	26	164	240	234	227	69	20	16	24	162	238	233	225	71	16	5	26	164	249	238	227	68	1	9	24	160	234	243	225	70	22	
10	30	174	236	242	219	65	23	16	32	177	235	253	222	68	8	15	34	182	252	247	224	62	2	18	30	173	248	240	219	64	5	20	31	176	254	248	222	65	11	6	31	177	247	241	222	61	23	2	30	173	233	240	219	65	6	21	32	178	247	253	223	68	9	17	34	182	252	239	225	61	2	20	30	173	249	243	219	63	18	11	31	176	239	251	220	61	18	1	29	173	233	250	219	63	5	11	31	176	249	246	221	61	1	12	29	172	251	247	218	64	20	12	31	176	242	232	221	60	14	19	29	172	239	251	218	62	14	
41	77	118	185	203	151	111	57	44	81	121	187	206	154	115	60	46	84	126	191	210	159	107	55	41	77	118	185	203	151	110	56	43	80	121	187	205	154	110	56	44	80	121	187	206	154	106	55	41	77	117	184	203	150	111	57	44	81	122	189	206	156	115	60	46	84	126	193	210	160	106	55	41	77	117	184	203	150	109	56	42	79	120	186	205	153	106	54	41	76	117	184	203	150	109	56	43	79	120	186	205	153	106	54	41	76	117	182	202	150	109	56	43	80	120	186	205	153	104	54	40	76	115	182	202	148	107	55	
214	133	92	51	39	102	145	200	216	135	85	47	35	95	137	193	210	128	91	51	39	102	145	200	216	135	92	52	39	103	147	201	217	136	94	53	40	103	147	201	217	136	92	52	39	103	147	201	216	136	94	53	40	103	147	201	217	136	84	47	35	95	137	193	210	126	91	51	39	102	145	200	215	135	90	50	38	101	144	199	215	133	92	52	39	103	147	200	216	135	94	53	40	104	148	202	218	137	92	52	39	103	147	200	216	136	86	48	36	96	140	195	212	129	89	49	38	99	143	197	214	132	90	50	38	101	144	199	
254	228	74	18	8	28	169	252	244	229	69	1	21	24	162	242	235	225	74	7	11	28	169	242	234	229	74	8	12	28	170	245	238	229	74	8	13	29	170	232	237	230	74	16	8	28	170	239	245	229	74	20	15	29	170	243	237	230	69	11	1	24	160	242	235	225	74	7	13	28	169	246	240	229	73	14	7	28	167	234	253	229	74	15	13	28	169	235	247	229	75	23	16	29	172	237	235	230	74	8	13	28	170	235	239	229	70	23	9	25	163	239	252	226	72	16	23	27	166	255	248	228	73	11	17	27	167	232	
247	223	67	21	12	34	179	232	239	224	61	11	18	29	172	249	240	218	66	23	18	33	179	254	237	224	67	16	23	34	181	252	235	224	68	17	21	34	181	244	252	224	67	21	12	34	181	232	254	224	68	10	8	34	181	252	234	224	61	16	21	29	172	248	238	218	66	23	18	33	179	254	235	224	65	23	10	33	178	237	245	223	67	22	8	34	179	238	255	224	68	13	9	34	182	252	244	225	67	18	22	34	181	255	243	224	62	14	2	30	174	235	243	220	65	10	6	31	177	241	236	222	65	6	20	32	177	241	
206	156	113	59	45	82	124	190	208	157	104	54	41	76	117	182	202	148	113	58	44	82	124	190	207	157	114	59	45	83	125	191	209	159	114	60	46	84	126	191	209	159	114	59	45	83	125	190	209	159	114	60	46	83	125	191	209	159	104	54	41	76	115	182	202	148	113	58	44	82	124	190	207	157	111	57	44	81	122	189	207	156	114	59	45	83	125	190	208	157	115	60	46	84	126	193	210	160	114	59	45	83	125	190	209	157	107	55	41	77	118	185	204	151	110	56	44	80	121	187	206	154	111	57	44	81	122	189	
35	95	139	194	211	128	89	49	37	99	143	197	213	132	87	48	37	98	141	196	213	131	85	47	35	95	137	193	210	128	87	48	37	98	140	195	212	131	84	47	35	95	137	193	210	126	87	48	37	98	141	196	213	131	89	49	37	99	143	197	214	132	86	48	37	98	140	195	212	129	87	49	37	99	143	196	213	131	86	48	36	96	140	195	212	129	89	50	38	99	143	197	214	132	86	48	37	96	140	195	212	129	89	49	37	99	143	197	214	132	91	51	39	102	145	199	215	133	94	53	40	104	148	202	217	137	85	47	
2	25	162	238	250	226	72	20	14	26	166	255	233	227	71	10	4	26	164	251	244	227	69	14	10	24	162	249	243	225	71	14	4	26	164	249	242	226	69	1	9	24	160	239	250	225	71	5	18	26	164	235	240	227	72	23	5	26	166	245	255	228	71	14	10	26	163	251	243	226	72	5	11	26	164	241	252	227	70	19	2	25	163	240	243	226	72	20	6	27	166	232	239	228	70	12	4	26	163	250	242	226	72	10	16	26	166	232	248	228	74	18	21	28	167	239	232	229	75	18	8	29	172	244	238	230	69	11	
16	29	173	234	243	219	64	5	10	31	176	244	238	221	63	20	16	31	176	231	238	221	61	20	1	29	172	239	232	218	63	19	10	31	174	238	233	220	61	15	20	29	172	233	243	218	64	13	21	31	176	246	249	221	64	17	12	31	177	239	233	222	63	19	4	31	174	232	237	220	64	16	20	31	176	232	248	221	62	16	10	30	174	232	250	220	65	14	11	32	177	242	249	222	62	21	15	30	174	238	232	220	64	5	20	31	177	241	254	222	66	7	13	33	178	246	252	223	68	21	13	34	182	252	235	225	61	23	
41	76	117	184	203	150	110	56	43	80	121	186	205	154	109	56	42	79	120	186	205	153	104	54	41	76	117	182	202	148	109	56	42	79	120	185	204	151	104	54	41	76	115	182	202	148	109	56	43	79	120	186	205	153	110	56	43	80	121	187	206	154	109	56	42	79	118	185	204	151	110	56	43	80	120	186	205	153	107	55	41	77	118	185	204	151	110	57	44	81	121	187	206	154	107	55	42	77	118	185	204	151	110	56	43	80	121	187	206	154	113	58	44	82	122	189	207	156	115	60	46	84	126	193	210	160	106	54	
213	131	92	52	39	103	147	201	217	136	92	52	39	103	147	200	216	136	90	50	38	101	144	199	215	133	92	51	39	102	145	200	216	135	90	50	39	101	144	199	215	133	91	51	39	102	145	200	216	135	85	48	36	96	139	194	211	128	91	51	39	102	145	200	216	135	92	53	40	103	147	201	217	136	85	47	35	95	137	193	210	128	87	49	37	98	141	196	213	131	84	47	35	95	137	193	210	126	91	51	39	102	145	200	216	135	94	53	40	104	148	202	217	137	85	47	35	95	139	194	211	128	87	48	37	98	141	196	
254	227	74	8	17	28	170	235	241	230	74	23	8	28	170	246	253	229	73	12	7	28	167	241	247	229	74	21	8	28	169	241	253	229	73	22	7	28	167	255	248	229	74	11	7	28	169	252	237	229	70	2	9	25	162	231	252	226	74	20	8	28	169	241	247	229	74	21	11	29	170	252	244	230	69	9	21	24	162	236	254	225	72	18	23	26	164	235	252	227	69	20	17	24	160	243	253	225	74	8	18	28	169	246	239	229	75	8	15	29	172	237	234	230	69	11	1	24	162	238	249	226	71	4	12	26	164	246	
239	220	67	13	22	34	181	252	247	224	67	18	13	34	181	235	239	224	65	22	17	33	178	235	255	223	67	18	9	34	179	236	246	224	66	18	11	33	178	240	235	223	66	17	23	33	179	242	234	224	62	14	21	30	173	238	243	219	66	15	10	34	179	236	253	224	68	15	8	34	181	239	235	224	61	1	14	29	172	239	246	218	64	11	5	31	176	241	245	221	61	1	9	29	172	233	240	218	66	11	23	34	179	252	235	224	68	12	22	34	182	251	242	224	61	20	16	29	173	233	242	218	63	14	19	31	176	232	
205	153	114	59	45	83	125	191	209	159	114	59	45	83	125	190	209	157	111	57	44	81	122	189	207	156	113	59	45	82	124	190	208	157	111	57	44	81	122	189	207	156	113	58	44	82	124	190	208	157	106	55	41	77	117	184	203	150	113	58	44	82	124	190	208	157	114	59	46	83	125	191	209	159	106	54	41	76	117	182	202	150	110	56	43	80	120	186	205	153	104	54	41	76	115	182	202	148	113	58	44	82	124	190	208	157	115	60	46	84	126	191	210	160	106	54	41	76	117	184	203	150	109	56	42	79	120	186	
38	101	144	199	215	133	86	48	37	96	140	195	212	129	85	47	35	95	139	194	211	128	86	48	37	96	140	195	212	129	85	48	36	95	139	194	211	128	86	48	36	96	140	195	212	129	89	49	37	99	143	197	214	132	87	48	37	98	141	196	213	131	85	47	35	95	139	194	211	128	89	50	38	99	143	197	214	132	91	51	39	101	144	199	215	133	94	53	40	104	148	202	217	137	87	49	37	98	141	196	213	131	85	47	35	95	139	194	211	128	87	48	37	98	141	196	212	131	91	51	39	102	145	200	216	135	90	50	
6	27	167	249	239	228	71	10	4	26	163	232	250	226	69	2	9	25	162	243	251	226	70	11	15	26	163	233	250	226	70	13	2	25	162	232	251	226	70	21	4	26	163	244	251	226	72	10	19	27	166	254	248	228	71	11	5	26	164	235	250	227	69	23	12	24	162	234	245	226	72	23	18	27	166	248	233	228	74	20	15	28	167	237	232	229	75	8	13	29	172	236	238	230	72	20	13	26	164	251	237	227	69	2	13	25	162	249	240	226	71	4	9	26	164	245	255	226	74	7	23	28	169	253	243	229	73	9	
18	32	178	242	232	223	62	15	21	31	174	238	242	220	61	19	14	29	173	232	238	219	62	4	20	31	174	238	248	220	61	23	16	30	173	238	244	219	62	14	10	30	174	238	231	220	64	6	16	31	177	241	233	222	63	18	22	31	176	240	247	221	61	18	1	29	173	240	249	219	65	6	11	32	177	255	241	222	66	7	10	33	178	244	252	223	68	16	21	34	182	255	248	225	64	14	5	31	176	245	231	221	61	16	20	29	173	243	232	219	63	19	17	31	174	235	239	220	66	10	16	34	179	241	236	224	65	21	
44	81	122	189	207	156	109	56	42	79	118	185	204	151	106	54	41	76	117	184	203	150	107	56	42	77	118	185	204	151	106	55	41	77	117	184	203	150	107	55	41	77	118	185	204	151	110	56	44	80	121	187	206	154	109	56	42	79	120	186	205	153	106	54	41	76	117	184	203	150	110	57	44	81	121	187	206	154	113	58	44	82	122	189	207	156	115	60	46	84	126	193	210	160	110	56	43	80	120	186	205	153	106	54	41	76	117	184	203	150	109	56	42	79	120	186	204	153	113	58	44	82	124	190	208	157	111	57	
211	129	84	47	35	95	137	193	210	126	91	51	39	102	145	200	216	135	92	52	39	103	147	201	217	136	89	50	38	101	144	197	214	132	91	51	39	102	145	200	216	135	92	52	39	103	147	201	217	136	84	47	35	94	137	193	210	126	91	50	39	101	144	199	215	133	91	51	39	102	145	200	216	135	86	48	36	96	140	195	212	129	86	48	37	96	140	195	212	129	91	50	39	101	144	199	215	133	92	52	39	103	147	201	217	136	90	50	38	101	144	199	215	133	89	49	37	99	143	197	214	132	86	48	36	96	140	195	
252	226	69	1	20	24	160	246	253	225	74	12	7	28	169	254	248	229	74	23	10	28	170	244	240	229	73	18	6	27	166	242	254	228	74	11	7	28	169	234	253	229	74	22	18	28	170	246	236	230	68	13	9	24	160	244	252	225	73	10	7	28	167	232	243	229	74	13	21	28	169	231	237	229	70	13	21	25	163	235	240	226	70	22	4	26	163	249	242	226	73	7	11	28	167	235	242	229	74	21	10	28	170	254	242	230	73	7	11	28	167	253	248	229	72	14	22	26	166	251	232	228	70	2	11	25	163	248	
238	219	61	11	13	29	172	240	235	218	66	16	21	33	179	236	241	224	67	18	8	34	181	253	235	224	65	13	9	32	177	231	239	222	66	18	20	33	179	241	247	224	67	8	12	34	181	252	239	224	60	23	1	29	172	237	232	218	66	14	20	33	178	238	255	223	67	8	16	34	179	252	245	224	62	2	17	30	174	251	247	219	62	18	12	30	174	239	233	220	66	17	23	33	178	241	252	223	67	17	8	34	181	239	235	224	65	23	16	33	178	236	238	223	64	12	5	31	177	246	239	222	62	20	14	30	173	233	
203	151	104	54	41	76	115	182	202	148	113	58	44	82	124	190	208	157	114	59	45	83	125	191	209	159	111	57	44	81	121	187	206	154	113	58	44	82	124	190	207	157	114	59	45	83	125	191	209	159	104	54	40	76	115	182	202	148	111	58	44	81	122	189	207	156	113	58	45	82	124	190	208	157	107	55	41	77	118	185	204	151	107	55	42	77	118	185	204	151	111	58	44	81	122	189	207	156	114	59	45	83	125	191	209	159	111	57	44	81	122	189	207	156	110	56	43	80	121	187	206	154	107	55	41	77	118	185	
39	101	144	199	215	133	89	50	38	99	143	197	214	132	87	48	37	98	141	196	212	131	84	47	35	94	137	193	210	126	87	48	37	98	140	195	212	131	85	47	35	95	139	193	210	128	87	48	37	98	141	196	212	131	89	49	37	99	143	197	214	132	86	48	36	96	140	195	212	129	87	49	37	98	141	196	213	131	92	52	39	103	147	200	216	135	89	49	37	99	143	197	213	132	86	48	36	96	139	194	211	129	86	48	37	96	140	195	212	129	84	46	34	94	137	193	210	126	92	52	39	103	147	201	217	136	90	50	
17	28	167	255	235	229	73	18	6	27	166	243	251	228	71	11	4	26	164	232	246	226	69	16	21	24	160	237	252	225	71	21	10	26	164	245	251	226	69	1	11	24	162	232	238	225	71	20	15	26	164	242	248	226	72	21	17	26	166	246	251	227	70	10	22	25	163	242	234	226	72	10	19	26	164	242	233	227	74	11	8	28	169	232	253	229	72	19	10	26	166	251	245	227	70	2	12	25	163	233	247	226	70	19	14	26	163	251	245	226	68	1	21	24	160	241	232	225	74	17	8	28	170	254	244	230	73	23	
9	33	178	245	242	223	65	23	9	32	177	239	233	222	63	13	20	31	174	238	249	220	60	12	1	29	172	242	248	218	63	15	4	31	174	237	235	220	61	16	21	29	172	249	243	218	63	4	10	31	174	232	255	220	64	11	5	31	177	241	235	222	62	2	17	30	174	250	239	220	64	5	14	31	176	254	238	221	67	20	15	34	179	237	243	224	64	14	5	31	176	238	232	222	62	16	20	30	173	238	249	219	62	4	10	30	174	232	239	220	60	9	18	29	172	243	252	218	67	19	11	34	181	235	241	224	66	7	
44	81	122	189	207	156	111	57	44	81	121	187	206	154	109	56	42	79	120	186	204	153	104	54	41	76	115	182	202	148	109	56	42	79	120	185	204	151	106	54	41	76	117	184	202	150	109	56	42	79	120	186	204	153	110	56	43	80	121	187	205	154	107	55	41	77	118	185	204	151	110	56	43	80	120	186	205	153	114	59	45	83	125	190	208	157	110	56	43	80	121	187	205	154	106	55	41	77	118	184	203	150	107	55	42	77	118	185	204	151	104	53	40	75	115	182	202	148	114	59	45	83	125	191	209	159	111	57	
211	128	86	48	36	96	140	195	212	129	85	47	35	95	139	194	211	128	90	50	38	101	144	199	215	133	92	52	39	102	145	200	216	135	94	53	40	104	148	201	217	137	91	50	39	101	144	199	215	133	91	51	39	102	145	200	216	135	94	53	40	104	148	202	218	137	94	53	40	103	147	201	217	136	89	49	37	99	143	197	214	132	85	47	35	95	139	194	211	128	94	53	40	104	148	202	217	137	91	51	39	102	145	200	216	135	92	52	39	103	147	200	216	135	90	50	38	101	144	199	215	133	85	47	35	95	139	194	
238	226	70	14	12	25	163	237	252	226	69	16	22	24	162	244	253	226	73	9	17	27	167	239	234	229	74	18	11	28	169	233	246	229	75	18	8	29	172	255	244	230	73	7	18	28	167	235	241	229	74	21	16	28	169	234	238	229	75	13	23	29	172	247	232	230	74	11	21	29	170	247	236	230	72	22	9	27	166	245	250	228	69	1	23	24	162	236	247	226	75	21	8	29	172	254	243	230	74	7	23	28	169	236	241	229	74	22	13	28	169	255	234	229	73	14	7	28	167	238	249	229	69	22	16	25	162	232	
