128
128
254	249	216	180	 59	 16	  8	  2	  2	  7	 20	 47	173	225	241	250	254	249	215	180	 59	 16	  8	  2	  2	  6	 19	 47	173	226	241	251	254	249	216	180	 59	 16	  8	  2	  2	  7	 20	 47	173	225	241	250	254	249	215	180	 59	 16	  8	  2	  2	  6	 19	 47	173	226	241	251	254	249	216	180	 59	 16	  8	  2	  2	  7	 20	 47	173	225	241	250	254	249	215	180	 59	 16	  8	  2	  2	  6	 19	 47	173	226	241	251	254	249	216	180	 59	 16	  8	  2	  2	  7	 20	 47	173	225	241	250	254	249	215	180	 59	 16	  8	  2	  2	  6	 19	 47	173	226	241	251	
238	231	214	159	 71	 31	 10	  8	  7	 11	 35	 85	152	207	233	239	238	231	213	159	 70	 31	 10	  8	  7	 11	 35	 84	152	207	233	240	238	231	214	159	 71	 31	 10	  8	  7	 11	 35	 85	152	207	233	239	238	231	213	159	 70	 31	 10	  8	  7	 11	 35	 84	152	207	233	240	238	231	214	159	 71	 31	 10	  8	  7	 11	 35	 85	151	207	233	239	238	231	213	159	 70	 31	 10	  8	  7	 11	 35	 84	152	207	233	240	238	231	214	159	 71	 31	 10	  8	  7	 11	 35	 85	152	207	233	239	238	231	213	159	 70	 31	 10	  8	  7	 11	 35	 84	152	207	233	240	
229	212	194	141	103	 42	 29	 17	 18	 33	 45	 88	133	191	209	227	229	211	193	140	102	 42	 29	 17	 18	 33	 44	 87	134	191	210	228	229	212	194	141	103	 42	 29	 17	 18	 33	 45	 88	133	191	209	227	229	211	193	140	102	 42	 29	 17	 18	 33	 44	 87	134	191	210	228	229	212	194	141	103	 42	 29	 17	 18	 33	 45	 88	133	191	209	227	229	211	193	140	102	 42	 29	 17	 18	 33	 44	 87	134	191	210	228	229	212	194	141	103	 42	 29	 17	 18	 33	 45	 88	133	191	209	227	229	211	193	140	102	 42	 29	 17	 18	 33	 44	 87	134	191	210	228	
178	157	138	126	120	105	 69	 61	 64	 66	108	111	122	135	154	175	177	156	138	125	119	105	 68	 61	 63	 66	108	110	123	136	154	176	178	157	138	126	120	105	 69	 62	 64	 66	108	111	122	135	154	175	177	156	138	125	119	105	 68	 61	 63	 66	107	110	123	136	154	176	178	157	138	126	120	105	 69	 62	 64	 66	108	111	122	135	154	175	177	156	138	125	119	105	 68	 61	 63	 66	107	110	123	136	154	176	178	157	138	126	120	105	 69	 61	 64	 66	108	111	122	135	154	175	177	156	138	125	119	105	 68	 61	 63	 66	108	110	123	136	154	176	
 50	 77	 92	112	130	146	165	186	183	163	144	127	115	 95	 75	 53	 51	 77	 92	112	129	146	165	185	183	162	144	126	115	 95	 74	 53	 50	 77	 92	112	130	146	165	186	183	163	144	127	115	 95	 75	 53	 51	 77	 92	112	129	146	165	185	183	162	144	126	115	 95	 74	 53	 50	 77	 92	112	130	146	165	186	183	163	144	127	115	 95	 75	 53	 51	 77	 92	112	129	146	165	185	183	162	144	126	115	 95	 74	 53	 50	 77	 92	112	130	146	165	186	183	163	144	127	115	 95	 75	 53	 51	 77	 92	112	129	146	165	185	183	162	144	126	115	 95	 74	 53	
 12	 23	 36	 89	149	188	202	221	219	199	195	142	 98	 39	 25	 13	 12	 23	 36	 89	148	187	201	220	219	199	194	141	 98	 38	 25	 13	 12	 23	 36	 89	149	188	202	221	219	199	195	142	 98	 39	 25	 13	 12	 23	 36	 89	148	187	201	220	218	199	194	141	 98	 38	 25	 13	 12	 23	 36	 89	149	188	202	221	219	199	195	142	 98	 39	 25	 13	 12	 23	 36	 89	148	187	201	220	218	199	194	141	 98	 38	 25	 13	 12	 23	 36	 89	149	188	202	221	219	199	195	142	 98	 39	 25	 13	 12	 23	 36	 89	148	187	201	220	218	199	194	141	 98	 38	 25	 13	
  4	 11	 22	 80	168	204	234	244	245	236	197	160	 72	 27	  9	  4	  4	 11	 22	 80	167	203	233	243	245	235	197	160	 72	 26	  9	  3	  4	 11	 22	 80	168	204	234	244	245	236	197	160	 72	 27	  9	  4	  4	 11	 22	 80	167	203	233	243	245	235	197	160	 72	 26	  9	  3	  4	 11	 22	 80	168	204	234	244	245	236	197	160	 72	 27	  9	  4	  4	 11	 22	 80	167	203	233	243	245	235	197	160	 72	 26	  9	  3	  4	 11	 22	 80	168	204	234	244	245	236	197	160	 72	 27	  9	  4	  4	 11	 22	 80	167	203	233	243	245	235	197	160	 72	 26	  9	  3	
  1	  5	 20	 48	170	223	242	251	253	247	217	181	 56	 14	  9	  3	  1	  5	 20	 48	169	222	242	251	252	246	216	181	 55	 14	  8	  3	  1	  5	 20	 48	170	223	242	251	253	247	217	181	 56	 14	  9	  3	  1	  5	 20	 48	169	222	242	251	252	246	216	181	 55	 14	  8	  3	  1	  5	 20	 48	170	223	242	251	253	247	217	181	 56	 14	  9	  3	  1	  5	 20	 48	169	222	242	251	252	246	216	181	 55	 14	  8	  3	  1	  5	 20	 48	170	223	242	251	253	247	217	181	 56	 14	  9	  3	  1	  5	 20	 48	169	222	242	251	252	246	216	181	 55	 14	  8	  3	
  1	  6	 19	 45	172	225	241	250	255	248	215	179	 58	 15	  8	  2	  1	  6	 19	 46	172	224	240	249	255	248	214	178	 57	 15	  8	  2	  1	  6	 19	 45	172	225	241	250	255	248	215	179	 58	 15	  8	  2	  1	  6	 19	 46	172	224	240	249	255	248	214	178	 57	 15	  8	  2	  1	  6	 19	 45	172	225	241	250	255	248	215	179	 58	 15	  8	  2	  1	  6	 19	 46	172	224	240	249	255	248	214	178	 57	 15	  8	  2	  1	  6	 19	 45	172	225	241	250	255	248	215	179	 58	 15	  8	  2	  1	  6	 19	 46	172	224	240	249	255	248	214	178	 57	 15	  8	  2	
  7	 10	 34	 83	151	206	232	239	237	230	213	158	 70	 30	 10	  7	  7	 11	 34	 83	150	206	232	239	237	230	212	157	 69	 30	 10	  7	  7	 10	 34	 83	151	206	232	239	237	230	213	158	 70	 30	 10	  7	  7	 11	 34	 83	150	206	232	239	237	230	212	157	 69	 30	 10	  7	  7	 10	 34	 83	151	206	232	239	237	230	213	158	 70	 30	 10	  7	  7	 11	 34	 83	150	206	232	239	237	230	212	157	 69	 30	 10	  7	  7	 10	 34	 83	151	206	232	239	237	230	213	158	 70	 30	 10	  7	  7	 11	 34	 83	150	206	232	238	237	230	212	157	 69	 30	 10	  7	
 17	 32	 43	 86	132	190	208	227	229	211	193	140	101	 41	 29	 16	 18	 32	 43	 86	132	190	208	226	228	210	192	139	101	 40	 28	 16	 17	 32	 43	 86	132	190	208	227	229	211	193	140	101	 41	 29	 16	 18	 32	 43	 86	132	190	208	226	228	210	192	139	101	 40	 28	 16	 17	 32	 43	 86	132	190	208	227	228	211	192	140	101	 41	 29	 16	 18	 32	 43	 86	132	190	208	226	228	210	192	139	100	 40	 28	 16	 17	 32	 43	 86	132	190	208	227	228	211	192	140	101	 41	 29	 16	 18	 32	 43	 86	132	190	208	226	228	210	192	139	100	 40	 28	 16	
 62	 64	106	109	121	135	153	174	177	156	137	124	118	104	 67	 60	 63	 65	107	110	121	134	153	174	176	155	137	123	118	103	 67	 60	 62	 64	106	109	121	135	153	174	177	156	137	124	118	104	 67	 60	 63	 65	107	110	121	134	153	174	176	155	137	123	118	103	 67	 60	 62	 64	106	109	121	135	153	174	177	156	137	124	118	104	 67	 60	 63	 65	107	110	121	134	153	174	176	155	137	123	118	103	 67	 60	 62	 64	106	109	121	135	153	174	177	156	137	124	118	104	 67	 60	 63	 65	107	110	121	134	153	174	176	155	137	123	117	103	 67	 60	
184	164	145	128	117	 97	 76	 54	 52	 79	 94	114	132	148	167	187	185	165	146	129	117	 98	 77	 55	 53	 80	 95	114	131	147	166	187	184	164	145	128	117	 97	 76	 54	 52	 79	 94	114	132	148	167	187	185	165	146	129	117	 97	 77	 55	 53	 80	 95	114	131	147	166	187	184	164	145	128	117	 97	 76	 54	 52	 79	 94	114	132	148	167	187	185	165	146	129	117	 97	 77	 55	 53	 80	 95	114	131	147	166	187	184	164	145	128	117	 97	 76	 54	 52	 79	 94	114	132	148	167	187	185	165	146	129	117	 97	 77	 55	 53	 79	 95	114	131	147	166	187	
220	200	196	143	100	 40	 26	 14	 13	 24	 37	 91	150	190	203	222	220	201	197	144	100	 40	 26	 14	 13	 25	 38	 92	150	189	203	222	220	201	196	143	100	 40	 26	 14	 13	 24	 37	 91	150	190	203	222	220	201	196	144	100	 40	 26	 14	 13	 25	 38	 92	150	189	203	222	220	200	196	143	100	 40	 26	 14	 13	 24	 37	 91	150	190	203	222	220	201	196	143	100	 40	 26	 14	 13	 25	 38	 92	150	189	203	222	220	200	196	143	100	 40	 26	 14	 13	 24	 37	 91	150	190	203	222	220	201	196	143	100	 40	 26	 14	 13	 25	 38	 92	150	189	203	222	
246	236	198	162	 73	 28	  9	  4	  5	 12	 23	 82	169	206	235	245	246	237	199	162	 74	 28	 10	  4	  5	 12	 23	 82	169	205	235	244	246	236	198	162	 73	 28	  9	  4	  5	 12	 23	 82	169	206	235	245	246	237	199	162	 74	 28	 10	  4	  5	 12	 23	 82	169	205	235	244	246	236	198	162	 73	 28	  9	  4	  5	 12	 23	 82	169	206	235	245	246	237	199	162	 74	 28	 10	  4	  5	 12	 23	 82	169	205	235	244	246	236	198	162	 73	 28	  9	  4	  5	 12	 23	 82	169	206	235	245	246	237	199	162	 74	 28	 10	  4	  5	 12	 23	 82	169	205	235	244	
254	247	218	182	 57	 15	  9	  3	  1	  6	 21	 50	172	224	243	252	254	248	218	183	 57	 15	  9	  3	  1	  6	 22	 50	171	224	243	252	254	248	218	182	 57	 15	  9	  3	  1	  6	 21	 50	172	224	243	252	254	248	218	183	 57	 15	  9	  3	  1	  6	 21	 50	171	224	243	252	254	248	218	182	 57	 15	  9	  3	  1	  6	 21	 50	172	224	243	252	254	248	218	183	 57	 15	  9	  3	  1	  6	 21	 50	171	224	243	252	254	247	218	182	 57	 15	  9	  3	  1	  6	 21	 50	172	224	243	252	254	248	218	183	 57	 15	  9	  3	  1	  6	 21	 50	171	224	243	252	
254	249	216	180	 59	 16	  8	  2	  2	  7	 20	 47	174	226	242	251	255	249	216	181	 60	 16	  8	  3	  2	  7	 20	 48	173	226	241	251	254	249	216	180	 59	 16	  8	  2	  2	  7	 20	 47	174	226	242	251	255	249	216	181	 60	 16	  8	  3	  2	  7	 20	 48	173	226	241	250	254	249	216	180	 59	 16	  8	  2	  2	  7	 20	 47	174	226	242	251	255	249	216	181	 60	 16	  8	  3	  2	  7	 20	 48	173	226	241	250	254	249	216	180	 59	 16	  8	  2	  2	  7	 20	 47	174	226	242	251	255	249	216	181	 60	 16	  8	  3	  2	  7	 20	 48	173	226	241	250	
238	231	214	159	 71	 31	 10	  8	  7	 11	 35	 85	153	208	233	240	238	232	214	160	 72	 32	 10	  8	  7	 11	 36	 86	152	207	233	240	238	231	214	159	 71	 31	 10	  8	  7	 11	 35	 85	153	208	233	240	238	232	214	160	 72	 32	 10	  8	  7	 11	 36	 85	152	207	233	240	238	231	214	159	 71	 31	 10	  8	  7	 11	 35	 85	153	208	233	240	238	232	214	160	 71	 32	 10	  8	  7	 11	 36	 85	152	207	233	240	238	231	214	159	 71	 31	 10	  8	  7	 11	 35	 85	153	208	233	240	238	232	214	160	 71	 32	 10	  8	  7	 11	 36	 85	152	207	233	240	
229	212	194	141	103	 42	 29	 17	 18	 33	 45	 88	134	192	210	228	230	212	194	141	103	 43	 30	 17	 19	 34	 45	 89	134	191	210	228	229	212	194	141	103	 42	 29	 17	 18	 33	 45	 88	134	192	210	228	230	212	194	141	103	 43	 30	 17	 19	 34	 45	 89	133	191	210	228	229	212	194	141	103	 42	 29	 17	 18	 33	 45	 88	134	192	210	228	230	212	194	141	103	 43	 30	 17	 19	 34	 45	 89	133	191	209	227	229	212	194	141	103	 42	 29	 17	 18	 33	 45	 88	134	192	210	228	230	212	194	141	103	 43	 30	 17	 19	 34	 45	 89	133	191	209	227	
178	157	138	125	120	105	 68	 61	 64	 66	108	111	123	137	155	176	178	157	139	126	120	106	 69	 62	 64	 67	109	112	123	136	154	176	178	157	138	126	120	105	 69	 61	 64	 66	108	111	123	137	155	176	178	157	139	126	120	106	 69	 62	 64	 67	109	112	123	136	154	176	178	157	138	126	120	105	 68	 61	 64	 66	108	111	123	137	155	176	178	157	139	126	120	106	 69	 62	 64	 67	109	112	123	136	154	176	178	157	138	125	120	105	 68	 61	 64	 66	108	111	123	137	155	176	178	157	139	126	120	106	 69	 62	 64	 67	109	112	123	136	154	176	
 51	 78	 93	113	130	146	165	186	183	163	144	127	115	 95	 75	 53	 51	 77	 92	112	130	147	166	186	184	163	145	128	116	 96	 75	 54	 51	 78	 93	113	130	146	165	186	183	163	144	127	115	 95	 75	 53	 51	 77	 92	112	130	147	166	186	184	163	145	128	116	 96	 75	 54	 51	 78	 93	113	130	146	165	186	183	163	144	127	115	 95	 75	 53	 51	 77	 92	112	130	147	166	186	184	163	145	128	116	 96	 75	 54	 51	 78	 93	113	130	146	165	186	183	163	144	127	115	 95	 75	 53	 51	 77	 92	112	130	147	166	186	184	163	145	128	116	 96	 75	 54	
 13	 24	 37	 90	149	188	202	221	219	199	195	142	 98	 39	 25	 13	 12	 23	 36	 89	149	188	202	221	219	200	195	142	 99	 39	 26	 14	 13	 24	 37	 90	149	188	202	221	219	199	195	142	 98	 39	 25	 13	 12	 23	 36	 89	149	188	202	221	219	200	195	142	 99	 39	 26	 14	 13	 24	 37	 90	149	188	202	221	219	199	195	142	 98	 39	 25	 13	 12	 23	 36	 89	149	188	202	221	219	200	195	142	 99	 39	 26	 14	 13	 24	 37	 90	149	188	202	221	219	199	195	142	 98	 39	 25	 13	 12	 23	 36	 89	149	188	202	221	219	200	195	142	 99	 39	 26	 14	
  5	 12	 22	 81	168	204	234	244	245	236	197	160	 72	 27	  9	  4	  4	 11	 22	 80	168	205	234	244	246	236	198	161	 73	 27	  9	  4	  5	 12	 22	 81	168	204	234	244	245	236	197	160	 72	 27	  9	  4	  4	 11	 22	 80	168	204	234	244	246	236	198	161	 73	 27	  9	  4	  5	 12	 22	 81	168	204	234	244	245	236	197	160	 72	 27	  9	  4	  4	 11	 22	 80	168	204	234	244	246	236	198	161	 73	 27	  9	  4	  5	 12	 22	 81	168	204	234	244	245	236	197	160	 72	 27	  9	  4	  4	 11	 22	 80	168	204	234	244	246	236	198	161	 73	 27	  9	  4	
  1	  5	 21	 49	170	223	242	251	253	247	217	181	 56	 14	  9	  3	  1	  5	 20	 48	170	223	243	252	253	247	217	182	 56	 14	  9	  3	  1	  5	 21	 49	170	223	242	251	253	247	217	181	 56	 14	  9	  3	  1	  5	 20	 48	170	223	242	252	253	247	217	182	 56	 14	  9	  3	  1	  5	 21	 49	170	223	242	251	253	247	217	181	 56	 14	  9	  3	  1	  5	 20	 48	170	223	242	252	253	247	217	182	 56	 14	  9	  3	  1	  5	 21	 49	170	223	242	251	253	247	217	181	 56	 14	  9	  3	  1	  5	 20	 48	170	223	242	252	253	247	217	182	 56	 14	  9	  3	
  2	  6	 19	 46	172	225	241	250	255	248	215	179	 58	 15	  8	  2	  1	  6	 19	 46	173	225	241	250	255	249	215	179	 59	 16	  8	  2	  2	  6	 19	 47	172	225	241	250	255	248	215	179	 58	 15	  8	  2	  1	  6	 19	 46	173	225	241	250	255	249	215	179	 58	 16	  8	  2	  2	  6	 19	 47	172	225	240	250	255	248	215	179	 58	 15	  8	  2	  1	  6	 19	 46	173	225	241	250	255	249	215	179	 58	 16	  8	  2	  2	  6	 19	 47	172	225	240	250	255	248	215	179	 58	 15	  8	  2	  1	  6	 19	 46	173	225	241	250	255	249	215	179	 58	 15	  8	  2	
  7	 11	 35	 84	151	206	232	239	237	230	213	158	 70	 30	 10	  7	  7	 11	 34	 83	151	207	233	239	238	231	213	159	 70	 31	 10	  8	  7	 11	 35	 84	151	206	232	239	237	230	213	158	 70	 30	 10	  7	  7	 11	 34	 83	151	207	233	239	238	231	213	159	 70	 31	 10	  8	  7	 11	 35	 84	151	206	232	239	237	230	213	158	 70	 30	 10	  7	  7	 11	 34	 83	151	207	232	239	238	231	213	159	 70	 31	 10	  8	  7	 11	 35	 84	151	206	232	239	237	230	213	158	 70	 30	 10	  7	  7	 11	 34	 83	151	207	232	239	238	231	213	159	 70	 31	 10	  8	
 18	 33	 44	 87	132	190	208	227	228	211	192	140	101	 41	 29	 16	 18	 32	 43	 86	133	191	209	227	229	211	193	140	102	 42	 29	 17	 18	 33	 44	 87	132	190	208	227	228	211	192	140	101	 41	 29	 16	 18	 32	 43	 86	133	191	209	227	229	211	193	140	102	 42	 29	 17	 18	 33	 44	 87	132	190	208	227	228	211	192	139	101	 41	 29	 16	 18	 32	 43	 86	133	191	209	227	229	211	193	140	102	 42	 29	 17	 18	 33	 44	 87	132	190	208	227	228	211	192	139	101	 41	 28	 16	 18	 32	 43	 86	133	191	209	227	229	211	193	140	102	 41	 29	 17	
 63	 66	107	110	121	135	153	174	177	156	137	124	118	104	 67	 60	 63	 65	107	110	122	135	154	175	177	156	138	125	119	105	 68	 61	 63	 66	107	110	121	135	153	174	177	156	137	124	118	104	 67	 60	 63	 65	107	110	122	135	154	175	177	156	138	125	119	105	 68	 61	 63	 66	107	110	121	135	153	174	177	156	137	124	118	104	 67	 60	 63	 65	107	110	122	135	154	175	177	156	138	125	119	105	 68	 61	 63	 66	107	110	121	135	153	174	177	156	137	124	118	104	 67	 60	 63	 65	107	109	122	135	154	175	177	156	138	125	119	105	 68	 61	
185	164	145	129	117	 97	 76	 55	 52	 79	 94	114	131	147	166	186	184	164	145	128	116	 96	 76	 54	 52	 78	 93	113	131	148	167	187	185	164	145	129	117	 97	 76	 55	 52	 79	 94	114	131	147	166	186	184	164	145	128	116	 96	 76	 54	 52	 78	 93	113	131	148	167	187	185	164	145	129	117	 97	 76	 55	 52	 79	 94	114	131	147	166	186	184	164	145	128	116	 96	 76	 54	 52	 78	 93	113	131	148	167	187	185	164	145	129	117	 97	 76	 55	 52	 79	 94	114	131	147	166	186	184	164	145	128	116	 96	 76	 54	 52	 78	 93	113	131	148	167	187	
220	201	196	143	100	 40	 26	 14	 13	 24	 38	 91	149	189	202	222	220	200	196	143	 99	 39	 26	 14	 13	 24	 37	 90	150	189	203	222	220	201	196	143	100	 40	 26	 14	 13	 24	 38	 91	149	189	202	222	220	200	196	143	 99	 39	 26	 14	 13	 24	 37	 90	150	189	203	222	220	201	196	143	100	 40	 26	 14	 13	 24	 38	 91	149	189	202	222	220	200	196	143	 99	 39	 26	 14	 13	 24	 37	 90	150	189	203	222	220	201	196	143	100	 40	 26	 14	 13	 24	 38	 91	149	189	202	222	220	200	196	143	 99	 39	 26	 14	 13	 24	 37	 90	150	189	203	222	
246	237	198	162	 74	 28	 10	  4	  5	 12	 23	 82	168	205	234	244	246	236	198	161	 73	 27	  9	  4	  5	 12	 22	 81	169	205	235	245	246	237	199	162	 74	 28	 10	  4	  5	 12	 23	 82	168	205	234	244	246	236	198	161	 73	 27	  9	  4	  5	 12	 22	 81	169	205	235	245	246	237	198	162	 74	 28	 10	  4	  5	 12	 23	 82	168	205	234	244	246	236	198	161	 73	 27	  9	  4	  5	 12	 22	 81	169	205	235	245	246	237	198	162	 74	 28	 10	  4	  5	 12	 23	 82	168	205	234	244	246	236	198	161	 73	 27	  9	  4	  5	 12	 22	 81	169	205	235	245	
254	248	218	182	 57	 15	  9	  3	  1	  6	 21	 50	171	224	243	252	253	247	218	182	 56	 15	  9	  3	  1	  6	 21	 49	171	224	243	252	254	248	218	183	 57	 15	  9	  3	  1	  6	 21	 50	171	223	243	252	253	247	218	182	 56	 15	  9	  3	  1	  6	 21	 49	171	224	243	252	254	248	218	183	 57	 15	  9	  3	  1	  6	 21	 50	171	223	243	252	253	247	218	182	 56	 15	  9	  3	  1	  6	 21	 49	171	224	243	252	254	248	218	183	 57	 15	  9	  3	  1	  6	 21	 50	171	223	243	252	253	247	218	182	 56	 15	  9	  3	  1	  6	 21	 49	171	224	243	252	
255	249	216	180	 59	 16	  8	  2	  2	  7	 20	 47	173	225	241	250	254	249	216	180	 59	 16	  8	  2	  2	  7	 19	 47	174	226	242	251	255	249	216	180	 59	 16	  8	  2	  2	  7	 20	 47	173	225	241	250	254	249	216	180	 59	 16	  8	  2	  2	  7	 19	 47	174	226	242	251	255	249	216	180	 59	 16	  8	  2	  2	  7	 20	 47	173	225	241	250	254	249	216	180	 59	 16	  8	  2	  2	  6	 19	 47	174	226	241	251	254	249	216	180	 59	 16	  8	  2	  2	  7	 20	 47	173	225	241	250	254	249	216	180	 59	 16	  8	  2	  2	  6	 19	 47	173	226	241	251	
238	231	214	159	 71	 31	 10	  8	  7	 11	 35	 85	152	207	233	239	238	231	213	159	 71	 31	 10	  8	  7	 11	 35	 84	152	208	233	240	238	231	214	160	 71	 32	 10	  8	  7	 11	 36	 85	152	207	233	239	238	231	213	159	 71	 31	 10	  8	  7	 11	 35	 84	152	208	233	240	238	231	214	159	 71	 32	 10	  8	  7	 11	 36	 85	152	207	233	239	238	231	213	159	 71	 31	 10	  8	  7	 11	 35	 84	152	208	233	240	238	231	214	159	 71	 32	 10	  8	  7	 11	 36	 85	152	207	233	239	238	231	213	159	 70	 31	 10	  8	  7	 11	 35	 84	152	207	233	240	
229	212	194	141	103	 42	 29	 17	 18	 33	 45	 88	133	191	209	227	229	211	193	140	102	 42	 29	 17	 18	 33	 44	 87	134	192	210	228	230	212	194	141	103	 42	 30	 17	 18	 34	 45	 88	133	191	209	227	229	211	193	140	102	 42	 29	 17	 18	 33	 44	 87	134	192	210	228	230	212	194	141	103	 42	 30	 17	 18	 34	 45	 88	133	191	209	227	229	211	193	140	102	 42	 29	 17	 18	 33	 44	 87	134	192	210	228	230	212	194	141	103	 42	 30	 17	 18	 34	 45	 88	133	191	209	227	229	211	193	140	102	 42	 29	 17	 18	 33	 44	 87	134	191	210	228	
178	157	138	126	120	106	 69	 62	 64	 66	108	111	122	136	154	175	177	156	138	125	119	105	 68	 61	 64	 66	108	111	123	136	155	176	178	157	139	126	120	106	 69	 62	 64	 66	108	111	122	136	154	175	177	156	138	125	119	105	 68	 61	 63	 66	108	111	123	136	155	176	178	157	139	126	120	106	 69	 62	 64	 66	108	111	122	136	154	175	177	156	138	125	119	105	 68	 61	 63	 66	108	111	123	136	155	176	178	157	139	126	120	106	 69	 62	 64	 66	108	111	122	136	154	175	177	156	138	125	119	105	 68	 61	 63	 66	108	111	123	136	155	176	
 50	 77	 92	112	130	147	166	186	184	163	144	127	116	 96	 75	 54	 51	 78	 93	113	129	146	165	185	183	162	144	127	115	 95	 74	 53	 50	 77	 92	112	130	147	165	186	184	163	144	127	116	 96	 75	 54	 51	 78	 93	113	129	146	165	185	183	162	144	127	115	 95	 74	 53	 50	 77	 92	112	130	147	165	186	184	163	144	127	116	 96	 75	 53	 51	 78	 93	113	129	146	165	185	183	162	144	127	115	 95	 74	 53	 50	 77	 92	112	130	147	165	186	184	163	144	127	116	 96	 75	 53	 51	 78	 93	113	129	146	165	185	183	162	144	126	115	 95	 74	 53	
 12	 23	 36	 89	149	188	202	221	219	200	195	142	 99	 39	 25	 13	 12	 24	 37	 90	148	188	201	221	219	199	194	142	 98	 38	 25	 13	 12	 23	 36	 89	149	188	202	221	219	200	195	142	 99	 39	 25	 13	 12	 24	 37	 90	148	188	201	221	219	199	194	141	 98	 38	 25	 13	 12	 23	 36	 89	149	188	202	221	219	200	195	142	 99	 39	 25	 13	 12	 24	 37	 90	148	188	201	221	219	199	194	141	 98	 38	 25	 13	 12	 23	 36	 89	149	188	202	221	219	200	195	142	 99	 39	 25	 13	 12	 24	 37	 90	148	187	201	220	219	199	194	141	 98	 38	 25	 13	
  4	 11	 22	 80	168	204	234	244	245	236	197	161	 72	 27	  9	  4	  4	 12	 22	 81	167	204	234	243	245	235	197	160	 72	 27	  9	  3	  4	 11	 22	 80	168	204	234	244	245	236	197	161	 72	 27	  9	  4	  4	 12	 22	 81	167	204	234	243	245	235	197	160	 72	 27	  9	  3	  4	 11	 22	 80	168	204	234	244	245	236	197	161	 72	 27	  9	  4	  4	 12	 22	 81	167	204	234	243	245	235	197	160	 72	 27	  9	  3	  4	 11	 22	 80	168	204	234	244	245	236	197	161	 72	 27	  9	  4	  4	 12	 22	 81	167	204	233	243	245	235	197	160	 72	 27	  9	  3	
  1	  5	 20	 48	170	223	242	251	253	247	217	181	 56	 14	  9	  3	  1	  5	 21	 49	170	223	242	251	253	247	217	181	 55	 14	  9	  3	  1	  5	 20	 48	170	223	242	251	253	247	217	181	 56	 14	  9	  3	  1	  5	 21	 49	170	223	242	251	253	247	217	181	 55	 14	  8	  3	  1	  5	 20	 48	170	223	242	251	253	247	217	181	 56	 14	  9	  3	  1	  5	 21	 49	169	223	242	251	253	247	217	181	 55	 14	  8	  3	  1	  5	 20	 48	170	223	242	251	253	247	217	181	 56	 14	  9	  3	  1	  5	 21	 49	169	222	242	251	253	246	217	181	 55	 14	  8	  3	
  1	  6	 19	 45	172	225	241	250	255	248	215	179	 58	 15	  8	  2	  1	  6	 19	 46	172	224	240	250	255	248	215	179	 58	 15	  8	  2	  1	  6	 19	 46	172	225	241	250	255	248	215	179	 58	 15	  8	  2	  1	  6	 19	 46	172	224	240	250	255	248	215	179	 58	 15	  8	  2	  1	  6	 19	 46	172	225	241	250	255	248	215	179	 58	 15	  8	  2	  1	  6	 19	 46	172	224	240	250	255	248	215	179	 58	 15	  8	  2	  1	  6	 19	 46	172	225	241	250	255	248	215	179	 58	 15	  8	  2	  1	  6	 19	 46	172	224	240	249	255	248	214	178	 57	 15	  8	  2	
  7	 10	 34	 83	151	206	232	239	237	231	213	158	 70	 31	 10	  8	  7	 11	 35	 84	151	206	232	239	237	230	212	158	 69	 30	 10	  7	  7	 11	 34	 83	151	206	232	239	237	231	213	158	 70	 31	 10	  8	  7	 11	 35	 84	151	206	232	239	237	230	212	158	 69	 30	 10	  7	  7	 11	 34	 83	151	206	232	239	237	230	213	158	 70	 31	 10	  8	  7	 11	 35	 84	151	206	232	239	237	230	212	158	 69	 30	 10	  7	  7	 11	 34	 83	151	206	232	239	237	230	213	158	 70	 31	 10	  7	  7	 11	 34	 84	150	206	232	239	237	230	212	158	 69	 30	 10	  7	
 17	 32	 43	 86	133	190	209	227	229	211	193	140	102	 41	 29	 17	 18	 33	 44	 87	132	190	208	226	228	210	192	139	101	 41	 28	 16	 18	 32	 43	 86	133	190	209	227	229	211	193	140	102	 41	 29	 17	 18	 33	 44	 87	132	190	208	226	228	210	192	139	101	 41	 28	 16	 17	 32	 43	 86	133	190	209	227	229	211	193	140	101	 41	 29	 17	 18	 33	 44	 87	132	190	208	226	228	210	192	139	101	 41	 28	 16	 17	 32	 43	 86	132	190	209	227	229	211	193	140	101	 41	 29	 17	 18	 33	 44	 87	132	190	208	226	228	210	192	139	101	 40	 28	 16	
 62	 65	106	109	122	135	153	175	177	156	137	124	119	104	 68	 61	 63	 65	107	110	121	134	153	174	176	155	137	124	118	104	 67	 60	 62	 65	106	109	122	135	153	175	177	156	137	124	119	104	 68	 61	 63	 65	107	110	121	134	153	174	176	155	137	124	118	104	 67	 60	 62	 65	106	109	122	135	153	175	177	156	137	124	119	104	 68	 61	 63	 65	107	110	121	134	153	174	176	155	137	124	118	104	 67	 60	 62	 65	106	109	122	135	153	175	177	156	137	124	119	104	 68	 61	 63	 65	107	110	121	134	153	174	176	155	137	124	118	103	 67	 60	
184	164	145	128	116	 96	 76	 54	 52	 79	 94	114	132	148	167	187	185	165	146	129	117	 97	 77	 55	 53	 79	 94	114	131	147	166	187	184	164	145	128	116	 97	 76	 54	 52	 79	 94	114	131	148	167	187	185	165	146	129	117	 97	 77	 55	 53	 79	 94	114	131	147	166	187	184	164	145	128	117	 97	 76	 54	 52	 79	 94	114	131	148	167	187	185	164	146	129	117	 97	 77	 55	 53	 79	 94	114	131	147	166	187	184	164	145	128	117	 97	 76	 54	 52	 79	 94	114	131	148	167	187	185	164	146	129	117	 97	 76	 55	 52	 79	 94	114	131	147	166	187	
220	200	196	143	 99	 40	 26	 14	 13	 24	 37	 91	150	190	203	222	220	201	196	143	100	 40	 26	 14	 13	 25	 38	 92	150	189	203	222	220	200	196	143	 99	 40	 26	 14	 13	 24	 37	 91	150	190	203	222	220	201	196	143	100	 40	 26	 14	 13	 25	 38	 91	150	189	203	222	220	200	196	143	100	 40	 26	 14	 13	 24	 37	 91	150	189	203	222	220	201	196	143	100	 40	 26	 14	 13	 25	 38	 91	150	189	203	222	220	200	196	143	100	 40	 26	 14	 13	 24	 37	 91	150	189	203	222	220	201	196	143	100	 40	 26	 14	 13	 25	 38	 91	150	189	203	222	
246	236	198	161	 73	 28	  9	  4	  5	 12	 22	 81	169	206	235	245	246	237	199	162	 74	 28	 10	  4	  5	 12	 23	 82	168	205	235	244	246	236	198	161	 73	 28	  9	  4	  5	 12	 22	 81	169	206	235	245	246	237	199	162	 74	 28	 10	  4	  5	 12	 23	 82	169	205	235	244	246	236	198	162	 73	 28	  9	  4	  5	 12	 23	 82	169	206	235	245	246	237	199	162	 74	 28	 10	  4	  5	 12	 23	 82	169	205	235	244	246	236	198	161	 73	 28	  9	  4	  5	 12	 23	 82	169	205	235	245	246	237	199	162	 74	 28	 10	  4	  5	 12	 23	 82	168	205	235	244	
253	247	218	182	 57	 15	  9	  3	  1	  6	 21	 49	171	224	243	252	254	248	218	183	 57	 15	  9	  3	  1	  6	 21	 50	171	224	243	252	253	247	218	182	 57	 15	  9	  3	  1	  6	 21	 49	171	224	243	252	254	248	218	183	 57	 15	  9	  3	  1	  6	 21	 50	171	224	243	252	253	247	218	182	 57	 15	  9	  3	  1	  6	 21	 49	171	224	243	252	254	248	218	183	 57	 15	  9	  3	  1	  6	 21	 50	171	224	243	252	253	247	218	182	 57	 15	  9	  3	  1	  6	 21	 49	171	224	243	252	254	248	218	183	 57	 15	  9	  3	  1	  6	 21	 50	171	224	243	252	
254	249	216	180	 59	 16	  8	  2	  2	  7	 19	 47	174	226	242	251	255	249	216	181	 60	 16	  8	  3	  2	  7	 20	 48	173	225	241	250	254	249	216	180	 59	 16	  8	  2	  2	  7	 19	 47	174	226	242	251	255	249	216	181	 60	 16	  8	  3	  2	  7	 20	 48	173	226	241	250	254	249	216	180	 59	 16	  8	  2	  2	  7	 20	 47	174	226	242	251	255	249	216	180	 60	 16	  8	  3	  2	  7	 20	 48	173	226	241	250	254	249	216	180	 59	 16	  8	  2	  2	  7	 20	 47	174	226	242	251	255	249	216	180	 60	 16	  8	  3	  2	  7	 20	 48	173	225	241	250	
238	231	214	159	 71	 31	 10	  8	  7	 11	 35	 84	153	208	233	240	238	232	214	160	 71	 32	 10	  8	  7	 11	 36	 85	152	207	233	240	238	231	214	159	 71	 31	 10	  8	  7	 11	 35	 84	153	208	233	240	238	232	214	160	 71	 32	 10	  8	  7	 11	 36	 85	152	207	233	240	238	231	214	159	 71	 31	 10	  8	  7	 11	 35	 85	152	208	233	240	238	232	214	160	 71	 32	 10	  8	  7	 11	 36	 85	152	207	233	240	238	231	214	159	 71	 31	 10	  8	  7	 11	 35	 85	152	208	233	240	238	232	214	160	 71	 32	 10	  8	  7	 11	 36	 85	152	207	233	240	
229	211	193	140	102	 42	 29	 17	 18	 33	 44	 88	134	192	210	228	230	212	194	141	103	 43	 30	 17	 19	 34	 45	 88	133	191	209	227	229	212	193	140	102	 42	 29	 17	 18	 33	 44	 88	134	192	210	228	230	212	194	141	103	 43	 30	 17	 19	 34	 45	 88	133	191	209	227	229	212	194	141	102	 42	 29	 17	 18	 33	 45	 88	134	192	210	228	230	212	194	141	103	 43	 30	 17	 19	 34	 45	 88	133	191	209	227	229	212	193	141	102	 42	 29	 17	 18	 33	 45	 88	134	192	210	228	230	212	194	141	103	 43	 30	 17	 19	 34	 45	 88	133	191	209	227	
178	157	138	125	119	105	 68	 61	 64	 66	108	111	123	136	155	176	178	157	139	126	120	106	 69	 62	 64	 67	109	112	122	136	154	175	178	157	138	125	119	105	 68	 61	 64	 66	108	111	123	136	155	176	178	157	139	126	120	106	 69	 62	 64	 67	109	112	123	136	154	175	178	157	138	125	120	105	 68	 61	 64	 66	108	111	123	136	155	176	178	157	139	126	120	106	 69	 62	 64	 67	109	112	123	136	154	175	178	157	138	125	120	105	 68	 61	 64	 66	108	111	123	136	155	176	178	157	139	126	120	106	 69	 62	 64	 67	109	112	122	136	154	175	
 51	 78	 93	113	129	146	165	185	183	163	144	127	115	 95	 74	 53	 51	 77	 92	112	130	147	166	186	184	163	145	128	116	 96	 75	 54	 51	 78	 93	113	129	146	165	185	183	163	144	127	115	 95	 74	 53	 51	 77	 92	112	130	147	166	186	184	163	145	128	116	 96	 75	 54	 51	 78	 93	113	130	146	165	186	183	163	144	127	115	 95	 75	 53	 51	 77	 92	112	130	147	166	186	184	163	145	128	116	 96	 75	 54	 51	 78	 93	113	130	146	165	185	183	163	144	127	115	 95	 75	 53	 51	 77	 92	112	130	147	166	186	184	163	144	127	116	 96	 75	 54	
 12	 24	 37	 90	148	188	201	221	219	199	195	142	 98	 38	 25	 13	 12	 23	 36	 89	149	188	202	221	219	200	195	142	 99	 39	 26	 14	 12	 24	 37	 90	148	188	201	221	219	199	195	142	 98	 38	 25	 13	 12	 23	 36	 89	149	188	202	221	219	200	195	142	 99	 39	 25	 13	 12	 24	 37	 90	148	188	202	221	219	199	195	142	 98	 38	 25	 13	 12	 23	 36	 89	149	188	202	221	219	200	195	142	 99	 39	 25	 13	 12	 24	 37	 90	148	188	202	221	219	199	195	142	 98	 38	 25	 13	 12	 23	 36	 89	149	188	202	221	219	200	195	142	 99	 39	 25	 13	
  5	 12	 22	 81	167	204	234	244	245	235	197	160	 72	 27	  9	  3	  4	 11	 22	 80	168	204	234	244	246	236	198	161	 73	 27	  9	  4	  5	 12	 22	 81	167	204	234	244	245	235	197	160	 72	 27	  9	  3	  4	 11	 22	 80	168	204	234	244	246	236	198	161	 73	 27	  9	  4	  5	 12	 22	 81	167	204	234	244	245	236	197	160	 72	 27	  9	  4	  4	 11	 22	 80	168	204	234	244	246	236	198	161	 73	 27	  9	  4	  5	 12	 22	 81	167	204	234	244	245	236	197	160	 72	 27	  9	  4	  4	 11	 22	 80	168	204	234	244	245	236	197	161	 73	 27	  9	  4	
  1	  5	 21	 49	170	223	242	251	253	247	217	181	 55	 14	  9	  3	  1	  5	 20	 48	170	223	242	252	253	247	217	182	 56	 14	  9	  3	  1	  5	 21	 49	170	223	242	251	253	247	217	181	 55	 14	  9	  3	  1	  5	 20	 48	170	223	242	252	253	247	217	182	 56	 14	  9	  3	  1	  5	 21	 49	170	223	242	251	253	247	217	181	 55	 14	  9	  3	  1	  5	 20	 48	170	223	242	252	253	247	217	182	 56	 14	  9	  3	  1	  5	 21	 49	170	223	242	251	253	247	217	181	 55	 14	  9	  3	  1	  5	 20	 48	170	223	242	252	253	247	217	182	 56	 14	  9	  3	
  1	  6	 19	 46	172	225	240	250	255	248	215	179	 58	 15	  8	  2	  1	  6	 19	 46	173	225	241	250	255	249	215	179	 58	 15	  8	  2	  2	  6	 19	 46	172	225	240	250	255	248	215	179	 58	 15	  8	  2	  1	  6	 19	 46	173	225	241	250	255	249	215	179	 58	 15	  8	  2	  1	  6	 19	 46	172	225	240	250	255	248	215	179	 58	 15	  8	  2	  1	  6	 19	 46	173	225	241	250	255	249	215	179	 58	 15	  8	  2	  1	  6	 19	 46	172	225	240	250	255	248	215	179	 58	 15	  8	  2	  1	  6	 19	 46	173	225	241	250	255	249	215	179	 58	 15	  8	  2	
  7	 11	 35	 84	151	206	232	239	237	230	213	158	 69	 30	 10	  7	  7	 11	 34	 83	151	207	232	239	238	231	213	159	 70	 31	 10	  8	  7	 11	 35	 84	151	206	232	239	237	230	213	158	 69	 30	 10	  7	  7	 11	 34	 83	151	207	232	239	238	231	213	158	 70	 31	 10	  8	  7	 11	 35	 84	151	206	232	239	237	230	213	158	 70	 30	 10	  7	  7	 11	 34	 83	151	207	232	239	238	231	213	158	 70	 31	 10	  8	  7	 11	 35	 84	151	206	232	239	237	230	213	158	 70	 30	 10	  7	  7	 11	 34	 83	151	207	232	239	238	231	213	158	 70	 31	 10	  8	
 18	 33	 44	 87	132	190	208	226	228	210	192	139	101	 41	 28	 16	 18	 32	 43	 86	133	191	209	227	229	211	193	140	102	 41	 29	 17	 18	 33	 44	 87	132	190	208	226	228	210	192	139	101	 41	 28	 16	 18	 32	 43	 86	133	191	209	227	229	211	193	140	102	 41	 29	 17	 18	 33	 44	 87	132	190	208	227	228	211	192	139	101	 41	 28	 16	 18	 32	 43	 86	133	191	209	227	229	211	193	140	102	 41	 29	 17	 18	 33	 44	 87	132	190	208	226	228	211	192	139	101	 41	 28	 16	 18	 32	 43	 86	133	191	209	227	229	211	193	140	102	 41	 29	 17	
 63	 65	107	110	121	135	153	174	176	155	137	124	118	104	 67	 60	 62	 65	106	109	122	135	154	175	177	156	138	125	119	105	 68	 61	 63	 65	107	110	121	135	153	174	176	155	137	124	118	104	 67	 60	 62	 65	106	109	122	135	154	175	177	156	138	125	119	105	 68	 61	 63	 65	107	110	121	135	153	174	177	155	137	124	118	104	 67	 60	 63	 65	107	109	122	135	154	175	177	156	138	125	119	105	 68	 61	 63	 65	107	110	121	135	153	174	177	155	137	124	118	104	 67	 60	 63	 65	107	109	122	135	154	175	177	156	138	125	119	104	 68	 61	
185	164	145	128	117	 97	 76	 55	 52	 79	 94	114	131	147	166	187	184	164	145	128	117	 97	 76	 54	 52	 79	 94	114	131	148	167	187	185	164	145	129	117	 97	 76	 55	 52	 79	 94	114	131	147	166	186	184	164	145	128	116	 96	 76	 54	 52	 78	 93	113	131	148	167	187	185	164	145	129	117	 97	 76	 55	 52	 79	 94	114	130	147	166	186	184	164	145	128	116	 96	 76	 54	 52	 78	 93	113	131	148	167	187	185	164	145	129	117	 97	 76	 55	 52	 79	 94	114	130	147	166	186	184	164	145	128	116	 96	 76	 54	 52	 78	 93	113	131	148	167	187	
220	201	196	143	100	 40	 26	 14	 13	 24	 38	 91	150	189	203	222	220	200	196	143	100	 40	 26	 14	 13	 24	 37	 91	150	189	203	222	220	201	196	143	100	 40	 26	 14	 13	 24	 38	 91	149	189	202	222	220	200	196	143	 99	 39	 26	 14	 13	 24	 37	 90	150	189	203	222	220	201	196	143	100	 40	 26	 14	 13	 24	 38	 91	149	189	202	221	220	200	196	143	 99	 39	 26	 14	 13	 24	 37	 90	150	189	203	222	220	201	196	143	100	 40	 26	 14	 13	 24	 38	 91	149	189	202	221	220	200	195	143	 99	 39	 26	 14	 13	 24	 37	 90	150	189	203	222	
246	237	198	162	 74	 28	 10	  4	  5	 12	 23	 82	169	205	235	244	246	236	198	162	 73	 28	  9	  4	  5	 12	 23	 82	169	205	235	245	246	237	198	162	 74	 28	 10	  4	  5	 12	 23	 82	168	205	234	244	246	236	198	161	 73	 27	  9	  4	  5	 12	 22	 81	169	205	235	245	246	237	198	162	 74	 28	 10	  4	  5	 12	 23	 82	168	205	234	244	246	236	198	161	 73	 27	  9	  4	  5	 12	 22	 81	169	205	235	245	246	237	198	162	 74	 28	 10	  4	  5	 12	 23	 82	168	205	234	244	246	236	198	161	 73	 27	  9	  4	  5	 12	 22	 81	169	205	235	245	
254	248	218	182	 57	 15	  9	  3	  1	  6	 21	 50	171	224	243	252	254	247	218	182	 57	 15	  9	  3	  1	  6	 21	 50	171	224	243	252	254	248	218	183	 57	 15	  9	  3	  1	  6	 21	 50	171	223	243	252	253	247	218	182	 56	 15	  9	  3	  1	  5	 21	 49	171	224	243	252	254	248	218	182	 57	 15	  9	  3	  1	  6	 21	 50	171	223	243	252	253	247	218	182	 56	 15	  9	  3	  1	  5	 21	 49	171	224	243	252	254	248	218	182	 57	 15	  9	  3	  1	  6	 21	 50	171	223	243	252	253	247	218	182	 56	 15	  9	  3	  1	  5	 21	 49	171	224	243	252	
254	249	216	180	 59	 16	  8	  2	  2	  7	 20	 47	173	226	241	250	254	249	216	180	 59	 16	  8	  2	  2	  7	 20	 47	174	226	241	251	254	249	216	180	 59	 16	  8	  2	  2	  7	 20	 47	173	225	241	250	254	249	216	180	 59	 16	  8	  2	  2	  6	 19	 47	173	226	241	251	254	249	216	180	 59	 16	  8	  2	  2	  7	 20	 47	173	225	241	250	254	249	216	180	 59	 16	  8	  2	  2	  6	 19	 47	173	226	241	251	254	249	216	180	 59	 16	  8	  2	  2	  7	 20	 47	173	225	241	250	254	249	215	180	 59	 16	  8	  2	  2	  6	 19	 47	173	226	241	251	
238	231	214	159	 71	 31	 10	  8	  7	 11	 35	 85	152	207	233	240	238	231	214	159	 71	 31	 10	  8	  7	 11	 35	 85	152	208	233	240	238	231	214	159	 71	 32	 10	  8	  7	 11	 35	 85	152	207	233	239	238	231	213	159	 70	 31	 10	  8	  7	 11	 35	 84	152	208	233	240	238	231	214	159	 71	 32	 10	  8	  7	 11	 35	 85	152	207	233	239	238	231	213	159	 70	 31	 10	  8	  7	 11	 35	 84	152	207	233	240	238	231	214	159	 71	 32	 10	  8	  7	 11	 35	 85	152	207	233	239	238	231	213	159	 70	 31	 10	  8	  7	 11	 35	 84	152	207	233	240	
229	212	194	141	103	 42	 29	 17	 18	 33	 45	 88	133	191	209	227	229	212	194	141	103	 42	 29	 17	 18	 33	 45	 88	134	192	210	228	230	212	194	141	103	 42	 30	 17	 18	 34	 45	 88	133	191	209	227	229	211	193	140	102	 42	 29	 17	 18	 33	 44	 87	134	192	210	228	230	212	194	141	103	 42	 30	 17	 18	 34	 45	 88	133	191	209	227	229	211	193	140	102	 42	 29	 17	 18	 33	 44	 87	134	191	210	228	230	212	194	141	103	 42	 30	 17	 18	 33	 45	 88	133	191	209	227	229	211	193	140	102	 42	 29	 17	 18	 33	 44	 87	134	191	210	228	
178	157	138	126	120	106	 69	 62	 64	 66	108	111	123	136	154	175	178	157	138	125	120	105	 68	 61	 64	 66	108	111	123	136	155	176	178	157	139	126	120	106	 69	 62	 64	 66	108	111	122	136	154	175	177	156	138	125	119	105	 68	 61	 63	 66	108	110	123	136	155	176	178	157	139	126	120	106	 69	 62	 64	 66	108	111	122	136	154	175	177	156	138	125	119	105	 68	 61	 63	 66	108	110	123	136	155	176	178	157	139	126	120	106	 69	 62	 64	 66	108	111	122	136	154	175	177	156	138	125	119	105	 68	 61	 63	 66	108	110	123	136	154	176	
 50	 77	 92	112	130	147	165	186	184	163	144	127	115	 96	 75	 53	 51	 78	 93	113	130	146	165	186	183	163	144	127	115	 95	 75	 53	 51	 77	 92	112	130	147	165	186	184	163	144	127	115	 96	 75	 53	 51	 78	 93	113	129	146	165	185	183	162	144	126	115	 95	 74	 53	 50	 77	 92	112	130	147	165	186	184	163	144	127	115	 96	 75	 53	 51	 78	 93	113	129	146	165	185	183	162	144	126	115	 95	 74	 53	 50	 77	 92	112	130	146	165	186	184	163	144	127	115	 96	 75	 53	 51	 78	 93	113	129	146	165	185	183	162	144	126	115	 95	 74	 53	
 12	 23	 36	 89	149	188	202	221	219	200	195	142	 99	 39	 25	 13	 12	 24	 37	 90	149	188	202	221	219	199	195	142	 98	 39	 25	 13	 12	 23	 36	 89	149	188	202	221	219	200	195	142	 99	 39	 25	 13	 12	 24	 37	 90	148	188	201	221	219	199	194	141	 98	 38	 25	 13	 12	 23	 36	 89	149	188	202	221	219	200	195	142	 98	 39	 25	 13	 12	 23	 37	 90	148	188	201	221	219	199	194	141	 98	 38	 25	 13	 12	 23	 36	 89	149	188	202	221	219	200	195	142	 98	 39	 25	 13	 12	 23	 36	 90	148	187	201	220	219	199	194	141	 98	 38	 25	 13	
  4	 11	 22	 80	168	204	234	244	245	236	197	161	 72	 27	  9	  4	  4	 11	 22	 81	167	204	234	244	245	236	197	160	 72	 27	  9	  4	  4	 11	 22	 80	168	204	234	244	245	236	197	161	 72	 27	  9	  4	  4	 11	 22	 81	167	204	234	243	245	235	197	160	 72	 27	  9	  3	  4	 11	 22	 80	168	204	234	244	245	236	197	161	 72	 27	  9	  4	  4	 11	 22	 81	167	204	234	243	245	235	197	160	 72	 27	  9	  3	  4	 11	 22	 80	168	204	234	244	245	236	197	161	 72	 27	  9	  4	  4	 11	 22	 80	167	203	233	243	245	235	197	160	 72	 27	  9	  3	
  1	  5	 20	 48	170	223	242	251	253	247	217	181	 56	 14	  9	  3	  1	  5	 21	 49	170	223	242	251	253	247	217	181	 56	 14	  9	  3	  1	  5	 20	 48	170	223	242	251	253	247	217	181	 56	 14	  9	  3	  1	  5	 21	 49	169	222	242	251	253	246	217	181	 55	 14	  8	  3	  1	  5	 20	 48	170	223	242	251	253	247	217	181	 56	 14	  9	  3	  1	  5	 21	 49	169	222	242	251	253	246	217	181	 55	 14	  8	  3	  1	  5	 20	 48	170	223	242	251	253	247	217	181	 56	 14	  9	  3	  1	  5	 20	 49	169	222	242	251	252	246	217	181	 55	 14	  8	  3	
  1	  6	 19	 45	172	225	241	250	255	248	215	179	 58	 15	  8	  2	  1	  6	 19	 46	172	225	240	250	255	248	215	179	 58	 15	  8	  2	  1	  6	 19	 46	172	225	241	250	255	248	215	179	 58	 15	  8	  2	  1	  6	 19	 46	172	224	240	250	255	248	214	179	 58	 15	  8	  2	  1	  6	 19	 46	172	225	241	250	255	248	215	179	 58	 15	  8	  2	  1	  6	 19	 46	172	224	240	250	255	248	214	179	 58	 15	  8	  2	  1	  6	 19	 46	172	225	241	250	255	248	215	179	 58	 15	  8	  2	  1	  6	 19	 46	172	224	240	249	255	248	214	178	 57	 15	  8	  2	
  7	 10	 34	 83	151	206	232	239	237	230	213	158	 70	 31	 10	  7	  7	 11	 34	 83	151	206	232	239	237	230	213	158	 70	 30	 10	  7	  7	 11	 34	 83	151	206	232	239	237	230	213	158	 70	 31	 10	  7	  7	 11	 34	 83	151	206	232	239	237	230	212	158	 69	 30	 10	  7	  7	 11	 34	 83	151	206	232	239	237	230	213	158	 70	 31	 10	  7	  7	 11	 34	 83	151	206	232	239	237	230	212	158	 69	 30	 10	  7	  7	 10	 34	 83	151	206	232	239	237	230	213	158	 70	 30	 10	  7	  7	 11	 34	 83	150	206	232	239	237	230	212	158	 69	 30	 10	  7	
 17	 32	 43	 86	132	190	209	227	229	211	193	140	101	 41	 29	 17	 18	 33	 44	 87	132	190	208	227	228	211	192	139	101	 41	 28	 16	 18	 32	 43	 86	132	190	209	227	229	211	193	140	101	 41	 29	 17	 18	 33	 44	 87	132	190	208	226	228	210	192	139	101	 41	 28	 16	 17	 32	 43	 86	132	190	209	227	229	211	193	140	101	 41	 29	 17	 18	 32	 44	 87	132	190	208	226	228	210	192	139	101	 41	 28	 16	 17	 32	 43	 86	132	190	209	227	229	211	193	140	101	 41	 29	 17	 18	 32	 44	 87	132	190	208	226	228	210	192	139	101	 40	 28	 16	
 62	 65	106	109	122	135	153	175	177	156	137	124	119	104	 68	 60	 63	 65	107	110	121	135	153	174	177	156	137	124	118	104	 67	 60	 63	 65	107	109	121	135	153	175	177	156	137	124	118	104	 68	 60	 63	 65	107	110	121	134	153	174	176	155	137	124	118	104	 67	 60	 62	 65	106	109	121	135	153	175	177	156	137	124	118	104	 68	 60	 63	 65	107	110	121	134	153	174	176	155	137	124	118	104	 67	 60	 62	 65	106	109	121	135	153	175	177	156	137	124	118	104	 67	 60	 63	 65	107	110	121	134	153	174	176	155	137	124	118	103	 67	 60	
184	164	145	128	116	 96	 76	 54	 52	 78	 93	113	131	148	167	187	185	165	146	129	117	 97	 77	 55	 53	 79	 94	114	131	147	166	186	184	164	145	128	116	 96	 76	 54	 52	 78	 93	113	131	148	167	187	185	164	146	129	117	 97	 76	 55	 52	 79	 94	114	131	147	166	187	184	164	145	128	117	 97	 76	 54	 52	 79	 94	114	131	148	167	187	185	164	146	129	117	 97	 76	 55	 52	 79	 94	114	131	147	166	187	184	164	145	128	116	 97	 76	 54	 52	 79	 94	114	131	148	167	187	185	164	146	129	117	 97	 76	 55	 52	 79	 94	114	131	147	166	186	
220	200	196	143	 99	 39	 26	 14	 13	 24	 37	 90	150	190	203	222	220	201	196	143	100	 40	 26	 14	 13	 25	 38	 91	149	189	203	222	220	200	196	143	 99	 39	 26	 14	 13	 24	 37	 90	150	189	203	222	220	201	196	143	100	 40	 26	 14	 13	 25	 38	 91	150	189	203	222	220	200	196	143	100	 40	 26	 14	 13	 24	 37	 91	150	189	203	222	220	201	196	143	100	 40	 26	 14	 13	 24	 38	 91	150	189	203	222	220	200	196	143	100	 40	 26	 14	 13	 24	 37	 91	150	189	203	222	220	201	196	143	100	 40	 26	 14	 13	 24	 38	 91	149	189	203	222	
246	236	198	161	 73	 27	  9	  4	  5	 12	 22	 81	169	206	235	245	246	237	199	162	 74	 28	 10	  4	  5	 12	 23	 82	168	205	235	244	246	236	198	161	 73	 27	  9	  4	  5	 12	 22	 81	169	205	235	245	246	237	199	162	 74	 28	 10	  4	  5	 12	 23	 82	169	205	235	244	246	236	198	161	 73	 28	  9	  4	  5	 12	 23	 82	169	205	235	245	246	237	199	162	 74	 28	 10	  4	  5	 12	 23	 82	169	205	235	244	246	236	198	161	 73	 28	  9	  4	  5	 12	 23	 82	169	205	235	245	246	237	199	162	 74	 28	 10	  4	  5	 12	 23	 82	168	205	234	244	
253	247	218	182	 56	 15	  9	  3	  1	  6	 21	 49	171	224	243	252	254	248	218	183	 57	 15	  9	  3	  1	  6	 21	 50	171	224	243	252	253	247	218	182	 56	 15	  9	  3	  1	  6	 21	 49	171	224	243	252	254	248	218	183	 57	 15	  9	  3	  1	  6	 21	 50	171	224	243	252	253	247	218	182	 57	 15	  9	  3	  1	  6	 21	 49	171	224	243	252	254	248	218	183	 57	 15	  9	  3	  1	  6	 21	 50	171	224	243	252	253	247	218	182	 57	 15	  9	  3	  1	  6	 21	 49	171	224	243	252	254	248	218	183	 57	 15	  9	  3	  1	  6	 21	 50	171	224	243	252	
254	249	216	180	 59	 16	  8	  2	  2	  7	 19	 47	174	226	242	251	255	249	216	181	 60	 16	  8	  3	  2	  7	 20	 48	173	225	241	250	254	249	216	180	 59	 16	  8	  2	  2	  7	 19	 47	174	226	242	251	255	249	216	180	 60	 16	  8	  3	  2	  7	 20	 48	173	226	241	250	254	249	216	180	 59	 16	  8	  2	  2	  7	 20	 47	174	226	242	251	255	249	216	180	 59	 16	  8	  2	  2	  7	 20	 48	173	226	241	250	254	249	216	180	 59	 16	  8	  2	  2	  7	 20	 47	174	226	242	251	255	249	216	180	 59	 16	  8	  2	  2	  7	 20	 48	173	225	241	250	
238	231	214	159	 71	 31	 10	  8	  7	 11	 35	 84	153	208	233	240	238	232	214	160	 71	 32	 10	  8	  7	 11	 36	 85	152	207	233	240	238	231	214	159	 71	 31	 10	  8	  7	 11	 35	 84	152	208	233	240	238	232	214	160	 71	 32	 10	  8	  7	 11	 36	 85	152	207	233	240	238	231	214	159	 71	 31	 10	  8	  7	 11	 35	 85	152	208	233	240	238	231	214	160	 71	 32	 10	  8	  7	 11	 36	 85	152	207	233	240	238	231	214	159	 71	 31	 10	  8	  7	 11	 35	 85	152	208	233	240	238	231	214	160	 71	 32	 10	  8	  7	 11	 36	 85	152	207	233	239	
229	211	193	140	102	 42	 29	 17	 18	 33	 44	 87	134	192	210	228	230	212	194	141	103	 43	 30	 17	 19	 34	 45	 88	133	191	209	227	229	211	193	140	102	 42	 29	 17	 18	 33	 44	 87	134	192	210	228	230	212	194	141	103	 43	 30	 17	 19	 34	 45	 88	133	191	209	227	229	212	193	141	102	 42	 29	 17	 18	 33	 45	 88	134	192	210	228	230	212	194	141	103	 43	 30	 17	 19	 34	 45	 88	133	191	209	227	229	212	193	141	102	 42	 29	 17	 18	 33	 44	 88	134	192	210	228	230	212	194	141	103	 43	 30	 17	 18	 34	 45	 88	133	191	209	227	
178	156	138	125	119	105	 68	 61	 64	 66	108	111	123	136	155	176	178	157	139	126	120	106	 69	 62	 64	 67	109	112	122	136	154	175	178	156	138	125	119	105	 68	 61	 64	 66	108	111	123	136	155	176	178	157	139	126	120	106	 69	 62	 64	 67	109	111	122	136	154	175	178	157	138	125	120	105	 68	 61	 64	 66	108	111	123	136	155	176	178	157	139	126	120	106	 69	 62	 64	 67	109	111	122	136	154	175	178	157	138	125	120	105	 68	 61	 64	 66	108	111	123	136	155	176	178	157	139	126	120	106	 69	 62	 64	 67	109	111	122	136	154	175	
 51	 78	 93	113	129	146	165	185	183	163	144	127	115	 95	 74	 53	 51	 77	 92	112	130	147	166	186	184	163	145	128	116	 96	 75	 54	 51	 78	 93	113	129	146	165	185	183	162	144	127	115	 95	 74	 53	 51	 77	 92	112	130	147	166	186	184	163	145	128	116	 96	 75	 54	 51	 78	 93	113	130	146	165	185	183	163	144	127	115	 95	 75	 53	 51	 77	 92	112	130	147	166	186	184	163	144	127	116	 96	 75	 54	 51	 78	 93	113	129	146	165	185	183	163	144	127	115	 95	 75	 53	 51	 77	 92	112	130	147	166	186	184	163	144	127	116	 96	 75	 54	
 12	 24	 37	 90	148	188	201	221	219	199	194	142	 98	 38	 25	 13	 12	 23	 36	 89	149	188	202	221	219	200	195	142	 99	 39	 25	 14	 12	 24	 37	 90	148	188	201	221	219	199	194	142	 98	 38	 25	 13	 12	 23	 36	 89	149	188	202	221	219	200	195	142	 99	 39	 25	 13	 12	 24	 37	 90	148	188	202	221	219	199	195	142	 98	 38	 25	 13	 12	 23	 36	 89	149	188	202	221	219	200	195	142	 99	 39	 25	 13	 12	 24	 37	 90	148	188	202	221	219	199	195	142	 98	 38	 25	 13	 12	 23	 36	 89	149	188	202	221	219	200	195	142	 99	 39	 25	 13	
  5	 12	 22	 81	167	204	234	243	245	235	197	160	 72	 27	  9	  3	  4	 11	 22	 80	168	204	234	244	246	236	198	161	 73	 27	  9	  4	  5	 12	 22	 81	167	204	234	243	245	235	197	160	 72	 27	  9	  3	  4	 11	 22	 80	168	204	234	244	246	236	198	161	 73	 27	  9	  4	  5	 12	 22	 81	167	204	234	244	245	235	197	160	 72	 27	  9	  4	  4	 11	 22	 80	168	204	234	244	245	236	197	161	 73	 27	  9	  4	  5	 12	 22	 81	167	204	234	244	245	235	197	160	 72	 27	  9	  3	  4	 11	 22	 80	168	204	234	244	245	236	197	161	 73	 27	  9	  4	
  1	  5	 21	 49	170	223	242	251	253	247	217	181	 55	 14	  9	  3	  1	  5	 20	 48	170	223	242	252	253	247	217	182	 56	 14	  9	  3	  1	  5	 21	 49	170	223	242	251	253	247	217	181	 55	 14	  9	  3	  1	  5	 20	 48	170	223	242	252	253	247	217	182	 56	 14	  9	  3	  1	  5	 21	 49	170	223	242	251	253	247	217	181	 55	 14	  9	  3	  1	  5	 20	 48	170	223	242	252	253	247	217	182	 56	 14	  9	  3	  1	  5	 21	 49	170	223	242	251	253	247	217	181	 55	 14	  9	  3	  1	  5	 20	 48	170	223	242	252	253	247	217	182	 56	 14	  9	  3	
  1	  6	 19	 46	172	224	240	250	255	248	215	179	 58	 15	  8	  2	  1	  6	 19	 46	173	225	241	250	255	249	215	179	 58	 15	  8	  2	  1	  6	 19	 46	172	224	240	250	255	248	215	179	 58	 15	  8	  2	  1	  6	 19	 46	173	225	241	250	255	249	215	179	 58	 15	  8	  2	  1	  6	 19	 46	172	225	240	250	255	248	215	179	 58	 15	  8	  2	  1	  6	 19	 46	173	225	241	250	255	249	215	179	 58	 15	  8	  2	  1	  6	 19	 46	172	225	240	250	255	248	215	179	 58	 15	  8	  2	  1	  6	 19	 46	173	225	241	250	255	249	215	179	 58	 15	  8	  2	
  7	 11	 35	 84	151	206	232	239	237	230	212	158	 69	 30	 10	  7	  7	 11	 34	 83	151	207	232	239	238	231	213	159	 70	 31	 10	  8	  7	 11	 35	 84	151	206	232	239	237	230	212	158	 69	 30	 10	  7	  7	 11	 34	 83	151	207	232	239	238	231	213	158	 70	 31	 10	  8	  7	 11	 35	 84	151	206	232	239	237	230	213	158	 70	 30	 10	  7	  7	 11	 34	 83	151	207	232	239	238	231	213	158	 70	 31	 10	  8	  7	 11	 35	 84	151	206	232	239	237	230	213	158	 70	 30	 10	  7	  7	 11	 34	 83	151	207	232	239	238	231	213	158	 70	 31	 10	  8	
 18	 33	 44	 87	132	190	208	226	228	210	192	139	101	 41	 28	 16	 18	 32	 43	 86	133	191	209	227	229	211	193	140	102	 41	 29	 17	 18	 33	 44	 87	132	190	208	226	228	210	192	139	101	 41	 28	 16	 18	 32	 43	 86	133	191	209	227	229	211	193	140	102	 41	 29	 17	 18	 33	 44	 87	132	190	208	226	228	210	192	139	101	 41	 28	 16	 18	 32	 43	 86	133	191	209	227	229	211	193	140	102	 41	 29	 17	 18	 33	 44	 87	132	190	208	226	228	210	192	139	101	 41	 28	 16	 18	 32	 43	 86	133	191	209	227	229	211	193	140	102	 41	 29	 17	
 63	 65	107	110	121	134	153	174	176	155	137	124	118	104	 67	 60	 62	 65	106	109	122	135	154	175	177	156	138	125	119	105	 68	 61	 63	 65	107	110	121	134	153	174	176	155	137	124	118	104	 67	 60	 62	 65	106	109	122	135	154	175	177	156	138	125	119	105	 68	 61	 63	 65	107	110	121	135	153	174	177	155	137	124	118	104	 67	 60	 62	 65	107	109	122	135	154	175	177	156	138	125	119	104	 68	 61	 63	 65	107	110	121	135	153	174	177	155	137	124	118	104	 67	 60	 62	 65	107	109	122	135	154	175	177	156	138	125	119	104	 68	 61	
185	164	145	128	117	 97	 76	 54	 52	 79	 94	114	131	147	166	187	184	164	145	128	117	 97	 76	 54	 52	 79	 94	114	131	148	167	187	185	164	145	129	117	 97	 76	 55	 52	 79	 94	114	130	147	166	186	184	164	145	128	116	 96	 76	 54	 52	 78	 93	113	131	148	167	187	185	164	145	129	117	 97	 76	 55	 52	 79	 94	114	130	147	166	186	184	164	145	128	116	 96	 75	 54	 52	 78	 93	113	131	148	167	187	185	164	145	129	117	 97	 76	 55	 52	 79	 94	114	130	147	166	186	184	164	145	128	116	 96	 75	 54	 52	 78	 93	113	131	148	166	187	
220	201	196	143	100	 40	 26	 14	 13	 24	 38	 91	150	189	203	222	220	200	196	143	100	 40	 26	 14	 13	 24	 37	 91	150	189	203	222	220	201	196	143	100	 40	 26	 14	 13	 24	 38	 91	149	189	202	221	220	200	195	143	 99	 39	 26	 14	 13	 24	 37	 90	150	189	203	222	220	201	196	143	100	 40	 26	 14	 13	 24	 38	 91	149	189	202	221	220	200	195	142	 99	 39	 26	 14	 13	 24	 37	 90	150	189	203	222	220	201	196	143	100	 40	 26	 14	 13	 24	 38	 91	149	189	202	221	219	200	195	142	 99	 39	 26	 14	 13	 24	 37	 90	150	189	203	222	
246	237	198	162	 74	 28	 10	  4	  5	 12	 23	 82	169	205	235	244	246	236	198	162	 73	 28	  9	  4	  5	 12	 23	 82	169	205	235	245	246	237	198	162	 74	 28	 10	  4	  5	 12	 23	 82	168	205	234	244	246	236	198	161	 73	 27	  9	  4	  5	 12	 22	 81	169	205	235	245	246	237	198	162	 74	 28	 10	  4	  5	 12	 23	 82	168	205	234	244	246	236	198	161	 73	 27	  9	  4	  5	 12	 22	 81	169	205	235	245	246	237	198	162	 74	 28	 10	  4	  5	 12	 23	 82	168	205	234	244	246	236	198	161	 73	 27	  9	  4	  5	 12	 22	 81	169	205	235	245	
254	248	218	182	 57	 15	  9	  3	  1	  6	 21	 50	171	224	243	252	254	247	218	182	 57	 15	  9	  3	  1	  6	 21	 50	171	224	243	252	254	248	218	182	 57	 15	  9	  3	  1	  6	 21	 50	171	223	243	252	253	247	218	182	 56	 15	  9	  3	  1	  5	 21	 49	171	224	243	252	254	248	218	182	 57	 15	  9	  3	  1	  6	 21	 50	171	223	243	252	253	247	218	182	 56	 15	  9	  3	  1	  5	 21	 49	171	224	243	252	254	248	218	182	 57	 15	  9	  3	  1	  6	 21	 50	171	223	243	252	253	247	218	182	 56	 15	  9	  3	  1	  5	 21	 49	171	224	243	252	
254	249	216	180	 59	 16	  8	  2	  2	  7	 20	 47	173	226	241	250	254	249	216	180	 59	 16	  8	  2	  2	  7	 20	 47	173	226	241	251	254	249	216	180	 59	 16	  8	  2	  2	  7	 20	 47	173	225	241	250	254	249	215	180	 59	 16	  8	  2	  2	  6	 19	 47	173	226	241	251	254	249	216	180	 59	 16	  8	  2	  2	  7	 20	 47	173	225	241	250	254	249	215	180	 59	 16	  8	  2	  2	  6	 19	 47	173	226	241	251	254	249	216	180	 59	 16	  8	  2	  2	  7	 20	 47	173	225	241	250	254	249	215	180	 59	 16	  8	  2	  2	  6	 19	 47	173	226	241	251	
238	231	214	159	 71	 31	 10	  8	  7	 11	 35	 85	152	207	233	240	238	231	214	159	 71	 31	 10	  8	  7	 11	 35	 85	152	207	233	240	238	231	214	159	 71	 32	 10	  8	  7	 11	 35	 85	152	207	233	239	238	231	213	159	 70	 31	 10	  8	  7	 11	 35	 84	152	207	233	240	238	231	214	159	 71	 31	 10	  8	  7	 11	 35	 85	152	207	233	239	238	231	213	159	 70	 31	 10	  8	  7	 11	 35	 84	152	207	233	240	238	231	214	159	 71	 31	 10	  8	  7	 11	 35	 85	152	207	233	239	238	231	213	159	 70	 31	 10	  8	  7	 11	 35	 84	152	207	233	240	
229	212	194	141	103	 42	 29	 17	 18	 33	 45	 88	133	191	209	227	229	212	194	141	103	 42	 29	 17	 18	 33	 45	 88	134	191	210	228	230	212	194	141	103	 42	 30	 17	 18	 33	 45	 88	133	191	209	227	229	211	193	140	102	 42	 29	 17	 18	 33	 44	 87	134	191	210	228	230	212	194	141	103	 42	 30	 17	 18	 33	 45	 88	133	191	209	227	229	211	193	140	102	 42	 29	 17	 18	 33	 44	 87	134	191	210	228	230	212	194	141	103	 42	 30	 17	 18	 33	 45	 88	133	191	209	227	229	211	193	140	102	 42	 29	 17	 18	 33	 44	 87	134	191	210	228	
178	157	138	126	120	105	 69	 62	 64	 66	108	111	123	136	154	175	178	157	138	125	120	105	 68	 61	 64	 66	108	111	123	136	155	176	178	157	139	126	120	106	 69	 62	 64	 66	108	111	122	135	154	175	177	156	138	125	119	105	 68	 61	 63	 66	108	110	123	136	155	176	178	157	139	126	120	106	 69	 62	 64	 66	108	111	122	135	154	175	177	156	138	125	119	105	 68	 61	 63	 66	108	110	123	136	155	176	178	157	138	126	120	106	 69	 62	 64	 66	108	111	122	135	154	175	177	156	138	125	119	105	 68	 61	 63	 66	108	110	123	136	154	176	
 50	 77	 92	112	130	146	165	186	184	163	144	127	115	 96	 75	 53	 51	 78	 93	113	130	146	165	186	183	163	144	127	115	 95	 75	 53	 51	 77	 92	112	130	146	165	186	184	163	144	127	115	 95	 75	 53	 51	 78	 93	113	129	146	165	185	183	162	144	126	115	 95	 74	 53	 50	 77	 92	112	130	146	165	186	183	163	144	127	115	 95	 75	 53	 51	 77	 92	113	129	146	165	185	183	162	144	126	115	 95	 74	 53	 50	 77	 92	112	130	146	165	186	183	163	144	127	115	 95	 75	 53	 51	 77	 92	113	129	146	165	185	183	162	144	126	115	 95	 74	 53	
 12	 23	 36	 89	149	188	202	221	219	200	195	142	 98	 39	 25	 13	 12	 23	 36	 90	149	188	202	221	219	199	195	142	 98	 38	 25	 13	 12	 23	 36	 89	149	188	202	221	219	199	195	142	 98	 39	 25	 13	 12	 23	 36	 90	148	187	201	221	219	199	194	141	 98	 38	 25	 13	 12	 23	 36	 89	149	188	202	221	219	199	195	142	 98	 39	 25	 13	 12	 23	 36	 90	148	187	201	221	219	199	194	141	 98	 38	 25	 13	 12	 23	 36	 89	149	188	202	221	219	199	195	142	 98	 39	 25	 13	 12	 23	 36	 89	148	187	201	220	219	199	194	141	 98	 38	 25	 13	
  4	 11	 22	 80	168	204	234	244	245	236	197	161	 72	 27	  9	  4	  4	 11	 22	 80	167	204	234	244	245	236	197	160	 72	 27	  9	  4	  4	 11	 22	 80	168	204	234	244	245	236	197	161	 72	 27	  9	  4	  4	 11	 22	 80	167	204	234	243	245	235	197	160	 72	 27	  9	  3	  4	 11	 22	 80	168	204	234	244	245	236	197	161	 72	 27	  9	  4	  4	 11	 22	 80	167	204	234	243	245	235	197	160	 72	 27	  9	  3	  4	 11	 22	 80	168	204	234	244	245	236	197	161	 72	 27	  9	  4	  4	 11	 22	 80	167	203	233	243	245	235	197	160	 72	 27	  9	  3	
  1	  5	 20	 48	170	223	242	251	253	247	217	181	 56	 14	  9	  3	  1	  5	 20	 49	170	223	242	251	253	247	217	181	 55	 14	  9	  3	  1	  5	 20	 48	170	223	242	251	253	247	217	181	 56	 14	  9	  3	  1	  5	 20	 49	169	222	242	251	253	246	217	181	 55	 14	  8	  3	  1	  5	 20	 48	170	223	242	251	253	247	217	181	 56	 14	  9	  3	  1	  5	 20	 48	169	222	242	251	253	246	217	181	 55	 14	  8	  3	  1	  5	 20	 48	170	223	242	251	253	247	217	181	 56	 14	  9	  3	  1	  5	 20	 48	169	222	242	251	252	246	216	181	 55	 14	  8	  3	
  1	  6	 19	 45	172	225	241	250	255	248	215	179	 58	 15	  8	  2	  1	  6	 19	 46	172	225	240	250	255	248	215	179	 58	 15	  8	  2	  1	  6	 19	 46	172	225	241	250	255	248	215	179	 58	 15	  8	  2	  1	  6	 19	 46	172	224	240	250	255	248	214	179	 58	 15	  8	  2	  1	  6	 19	 45	172	225	241	250	255	248	215	179	 58	 15	  8	  2	  1	  6	 19	 46	172	224	240	249	255	248	214	179	 58	 15	  8	  2	  1	  6	 19	 45	172	225	241	250	255	248	215	179	 58	 15	  8	  2	  1	  6	 19	 46	172	224	240	249	255	248	214	178	 57	 15	  8	  2	
  7	 10	 34	 83	151	206	232	239	237	230	213	158	 70	 30	 10	  7	  7	 11	 34	 83	151	206	232	239	237	230	213	158	 70	 30	 10	  7	  7	 11	 34	 83	151	206	232	239	237	230	213	158	 70	 30	 10	  7	  7	 11	 34	 83	150	206	232	239	237	230	212	158	 69	 30	 10	  7	  7	 10	 34	 83	151	206	232	239	237	230	213	158	 70	 30	 10	  7	  7	 11	 34	 83	150	206	232	239	237	230	212	158	 69	 30	 10	  7	  7	 10	 34	 83	151	206	232	239	237	230	213	158	 70	 30	 10	  7	  7	 11	 34	 83	150	206	232	239	237	230	212	157	 69	 30	 10	  7	
 17	 32	 43	 86	132	190	209	227	229	211	193	140	101	 41	 29	 17	 18	 32	 44	 86	132	190	208	227	228	211	192	139	101	 41	 28	 16	 18	 32	 43	 86	132	190	209	227	229	211	193	140	101	 41	 29	 17	 18	 32	 43	 86	132	190	208	226	228	210	192	139	101	 41	 28	 16	 17	 32	 43	 86	132	190	209	227	229	211	193	140	101	 41	 29	 17	 18	 32	 43	 86	132	190	208	226	228	210	192	139	101	 41	 28	 16	 17	 32	 43	 86	132	190	208	227	229	211	193	140	101	 41	 29	 16	 18	 32	 43	 86	132	190	208	226	228	210	192	139	101	 40	 28	 16	
 62	 65	106	109	121	135	153	175	177	156	137	124	118	104	 67	 60	 63	 65	107	110	121	135	153	174	177	155	137	124	118	104	 67	 60	 63	 65	107	109	121	135	153	175	177	156	137	124	118	104	 67	 60	 63	 65	107	110	121	134	153	174	176	155	137	124	118	103	 67	 60	 62	 65	106	109	121	135	153	175	177	156	137	124	118	104	 67	 60	 63	 65	107	110	121	134	153	174	176	155	137	124	118	103	 67	 60	 62	 65	106	109	121	135	153	175	177	156	137	124	118	104	 67	 60	 63	 65	107	110	121	134	153	174	176	155	137	124	118	103	 67	 60	
184	164	145	128	116	 96	 76	 54	 52	 78	 93	113	131	148	167	187	185	164	146	129	117	 97	 76	 55	 52	 79	 94	114	131	147	166	187	184	164	145	128	116	 96	 76	 54	 52	 78	 94	113	131	148	167	187	185	164	146	129	117	 97	 76	 55	 52	 79	 94	114	131	147	166	187	184	164	145	128	116	 97	 76	 54	 52	 79	 94	114	131	148	167	187	185	164	146	129	117	 97	 76	 55	 52	 79	 94	114	131	147	166	187	184	164	145	128	116	 97	 76	 54	 52	 79	 94	114	131	148	167	187	185	164	146	129	117	 97	 76	 55	 52	 79	 94	114	131	147	166	186	
220	200	196	143	 99	 39	 26	 14	 13	 24	 37	 91	150	189	203	222	220	201	196	143	100	 40	 26	 14	 13	 24	 38	 91	149	189	203	222	220	200	196	143	 99	 39	 26	 14	 13	 24	 37	 91	150	189	203	222	220	201	196	143	100	 40	 26	 14	 13	 24	 38	 91	150	189	203	222	220	200	196	143	 99	 40	 26	 14	 13	 24	 37	 91	150	189	203	222	220	201	196	143	100	 40	 26	 14	 13	 24	 38	 91	150	189	203	222	220	200	196	143	 99	 40	 26	 14	 13	 24	 37	 91	150	189	203	222	220	201	196	143	100	 40	 26	 14	 13	 24	 38	 91	149	189	203	222	
246	236	198	161	 73	 27	  9	  4	  5	 12	 22	 81	169	205	235	245	246	237	199	162	 74	 28	 10	  4	  5	 12	 23	 82	168	205	235	244	246	236	198	161	 73	 28	  9	  4	  5	 12	 22	 81	169	205	235	245	246	237	199	162	 74	 28	 10	  4	  5	 12	 23	 82	169	205	235	244	246	236	198	161	 73	 28	  9	  4	  5	 12	 23	 82	169	205	235	245	246	237	199	162	 74	 28	 10	  4	  5	 12	 23	 82	169	205	235	244	246	236	198	161	 73	 28	  9	  4	  5	 12	 23	 81	169	205	235	245	246	237	199	162	 74	 28	 10	  4	  5	 12	 23	 82	168	205	235	244	
253	247	218	182	 56	 15	  9	  3	  1	  6	 21	 49	171	224	243	252	254	248	218	183	 57	 15	  9	  3	  1	  6	 21	 50	171	224	243	252	253	247	218	182	 57	 15	  9	  3	  1	  6	 21	 49	171	224	243	252	254	248	218	183	 57	 15	  9	  3	  1	  6	 21	 50	171	224	243	252	253	247	218	182	 57	 15	  9	  3	  1	  6	 21	 49	171	224	243	252	254	248	218	183	 57	 15	  9	  3	  1	  6	 21	 50	171	224	243	252	253	247	218	182	 57	 15	  9	  3	  1	  6	 21	 49	171	224	243	252	254	248	218	183	 57	 15	  9	  3	  1	  6	 21	 50	171	224	243	252	
254	249	216	180	 59	 16	  8	  2	  2	  7	 19	 47	174	226	242	251	255	249	216	180	 59	 16	  8	  2	  2	  7	 20	 48	173	225	241	250	254	249	216	180	 59	 16	  8	  2	  2	  7	 19	 47	174	226	242	251	255	249	216	180	 59	 16	  8	  2	  2	  7	 20	 48	173	226	241	250	254	249	216	180	 59	 16	  8	  2	  2	  7	 20	 47	174	226	242	251	255	249	216	180	 59	 16	  8	  2	  2	  7	 20	 47	173	225	241	250	254	249	216	180	 59	 16	  8	  2	  2	  7	 20	 47	174	226	242	251	255	249	216	180	 59	 16	  8	  2	  2	  7	 20	 47	173	225	241	250	
238	231	214	159	 71	 31	 10	  8	  7	 11	 35	 84	152	208	233	240	238	231	214	160	 71	 32	 10	  8	  7	 11	 36	 85	152	207	233	240	238	231	214	159	 71	 31	 10	  8	  7	 11	 35	 84	152	208	233	240	238	231	214	160	 71	 32	 10	  8	  7	 11	 36	 85	152	207	233	240	238	231	214	159	 71	 31	 10	  8	  7	 11	 35	 85	152	208	233	240	238	231	214	160	 71	 32	 10	  8	  7	 11	 36	 85	152	207	233	240	238	231	214	159	 71	 31	 10	  8	  7	 11	 35	 84	152	208	233	240	238	231	214	160	 71	 32	 10	  8	  7	 11	 36	 85	152	207	233	240	
229	211	193	140	102	 42	 29	 17	 18	 33	 44	 87	134	192	210	228	230	212	194	141	103	 43	 30	 17	 18	 34	 45	 88	133	191	209	227	229	211	193	140	102	 42	 29	 17	 18	 33	 44	 87	134	192	210	228	230	212	194	141	103	 42	 30	 17	 18	 34	 45	 88	133	191	209	227	229	212	193	141	102	 42	 29	 17	 18	 33	 44	 88	134	192	210	228	230	212	194	141	103	 42	 30	 17	 18	 34	 45	 88	133	191	209	227	229	212	193	140	102	 42	 29	 17	 18	 33	 44	 88	134	192	210	228	230	212	194	141	103	 42	 30	 17	 18	 34	 45	 88	133	191	209	227	
178	157	138	125	119	105	 68	 61	 64	 66	108	111	123	136	155	176	178	157	139	126	120	106	 69	 62	 64	 67	109	111	122	136	154	175	178	157	138	125	119	105	 68	 61	 64	 66	108	111	123	136	155	176	178	157	139	126	120	106	 69	 62	 64	 66	109	111	122	136	154	175	178	157	138	125	120	105	 68	 61	 64	 66	108	111	123	136	155	176	178	157	139	126	120	106	 69	 62	 64	 66	109	111	122	136	154	175	178	157	138	125	119	105	 68	 61	 64	 66	108	111	123	136	155	176	178	157	139	126	120	106	 69	 62	 64	 66	109	111	122	136	154	175	
 51	 78	 93	113	129	146	165	185	183	163	144	127	115	 95	 74	 53	 51	 77	 92	112	130	147	166	186	184	163	144	127	116	 96	 75	 54	 51	 78	 93	113	129	146	165	185	183	163	144	127	115	 95	 74	 53	 51	 77	 92	112	130	147	166	186	184	163	144	127	116	 96	 75	 54	 51	 78	 93	113	129	146	165	185	183	163	144	127	115	 95	 75	 53	 51	 77	 92	112	130	147	166	186	184	163	144	127	116	 96	 75	 54	 51	 78	 93	113	129	146	165	185	183	163	144	127	115	 95	 74	 53	 51	 77	 92	112	130	147	166	186	184	163	144	127	116	 96	 75	 54	
 12	 24	 37	 90	148	188	201	221	219	199	195	142	 98	 38	 25	 13	 12	 23	 36	 89	149	188	202	221	219	200	195	142	 99	 39	 25	 13	 12	 24	 37	 90	148	188	201	221	219	199	195	142	 98	 38	 25	 13	 12	 23	 36	 89	149	188	202	221	219	200	195	142	 99	 39	 25	 13	 12	 24	 37	 90	148	188	201	221	219	199	195	142	 98	 38	 25	 13	 12	 23	 36	 89	149	188	202	221	219	200	195	142	 99	 39	 25	 13	 12	 24	 37	 90	148	188	201	221	219	199	195	142	 98	 38	 25	 13	 12	 23	 36	 89	149	188	202	221	219	200	195	142	 99	 39	 25	 13	
  4	 12	 22	 81	167	204	234	243	245	235	197	160	 72	 27	  9	  3	  4	 11	 22	 80	168	204	234	244	245	236	197	161	 73	 27	  9	  4	  5	 12	 22	 81	167	204	234	243	245	235	197	160	 72	 27	  9	  3	  4	 11	 22	 80	168	204	234	244	245	236	197	161	 73	 27	  9	  4	  4	 12	 22	 81	167	204	234	244	245	235	197	160	 72	 27	  9	  3	  4	 11	 22	 80	168	204	234	244	245	236	197	161	 73	 27	  9	  4	  4	 12	 22	 81	167	204	234	244	245	235	197	160	 72	 27	  9	  3	  4	 11	 22	 80	168	204	234	244	245	236	197	161	 73	 27	  9	  4	
  1	  5	 21	 49	170	223	242	251	253	247	217	181	 55	 14	  9	  3	  1	  5	 20	 48	170	223	242	252	253	247	217	182	 56	 14	  9	  3	  1	  5	 21	 49	170	223	242	251	253	247	217	181	 55	 14	  9	  3	  1	  5	 20	 48	170	223	242	251	253	247	217	182	 56	 14	  9	  3	  1	  5	 21	 49	170	223	242	251	253	247	217	181	 55	 14	  9	  3	  1	  5	 20	 48	170	223	242	251	253	247	217	181	 56	 14	  9	  3	  1	  5	 21	 49	170	223	242	251	253	247	217	181	 55	 14	  9	  3	  1	  5	 20	 48	170	223	242	251	253	247	217	181	 56	 14	  9	  3	
  1	  6	 19	 46	172	225	240	250	255	248	215	179	 58	 15	  8	  2	  1	  6	 19	 46	172	225	241	250	255	249	215	179	 58	 15	  8	  2	  1	  6	 19	 46	172	225	240	250	255	248	215	179	 58	 15	  8	  2	  1	  6	 19	 46	172	225	241	250	255	249	215	179	 58	 15	  8	  2	  1	  6	 19	 46	172	225	240	250	255	248	215	179	 58	 15	  8	  2	  1	  6	 19	 46	172	225	241	250	255	248	215	179	 58	 15	  8	  2	  1	  6	 19	 46	172	225	240	250	255	248	215	179	 58	 15	  8	  2	  1	  6	 19	 46	172	225	241	250	255	248	215	179	 58	 15	  8	  2	
  7	 11	 35	 84	151	206	232	239	237	230	213	158	 69	 30	 10	  7	  7	 11	 34	 83	151	207	232	239	238	231	213	158	 70	 31	 10	  8	  7	 11	 35	 84	151	206	232	239	237	230	213	158	 69	 30	 10	  7	  7	 11	 34	 83	151	207	232	239	238	231	213	158	 70	 31	 10	  8	  7	 11	 35	 84	151	206	232	239	237	230	213	158	 70	 30	 10	  7	  7	 11	 34	 83	151	206	232	239	237	231	213	158	 70	 31	 10	  8	  7	 11	 35	 84	151	206	232	239	237	230	213	158	 69	 30	 10	  7	  7	 11	 34	 83	151	206	232	239	237	231	213	158	 70	 31	 10	  8	
 18	 33	 44	 87	132	190	208	226	228	210	192	139	101	 41	 28	 16	 18	 32	 43	 86	133	191	209	227	229	211	193	140	102	 41	 29	 17	 18	 33	 44	 87	132	190	208	226	228	210	192	139	101	 41	 28	 16	 18	 32	 43	 86	133	191	209	227	229	211	193	140	102	 41	 29	 17	 18	 33	 44	 87	132	190	208	226	228	210	192	139	101	 41	 28	 16	 18	 32	 43	 86	133	190	209	227	229	211	193	140	102	 41	 29	 17	 18	 33	 44	 87	132	190	208	226	228	210	192	139	101	 41	 28	 16	 18	 32	 43	 86	133	190	209	227	229	211	193	140	102	 41	 29	 17	
 63	 65	107	110	121	134	153	174	176	155	137	124	118	104	 67	 60	 62	 65	106	109	122	135	154	175	177	156	138	125	119	104	 68	 61	 63	 65	107	110	121	134	153	174	176	155	137	124	118	104	 67	 60	 62	 65	106	109	122	135	154	175	177	156	138	125	119	104	 68	 61	 63	 65	107	110	121	135	153	174	177	155	137	124	118	104	 67	 60	 62	 65	107	109	122	135	154	175	177	156	137	125	119	104	 68	 61	 63	 65	107	110	121	135	153	174	176	155	137	124	118	104	 67	 60	 62	 65	107	109	122	135	153	175	177	156	137	124	119	104	 68	 61	
185	164	145	128	117	 97	 76	 54	 52	 79	 94	114	130	147	166	186	184	163	145	128	116	 96	 75	 54	 52	 78	 93	113	131	148	166	187	185	164	145	128	117	 97	 76	 54	 52	 79	 94	114	130	147	166	186	184	163	145	128	116	 96	 75	 54	 52	 78	 93	113	131	148	166	187	185	164	145	128	117	 97	 76	 54	 52	 79	 94	114	130	147	166	186	184	163	145	128	116	 96	 75	 54	 51	 78	 93	113	131	147	166	187	185	164	145	128	117	 97	 76	 54	 52	 79	 94	114	130	147	166	186	184	163	145	128	116	 96	 75	 54	 52	 78	 93	113	131	147	166	187	
220	201	196	143	100	 40	 26	 14	 13	 24	 37	 91	149	189	202	221	219	200	195	142	 99	 39	 26	 14	 13	 24	 37	 90	150	189	203	222	220	201	196	143	100	 40	 26	 14	 13	 24	 38	 91	149	189	202	221	219	200	195	142	 99	 39	 26	 14	 13	 24	 37	 90	150	189	203	222	220	201	196	143	100	 40	 26	 14	 13	 24	 38	 91	149	188	202	221	219	200	195	142	 99	 39	 26	 14	 13	 24	 37	 90	150	189	203	222	220	201	196	143	100	 40	 26	 14	 13	 24	 37	 91	149	189	202	221	219	200	195	142	 99	 39	 26	 14	 13	 24	 37	 90	150	189	203	222	
246	236	198	162	 73	 28	  9	  4	  5	 12	 23	 82	168	205	234	244	246	236	198	161	 73	 27	  9	  4	  5	 12	 22	 81	169	205	235	244	246	236	198	162	 74	 28	 10	  4	  5	 12	 23	 82	168	205	234	244	246	236	198	161	 73	 27	  9	  4	  5	 12	 22	 81	169	205	235	244	246	236	198	162	 73	 28	 10	  4	  5	 12	 23	 82	168	205	234	244	246	236	198	161	 73	 27	  9	  4	  5	 12	 22	 81	169	205	235	244	246	236	198	162	 73	 28	  9	  4	  5	 12	 23	 82	168	205	234	244	246	236	198	161	 73	 27	  9	  4	  5	 12	 22	 81	169	205	235	244	
254	248	218	182	 57	 15	  9	  3	  1	  6	 21	 50	170	223	243	252	253	247	218	182	 56	 15	  9	  3	  1	  5	 21	 49	171	224	243	252	254	248	218	182	 57	 15	  9	  3	  1	  6	 21	 50	170	223	243	252	253	247	217	182	 56	 15	  9	  3	  1	  5	 21	 49	171	224	243	252	254	248	218	182	 57	 15	  9	  3	  1	  6	 21	 50	170	223	243	252	253	247	217	182	 56	 14	  9	  3	  1	  5	 21	 49	171	224	243	252	254	248	218	182	 57	 15	  9	  3	  1	  6	 21	 50	170	223	243	252	253	247	218	182	 56	 15	  9	  3	  1	  5	 21	 49	171	224	243	252	
