16
16
1	2	136	209	249	193	22	1	1	3	139	211	246	191	20	1
7	43	75	159	180	114	69	16	8	46	78	157	178	111	66	15
183	96	63	14	6	41	88	164	185	100	61	13	6	40	85	162
232	207	32	1	1	2	132	222	236	206	31	1	1	2	131	219
253	198	25	1	1	3	146	216	252	197	24	1	1	3	144	215
176	121	73	19	9	51	83	151	173	119	72	18	9	50	82	154
5	38	93	169	190	108	56	11	4	36	91	168	189	107	58	12
1	1	128	229	243	201	27	1	1	1	125	227	242	204	29	1
1	3	141	213	248	192	21	1	1	2	137	210	250	194	22	1
8	47	79	155	177	112	67	16	7	44	77	160	181	115	70	17
186	103	60	12	5	39	87	163	184	98	64	14	6	42	89	166
238	205	30	1	1	2	130	221	234	208	33	1	1	2	134	224
251	196	23	1	1	3	142	214	255	199	26	1	1	4	147	218
171	117	71	17	8	49	80	153	174	122	75	19	10	53	84	149
4	34	90	167	188	105	57	11	5	37	95	170	190	109	54	10
1	1	124	226	240	202	28	1	1	1	127	231	245	200	26	1
