192 
96
233 214 200 180 133 73 50 35 24 40 54 71 137 185 211 224 232 215 196 184 132 75 51 36 22 39 55 72 140 184 210 227 233 214 197 182 134 76 52 35 21 40 56 69 139 185 212 226 234 213 199 180 134 75 51 34 22 37 54 69 140 186 208 224 235 212 198 181 134 76 51 36 20 38 54 71 139 187 209 225 234 213 197 182 133 73 50 35 22 40 52 71 140 186 211 227 233 213 200 182 133 73 50 34 21 39 53 72 139 187 210 226 235 215 199 183 132 75 49 34 24 38 53 70 140 184 209 224 234 214 199 183 135 75 49 33 23 40 55 69 136 185 212 225 233 214 199 183 135 76 50 34 24 39 55 69 137 186 210 224 233 214 199 182 136 74 51 33 23 40 56 71 140 187 211 224 232 214 198 181 133 73 51 33 24 39 53 72 139 187 211 225 
163 144 102 120 131 113 99 147 157 151 93 109 125 121 106 153 162 143 103 119 131 112 100 145 157 150 94 112 125 120 105 154 163 144 102 120 131 115 97 148 157 149 93 111 126 121 108 156 163 142 101 119 130 115 97 147 158 149 93 110 126 120 107 155 162 140 102 120 129 115 98 148 159 148 94 112 127 121 107 156 161 141 101 119 129 115 100 147 158 150 95 111 127 120 106 155 160 141 101 118 129 115 99 148 158 151 94 112 127 123 105 154 161 144 100 116 131 114 100 147 159 151 94 111 127 123 105 155 160 142 101 118 130 113 99 148 158 150 95 112 127 123 105 155 161 142 100 116 130 112 98 144 158 150 95 111 127 123 108 155 160 141 102 117 130 113 99 145 157 152 94 112 128 123 106 156 163 142 100 116 129 112 100 147 157 151 93 109 125 122 106 153 
28 32 46 79 89 177 203 219 230 221 206 174 87 82 59 43 27 30 48 79 90 178 203 219 229 223 205 175 86 83 59 42 26 30 47 77 88 179 202 219 228 222 204 174 85 84 60 44 26 30 46 77 90 178 201 218 229 220 205 172 85 83 59 44 25 29 48 78 90 178 200 220 228 221 204 174 86 84 60 43 26 32 47 77 90 179 201 216 229 220 205 172 85 83 59 44 25 31 48 77 89 178 203 217 228 220 204 173 85 84 59 41 25 31 47 76 89 178 202 219 231 221 207 172 86 83 60 42 27 31 48 78 88 177 202 218 231 220 207 173 88 83 57 42 28 29 47 77 91 177 201 217 230 223 206 172 86 82 57 44 27 29 48 78 91 177 200 220 231 222 207 173 86 81 57 43 26 29 45 80 92 177 203 218 231 220 207 172 87 80 58 44 
4 6 15 61 169 194 242 250 254 247 239 190 167 67 19 9 2 6 14 61 172 193 242 251 255 247 239 189 167 68 18 10 2 7 16 62 171 196 241 251 254 246 237 188 166 65 18 11 1 7 15 62 172 195 241 249 255 246 236 189 167 66 17 12 2 8 14 64 171 195 240 249 254 247 237 189 166 68 18 11 3 7 14 63 171 195 241 248 255 246 239 190 167 67 19 12 1 8 13 62 170 195 242 249 252 245 237 191 168 66 20 11 1 7 14 62 172 194 243 250 253 247 236 191 165 68 19 12 3 7 13 62 168 196 242 249 255 246 239 188 164 67 20 12 4 8 13 62 169 192 242 248 254 245 238 190 165 68 19 11 3 5 15 63 171 193 243 249 253 244 238 190 166 67 20 11 3 5 16 63 170 195 243 248 255 246 239 192 166 68 20 10 
22 37 55 70 138 184 208 227 235 212 198 182 136 76 52 33 20 38 56 68 136 187 209 225 234 213 199 181 135 73 50 34 24 36 54 70 137 187 208 224 236 214 198 183 136 74 50 36 23 38 53 70 136 188 210 225 232 215 196 182 135 72 50 35 23 39 53 70 137 185 211 227 233 214 198 183 136 74 49 34 24 39 55 69 136 185 210 225 235 216 196 181 135 74 52 36 23 37 56 69 137 184 208 224 234 214 197 180 135 74 51 35 22 38 55 68 136 185 210 227 233 213 196 181 134 73 51 36 22 37 56 71 138 186 208 226 236 215 197 181 133 73 51 35 21 37 53 71 139 186 209 226 234 215 196 180 132 72 49 36 21 37 53 72 138 185 208 227 235 215 197 181 134 75 49 35 21 37 55 69 136 185 209 227 235 216 196 183 135 75 49 36 
159 150 96 111 127 122 105 156 161 141 101 117 130 114 96 146 159 149 95 110 128 123 108 155 161 142 101 116 129 114 98 144 158 151 96 108 127 122 107 152 161 142 102 117 130 113 100 145 160 151 95 110 128 122 106 153 161 143 101 116 132 113 99 144 156 151 96 109 126 123 105 152 162 143 104 117 131 114 96 145 157 150 93 109 125 122 106 153 163 143 102 116 132 113 98 144 159 149 93 108 126 122 108 152 162 142 102 119 130 113 96 145 158 148 96 109 125 121 107 153 162 141 102 119 128 114 97 144 157 149 95 108 126 121 108 152 163 140 102 119 129 115 96 146 160 151 94 109 125 122 106 153 162 144 102 119 129 114 97 147 159 150 96 108 125 121 104 152 162 142 103 119 132 114 96 146 160 150 95 110 126 121 105 154 161 140 103 118 130 115 97 144 
229 223 205 175 86 83 60 41 26 29 47 77 91 180 200 217 230 221 206 173 88 81 58 41 28 29 45 78 92 176 201 216 231 220 207 172 87 81 57 41 27 29 46 78 91 177 204 217 230 223 206 174 88 82 58 40 28 32 45 79 92 179 202 216 229 222 206 173 87 81 57 42 27 31 45 80 91 178 203 217 231 222 207 175 88 81 58 41 28 30 45 79 92 177 201 219 230 223 206 174 87 80 57 43 27 29 45 80 91 180 200 218 229 223 205 174 88 82 57 44 28 30 45 79 91 179 200 216 229 223 205 174 85 81 59 44 25 32 46 79 90 180 201 218 228 221 204 174 85 82 59 41 26 31 44 80 89 179 204 216 229 220 205 174 88 84 60 42 28 32 46 77 88 179 202 216 228 221 204 175 87 83 59 40 27 30 47 77 90 178 201 216 
252 244 238 188 166 66 17 11 2 7 16 64 168 194 240 249 252 245 236 189 164 64 18 12 3 8 15 63 169 192 243 248 253 244 237 190 165 66 20 9 4 6 14 64 168 193 242 250 252 244 238 191 165 67 19 9 4 5 16 63 169 192 243 251 253 245 239 190 165 67 20 10 1 6 15 62 168 193 242 251 252 244 238 191 165 65 17 9 2 5 16 63 169 192 240 250 253 247 238 188 165 66 17 10 3 6 15 64 168 193 240 251 255 246 239 189 166 65 18 9 4 5 16 63 170 192 241 250 254 244 237 190 167 65 17 10 2 6 15 64 171 194 243 251 252 245 237 191 168 65 18 9 2 7 16 61 170 195 241 251 254 247 236 191 166 65 17 10 1 7 13 62 168 194 242 250 252 246 237 189 168 65 18 12 1 8 14 62 170 192 241 250 
232 214 199 181 133 72 50 34 23 39 53 72 139 186 210 225 233 215 197 183 133 74 49 35 22 39 52 71 138 185 211 226 232 215 196 182 132 75 49 35 22 39 55 72 138 184 210 227 233 212 198 181 133 76 49 33 21 37 55 71 138 186 209 226 235 213 197 181 132 75 52 34 22 37 56 72 138 187 208 226 234 212 199 182 133 76 51 33 21 38 53 71 138 188 209 227 232 213 198 183 132 75 50 33 21 38 54 71 139 186 209 226 234 212 198 184 134 76 49 33 23 40 52 70 139 187 211 225 232 213 198 182 135 75 50 33 24 39 54 70 137 187 210 224 232 212 198 183 135 75 52 33 23 38 54 68 137 188 210 225 232 213 198 183 135 74 51 34 22 38 54 70 138 187 210 226 233 212 199 182 132 74 52 32 24 38 53 71 137 187 210 224 
164 143 102 118 128 114 98 145 156 152 93 109 125 121 106 152 163 143 104 119 132 116 98 147 157 150 93 110 124 121 105 154 163 141 103 118 130 115 97 146 156 150 94 109 125 124 104 155 162 140 104 118 128 116 97 146 158 148 92 112 124 123 108 155 164 141 103 119 129 115 98 146 159 150 94 110 128 121 106 154 160 141 102 118 130 116 99 146 158 152 95 110 127 124 104 154 161 140 103 118 130 115 99 146 156 151 95 110 128 123 105 156 163 142 104 117 131 116 98 147 158 152 93 110 127 124 106 155 162 143 103 117 131 113 99 147 156 150 94 110 128 123 106 155 161 142 104 118 132 113 100 145 157 148 93 111 127 124 107 154 164 141 101 117 130 116 99 145 156 149 93 111 126 123 107 153 163 143 101 117 129 115 99 146 157 149 93 109 124 124 108 153 
26 31 45 80 89 176 203 218 232 222 208 174 85 82 57 43 25 32 46 79 89 178 202 217 228 223 204 176 85 82 60 44 25 32 46 80 89 179 200 218 229 222 205 175 85 83 59 43 25 31 48 78 89 178 201 219 231 221 207 176 85 83 60 43 25 29 47 77 89 176 201 218 230 220 206 175 85 83 59 43 25 29 46 78 88 178 202 217 229 221 205 174 86 84 60 42 26 32 46 77 90 176 203 216 232 222 208 175 84 83 59 41 25 31 46 78 89 177 203 217 230 220 206 175 86 83 58 41 26 28 47 77 90 176 203 217 231 221 207 175 87 84 57 42 27 30 47 77 92 177 202 219 231 222 207 176 87 81 58 43 27 30 47 78 91 176 201 218 231 223 207 172 85 81 56 44 25 31 45 79 91 177 200 218 230 222 206 173 86 81 58 42 
3 4 15 61 171 193 243 251 253 246 237 191 167 67 20 10 4 6 13 62 170 195 242 250 254 246 238 191 167 67 17 10 1 5 14 60 170 194 241 251 253 247 240 189 168 65 17 11 1 8 13 61 170 194 240 248 254 247 238 189 167 65 18 11 3 7 13 61 170 194 241 248 255 247 237 188 167 66 18 12 3 8 13 61 170 194 243 249 254 245 236 189 167 66 19 11 4 7 14 60 171 194 242 248 253 244 236 190 166 68 19 12 2 8 13 61 171 195 243 249 252 245 237 190 164 67 20 11 1 8 14 60 169 195 241 248 253 247 238 189 165 66 19 11 1 6 13 63 169 193 240 249 253 245 239 189 164 66 20 12 3 5 14 64 170 192 240 248 255 244 239 188 165 66 19 9 4 6 15 64 169 194 241 249 254 247 236 191 164 66 19 9 
22 40 56 69 139 185 212 226 234 213 198 182 135 75 51 33 24 37 55 70 138 187 208 228 235 212 199 180 135 73 51 33 23 38 54 69 139 186 209 226 234 214 198 182 134 73 52 34 24 38 54 69 140 187 210 225 233 215 200 183 135 74 51 34 23 40 53 68 139 184 211 224 232 215 198 182 135 73 49 36 24 39 54 70 140 185 210 224 233 214 198 180 135 73 49 35 23 40 55 69 137 185 212 225 233 214 199 181 136 72 52 34 24 39 56 70 137 184 210 226 235 215 199 181 133 74 50 34 21 38 55 72 138 185 209 227 234 215 199 180 133 73 48 34 22 40 56 71 140 184 211 227 234 214 200 181 133 74 50 35 24 40 55 71 139 185 211 224 234 214 196 180 134 76 50 35 23 39 56 69 140 184 211 225 233 213 197 183 134 75 51 35 
158 150 94 112 127 122 105 155 161 141 100 117 130 113 100 147 158 149 94 111 127 123 106 154 160 142 102 117 129 113 99 146 159 148 94 112 127 122 107 153 161 143 100 120 131 112 99 147 159 152 95 111 127 120 106 152 160 144 101 119 131 113 99 148 157 150 95 110 126 122 105 153 162 142 100 118 131 112 97 147 157 148 93 111 125 121 108 155 163 143 101 120 129 113 97 148 158 149 93 112 124 121 107 154 162 143 100 119 129 112 97 145 157 150 94 111 125 120 107 154 160 142 101 120 129 114 100 145 159 150 94 112 124 121 105 154 162 141 100 119 130 115 98 146 158 151 96 109 125 120 105 153 160 143 102 120 129 114 98 148 158 151 94 109 124 121 105 155 161 142 104 119 130 112 98 147 158 151 94 110 127 120 106 155 160 141 103 120 131 114 97 148 
228 220 204 175 88 83 59 44 28 30 47 76 90 179 201 219 229 220 206 172 86 84 58 42 27 30 48 77 91 177 203 219 231 221 207 173 86 82 57 42 26 29 47 76 91 176 202 216 230 222 206 172 86 81 56 42 26 30 46 80 91 178 203 217 228 223 204 173 86 82 57 41 26 32 48 79 91 177 201 218 230 223 206 172 86 81 57 44 27 30 48 80 91 179 200 219 228 220 204 173 87 82 57 43 27 29 47 79 91 178 201 218 228 221 205 172 87 81 56 43 27 32 48 80 92 178 201 220 228 222 204 173 85 81 60 43 26 31 45 79 89 178 200 218 229 224 205 172 85 82 59 41 25 32 46 78 89 178 201 217 228 222 204 174 86 83 59 41 26 29 46 77 89 178 203 219 229 221 205 175 86 84 60 41 26 29 48 78 90 179 202 219 
255 245 239 189 166 65 18 12 1 8 14 63 170 194 240 248 255 244 239 188 165 65 19 11 2 7 14 63 171 194 240 249 255 245 237 190 164 66 19 12 3 6 16 62 171 195 243 249 255 246 236 191 165 68 20 10 2 6 15 63 171 195 242 250 252 244 236 192 164 67 19 9 1 5 14 64 172 195 240 250 253 245 238 190 165 68 20 10 2 6 15 63 168 196 241 251 254 246 239 191 164 67 18 9 1 5 14 63 169 192 241 250 255 247 238 191 167 66 17 10 3 6 15 62 170 193 242 251 254 246 239 192 167 67 18 9 4 4 16 62 172 194 242 250 255 246 236 191 166 68 17 10 4 8 15 61 171 195 243 250 254 247 237 191 167 67 18 11 2 8 14 61 172 195 243 251 253 245 238 190 167 68 17 11 2 7 13 62 171 196 242 248 
235 214 199 180 134 73 49 34 21 39 53 71 136 185 210 225 232 215 196 181 133 74 50 36 21 40 54 72 137 184 211 224 233 214 197 184 134 74 50 35 21 40 56 71 136 185 211 224 234 213 196 181 133 75 49 36 21 37 55 72 137 186 208 226 235 212 197 180 134 76 50 35 21 38 55 71 136 186 209 227 234 213 196 184 133 75 51 34 22 36 53 71 138 187 208 226 235 215 197 183 133 76 50 36 21 37 53 72 140 187 209 227 234 214 196 182 134 75 49 36 22 37 54 69 139 186 208 224 233 214 197 183 135 75 52 35 23 37 53 69 136 187 209 225 235 213 196 184 136 76 51 36 23 36 53 69 137 186 208 226 235 212 198 183 135 73 52 33 21 38 52 70 136 186 209 227 235 215 199 182 136 73 49 34 22 37 54 70 137 188 208 227 
162 143 102 118 129 116 99 145 160 150 95 110 125 121 107 153 162 142 103 119 131 114 98 144 157 151 96 108 126 121 106 156 162 140 103 118 130 114 97 145 157 150 93 109 125 122 105 155 163 141 102 116 129 114 98 144 158 149 93 108 125 121 107 156 163 141 103 118 129 114 100 145 160 151 94 109 126 123 107 154 161 140 104 117 130 114 99 144 159 151 96 108 127 122 105 152 161 141 103 117 131 115 100 146 160 151 95 109 126 122 105 153 162 140 103 116 132 115 98 148 159 149 96 108 126 122 106 153 161 144 102 117 131 113 96 147 158 148 95 110 127 122 107 156 163 142 102 116 131 113 97 144 159 149 94 112 126 122 108 154 162 140 101 117 131 114 97 145 159 149 95 111 126 123 107 154 162 142 101 116 130 113 100 144 159 148 96 108 125 123 107 152 
27 32 46 79 92 177 203 217 230 223 206 174 86 81 57 41 26 31 44 79 90 178 202 216 229 222 205 175 87 80 59 41 28 31 45 79 89 180 201 218 228 223 204 175 88 84 60 41 28 32 45 78 90 179 200 219 229 220 205 174 87 83 58 44 27 31 45 77 89 180 202 219 229 221 205 174 88 84 58 43 28 29 44 76 90 178 203 216 231 222 207 176 85 83 60 42 25 32 46 77 89 178 204 217 230 223 206 175 85 84 59 41 26 31 45 76 89 179 202 216 230 223 206 175 86 83 58 42 27 29 47 77 90 179 202 217 230 221 206 174 88 82 58 44 28 29 48 76 91 179 203 216 229 220 206 173 87 80 57 43 27 30 48 80 92 180 202 217 230 220 206 173 88 82 58 44 28 32 45 79 91 176 201 216 231 222 207 172 87 80 57 42 
4 6 15 61 168 193 241 250 252 247 237 190 166 68 18 8 3 5 16 61 169 192 243 251 253 247 236 191 167 68 17 10 4 6 15 61 168 193 241 250 252 244 238 188 166 65 18 9 3 7 14 64 169 192 240 251 254 245 239 189 166 66 16 12 4 8 16 62 168 193 243 249 255 246 239 189 167 64 18 11 4 7 16 62 170 192 242 248 255 247 237 188 166 65 17 12 3 6 15 62 171 194 243 249 252 245 237 189 166 65 20 11 3 8 16 61 171 195 240 248 253 245 236 188 165 65 19 12 2 7 13 64 168 195 240 249 252 244 237 189 165 64 20 12 1 6 14 63 169 192 241 248 252 244 238 188 165 65 19 10 3 6 15 63 168 193 241 249 252 245 237 189 165 64 20 9 4 5 16 63 169 192 240 250 252 246 236 191 165 67 20 10 
24 38 55 70 138 186 209 224 234 212 198 183 135 75 52 33 23 37 56 69 140 187 209 227 235 213 199 182 135 76 51 34 22 37 53 70 139 188 208 227 235 216 199 182 136 74 51 32 22 38 53 69 139 186 210 227 232 214 198 183 135 73 52 33 22 39 53 70 138 187 211 225 233 215 198 182 136 74 50 33 23 40 54 69 137 185 211 225 232 213 199 181 135 73 49 33 23 39 55 69 137 184 210 224 232 212 199 180 134 74 51 32 23 39 55 70 136 185 210 225 232 212 198 181 132 73 51 34 22 40 56 71 138 184 211 226 233 213 198 182 133 73 49 33 21 39 55 72 139 185 211 225 232 216 197 180 132 74 49 35 22 39 56 71 139 184 210 224 233 214 197 181 133 75 50 36 22 39 55 72 138 185 210 225 232 213 196 182 132 76 52 36 
156 151 93 111 128 122 105 154 163 140 101 117 130 114 96 146 158 150 92 111 127 124 104 152 164 144 101 117 128 115 100 148 160 149 94 110 128 123 108 153 161 143 101 118 130 116 98 147 159 151 96 111 127 124 106 154 161 143 104 117 131 115 96 147 156 150 95 112 128 123 105 154 162 143 102 119 130 116 97 146 157 149 92 111 124 122 106 155 164 144 102 118 128 113 98 145 156 149 94 111 125 123 107 155 163 143 102 118 129 113 98 145 157 150 92 110 128 124 107 155 164 142 101 118 129 114 99 144 156 151 93 110 127 123 104 154 163 140 104 118 128 116 99 146 157 152 92 109 125 124 106 153 162 141 103 118 129 115 100 147 156 150 93 108 128 121 105 152 163 144 103 119 128 116 99 147 157 151 92 110 127 121 104 156 163 141 102 119 132 115 97 146 
229 221 205 174 85 83 59 43 25 29 47 78 88 179 200 218 230 221 206 173 85 83 60 43 25 28 46 77 92 176 202 217 231 220 207 172 84 82 57 44 25 30 47 77 91 177 203 217 230 221 206 173 85 81 58 43 26 29 48 79 92 176 202 216 231 222 208 175 84 80 60 41 25 32 47 80 91 177 200 218 230 221 206 174 87 81 59 41 27 31 47 78 92 176 201 219 229 220 206 174 88 80 58 44 28 29 46 78 91 177 201 219 231 221 207 174 87 81 60 42 28 30 46 79 90 176 200 218 231 220 207 172 84 80 59 40 25 31 45 79 88 177 201 218 231 223 207 175 86 84 60 42 26 31 45 78 90 176 200 219 231 223 208 175 84 83 59 42 24 29 46 77 88 178 203 219 228 223 204 175 85 83 60 43 25 30 47 77 89 179 202 218 
254 244 239 188 168 65 16 11 2 8 13 63 172 194 242 249 254 244 238 189 164 65 20 12 1 7 13 64 171 195 241 248 254 246 238 190 165 66 19 11 2 8 13 62 171 195 243 249 253 246 237 190 167 67 19 10 1 5 13 60 170 194 242 248 253 247 236 191 166 67 20 10 2 6 13 61 169 194 241 251 252 245 238 191 165 66 19 9 1 8 14 61 169 193 240 250 253 244 239 190 168 67 18 10 2 7 13 64 168 193 242 251 254 244 239 191 167 68 18 9 4 6 15 63 170 192 243 250 255 246 238 190 168 67 17 10 3 8 16 62 171 194 243 251 254 247 239 190 167 67 17 8 4 7 16 61 171 195 242 251 254 246 238 192 167 66 17 12 1 8 13 62 170 195 242 249 255 247 239 189 166 66 18 11 1 7 14 64 170 194 243 248 
233 215 198 182 134 72 50 34 22 39 54 72 138 184 211 226 233 214 197 181 133 73 49 35 24 39 55 71 138 185 211 225 232 212 196 180 132 72 48 36 24 39 55 72 138 184 210 224 234 213 197 181 133 76 50 35 23 37 56 71 137 185 209 226 235 213 199 181 132 75 49 35 24 37 55 72 139 184 208 227 235 214 198 182 133 76 52 36 21 37 56 71 139 187 209 228 234 215 198 183 132 75 51 35 22 40 54 70 139 186 211 226 234 215 197 183 135 76 49 35 23 38 53 69 138 188 210 227 235 215 196 180 135 75 50 35 24 38 54 70 137 187 210 227 235 214 199 182 134 74 51 34 23 38 53 68 137 187 209 227 234 213 199 182 135 73 51 33 24 37 54 69 137 187 208 227 234 212 199 184 135 74 48 33 23 40 53 68 139 186 211 226 
161 144 104 118 128 112 99 147 157 148 94 109 125 120 107 155 160 142 103 120 129 113 98 146 157 152 94 109 124 121 106 155 162 141 104 119 132 112 97 146 156 150 93 112 125 120 104 155 163 141 102 120 129 113 100 146 158 148 93 110 124 121 105 153 163 142 100 119 128 112 99 145 159 150 94 110 126 120 108 152 160 142 101 118 132 114 100 147 159 151 95 110 127 121 105 153 161 141 101 119 131 116 97 147 158 150 95 109 126 120 104 153 160 141 104 120 131 115 97 147 158 148 94 112 124 121 108 152 161 142 103 119 131 112 97 146 160 149 95 111 126 120 107 154 160 143 102 120 132 114 98 145 159 149 96 111 124 122 107 155 161 143 101 117 131 112 97 144 159 148 95 110 125 124 107 154 160 142 102 117 130 113 98 145 158 149 95 109 124 123 108 153 
27 31 45 79 91 176 201 216 231 223 207 176 88 81 56 42 28 32 45 80 90 178 204 219 228 224 204 174 87 81 58 42 27 32 48 79 89 179 201 218 229 222 205 175 87 82 59 41 27 31 46 80 88 179 200 219 228 223 204 173 86 84 59 42 27 30 46 77 89 178 204 218 228 223 205 172 86 82 57 43 26 28 46 78 88 178 203 217 228 224 204 173 85 82 58 42 25 30 45 80 89 180 202 216 229 223 205 173 85 83 57 41 25 32 48 79 88 179 203 217 228 222 204 176 86 83 57 44 26 30 47 78 92 179 203 219 229 222 205 174 87 82 57 43 27 29 47 80 91 178 203 218 228 221 204 173 87 81 57 44 28 32 47 79 91 177 202 218 230 220 206 172 86 81 57 41 27 31 45 80 91 177 200 217 231 222 207 173 87 82 58 41 
3 5 16 62 170 195 240 251 253 246 236 192 166 67 18 10 4 6 15 62 170 194 243 250 252 245 237 190 167 67 18 9 3 5 15 63 170 194 242 251 255 244 239 191 166 65 17 10 4 6 16 63 168 193 240 251 254 245 238 189 164 65 18 11 3 8 15 63 171 192 241 250 255 244 239 188 166 65 17 12 3 7 15 64 171 195 243 249 254 246 236 189 164 68 17 11 4 5 15 63 171 195 242 248 252 247 236 188 165 66 19 10 1 7 14 61 170 195 240 249 252 247 237 189 164 66 20 12 1 5 14 61 169 194 241 248 253 245 236 188 165 66 19 11 2 5 13 64 168 193 240 249 255 245 237 189 164 65 18 10 2 5 14 62 169 192 240 248 253 244 236 190 165 68 20 10 3 6 15 60 171 193 241 251 254 245 237 191 164 67 19 9 
21 38 55 70 136 187 209 225 234 212 200 181 134 75 51 33 21 37 54 69 137 187 208 227 235 215 198 182 135 75 52 33 21 38 53 68 137 186 209 226 234 214 199 183 134 74 52 33 22 40 54 69 140 187 212 227 233 215 197 182 134 73 51 36 21 39 52 69 138 187 210 224 232 213 196 183 135 72 50 34 23 40 54 69 138 186 211 224 233 212 196 180 134 73 48 34 24 38 53 68 137 185 209 225 235 213 197 181 134 72 50 34 24 37 56 72 138 184 208 224 233 213 200 182 133 73 52 33 21 37 55 71 140 185 208 225 234 212 198 183 133 72 50 36 22 37 56 71 139 184 209 224 233 213 197 183 134 76 49 35 20 40 55 71 140 185 212 225 232 215 196 181 133 75 52 35 21 39 56 71 138 184 210 224 235 214 197 180 133 75 51 35 
159 151 93 111 126 122 105 154 162 141 101 116 131 116 97 144 159 150 96 112 126 123 105 153 161 142 102 117 131 115 99 145 159 148 95 110 126 123 107 153 161 143 102 116 130 115 99 145 158 149 95 108 127 122 107 154 160 144 103 117 132 114 97 148 157 152 95 109 127 122 107 155 162 140 103 116 130 113 97 146 156 149 93 109 125 124 106 156 163 142 104 117 129 113 98 146 157 148 93 112 125 123 108 154 163 142 103 116 129 112 99 145 159 152 93 111 126 123 106 155 162 144 101 117 130 114 100 146 158 151 96 110 125 122 105 155 162 142 100 116 130 115 99 148 158 151 94 109 127 121 105 154 164 142 104 118 129 115 99 147 158 151 94 110 126 121 106 153 163 140 102 120 129 114 99 148 156 152 94 112 126 120 106 155 163 141 100 119 130 114 98 146 
228 220 204 172 86 84 59 44 26 30 48 77 89 178 202 218 230 220 206 173 86 83 59 43 26 30 46 78 90 177 202 217 231 221 207 174 86 84 57 43 26 29 45 76 92 176 203 216 231 220 207 174 85 81 57 44 25 29 45 78 90 177 202 217 230 221 206 175 88 82 58 42 28 31 45 79 90 179 201 220 230 220 206 175 87 84 58 41 27 32 48 79 91 178 200 218 231 221 207 175 87 83 60 43 28 31 47 77 91 178 201 219 231 220 207 174 87 82 59 43 27 31 46 78 90 178 202 217 230 221 206 173 85 84 58 41 25 32 45 77 89 176 200 216 230 223 206 172 85 83 58 41 25 30 46 77 89 179 201 216 229 222 205 176 85 84 58 42 25 30 48 77 90 179 202 217 229 223 205 174 88 83 58 44 28 29 47 77 89 179 203 220 
252 247 238 189 167 65 20 11 1 7 13 64 169 192 241 248 255 246 239 188 165 66 19 12 2 8 16 61 169 192 240 249 254 247 236 189 165 68 20 11 1 7 14 61 172 193 241 248 253 247 236 188 166 67 19 12 2 6 15 61 170 196 243 249 252 246 237 191 165 68 20 9 1 5 14 62 169 194 241 250 253 246 237 190 167 66 19 10 2 6 13 61 168 193 240 251 255 245 238 192 166 64 20 12 3 6 16 62 169 192 243 250 254 244 238 191 166 65 17 11 3 8 15 63 172 193 242 249 255 246 239 191 166 65 18 10 4 7 16 62 170 196 242 251 253 247 238 191 166 68 20 12 3 6 15 61 172 194 243 250 252 247 239 190 166 67 19 11 4 7 13 64 169 195 243 249 252 246 238 188 167 66 18 12 2 6 13 63 168 193 243 249 
233 215 196 183 136 74 49 36 24 40 52 71 139 185 211 225 232 214 197 184 132 73 50 35 23 38 56 72 139 184 210 224 233 213 197 181 133 73 50 36 23 36 55 70 138 185 208 225 235 212 198 181 136 75 49 34 23 38 55 70 137 185 209 225 234 214 199 180 135 76 49 33 22 38 56 72 136 185 209 226 235 215 199 181 133 74 51 33 22 39 55 71 140 186 210 226 233 216 199 182 136 74 52 33 21 39 54 70 138 187 211 227 232 214 198 182 135 75 51 36 22 39 53 70 136 186 211 226 232 214 197 181 136 75 50 35 23 40 52 69 137 186 211 227 233 215 196 181 135 74 52 34 24 39 53 70 138 187 210 226 236 214 199 180 136 73 50 33 23 37 53 69 138 186 209 226 234 213 198 183 135 73 50 34 23 37 53 69 139 185 208 227 
160 143 103 118 130 114 100 147 158 149 95 110 127 121 106 154 163 143 103 119 130 114 98 147 156 150 94 110 128 121 108 155 163 140 101 119 128 114 97 147 157 151 93 111 125 121 106 154 163 141 101 118 129 113 98 146 160 151 94 111 125 124 106 152 162 142 101 118 129 115 99 145 159 150 96 112 126 122 104 153 161 143 102 120 130 115 99 144 160 151 95 110 128 122 105 153 160 143 101 119 131 115 96 148 158 150 96 109 127 122 105 152 161 142 102 119 132 114 98 146 156 149 94 108 128 121 106 153 163 141 103 118 128 113 97 144 157 149 92 112 127 123 107 152 162 141 102 117 130 113 96 145 157 150 93 110 126 123 108 156 162 142 101 117 130 113 97 146 160 150 93 108 127 123 104 154 162 143 104 116 132 116 96 146 158 149 96 109 128 122 106 152 
25 32 46 78 91 177 201 217 230 222 206 175 85 82 58 41 25 29 47 78 92 180 200 216 229 223 205 175 85 80 58 40 25 30 47 79 89 178 200 219 228 223 204 173 88 82 60 42 28 31 47 79 89 179 201 218 229 222 205 172 87 83 59 41 27 32 48 77 92 177 202 216 231 223 207 173 86 83 60 44 26 30 47 77 91 176 203 217 230 222 206 173 85 81 59 43 25 30 45 78 90 177 203 217 230 222 206 172 86 82 58 41 26 29 45 78 92 177 200 218 229 223 205 173 88 81 59 42 28 29 48 80 91 180 201 219 228 221 204 175 87 81 60 43 27 30 46 78 92 178 202 219 231 220 207 174 88 81 59 43 28 31 44 78 91 177 204 219 230 221 207 173 86 81 60 40 26 32 46 78 92 176 202 218 231 221 207 175 84 81 57 42 
4 8 16 61 171 195 241 251 254 245 237 190 166 66 17 9 3 5 14 62 171 195 242 250 252 244 238 191 168 64 17 10 4 6 13 63 170 195 243 251 252 245 238 191 167 66 18 9 3 7 13 64 169 194 242 250 255 244 239 190 168 66 17 10 4 8 13 63 168 193 242 252 254 245 238 189 167 67 18 11 4 7 16 63 172 192 243 248 252 247 239 188 166 67 17 11 2 8 15 64 170 196 241 249 253 246 237 189 167 67 18 9 1 7 14 62 168 194 241 251 253 247 236 188 167 68 19 10 2 6 13 61 169 192 240 250 254 244 237 189 167 67 19 9 1 8 14 63 170 193 241 249 254 244 236 188 168 65 17 9 2 8 16 63 170 193 242 251 255 245 237 191 165 64 18 9 1 8 15 61 171 194 240 250 255 244 236 191 165 68 17 10 
22 38 55 72 137 187 210 226 235 212 198 180 134 76 52 34 23 37 54 69 137 187 209 226 234 214 199 182 135 75 49 34 22 40 54 70 136 187 211 227 232 215 197 183 134 76 50 35 21 39 53 72 138 187 210 226 233 214 196 184 132 73 51 35 24 40 54 71 139 186 211 227 233 212 197 182 134 74 52 36 23 37 53 70 138 188 209 225 234 213 197 183 132 76 50 36 24 37 53 72 137 184 208 224 234 212 196 183 133 75 50 35 23 38 55 71 139 185 209 225 235 212 197 184 132 74 49 33 21 38 56 72 139 187 209 224 235 213 199 183 133 76 49 33 21 37 54 71 139 186 208 225 234 212 198 183 132 75 49 36 21 38 54 72 137 185 209 224 232 215 197 182 133 76 51 35 24 39 56 71 136 188 211 225 232 214 199 181 132 75 51 32 
156 150 93 111 125 124 108 156 162 140 101 117 129 113 96 145 160 152 92 109 124 123 106 153 162 142 102 117 130 113 98 145 158 150 96 109 126 124 105 152 160 142 103 117 131 116 100 144 156 149 94 109 128 122 105 156 161 142 104 120 131 115 97 146 157 148 92 110 127 120 106 155 164 141 103 118 131 114 96 147 158 149 93 109 124 121 107 155 162 141 103 118 128 113 100 146 158 149 94 110 125 121 107 155 164 140 103 118 129 114 99 145 159 150 94 111 124 124 107 156 162 143 102 117 130 116 99 147 159 151 95 110 125 122 104 155 160 143 101 119 131 115 99 147 159 152 95 109 124 122 105 154 161 144 103 119 132 116 100 147 158 148 96 112 125 121 106 152 161 141 103 119 130 114 99 145 157 150 95 111 124 122 107 153 164 141 101 118 129 112 98 144 
229 223 205 173 87 82 60 43 28 31 45 80 88 176 202 219 232 221 208 173 88 83 60 44 28 31 45 77 90 177 203 218 230 220 206 174 87 83 57 44 27 32 46 77 91 178 202 216 231 221 207 175 85 81 58 43 25 30 46 78 91 178 203 219 229 220 205 176 84 81 56 42 25 29 45 80 89 179 200 218 228 221 204 174 88 82 57 40 28 29 46 79 90 179 201 219 228 220 204 175 86 82 57 42 27 31 47 80 89 179 202 217 229 221 205 175 84 84 57 44 24 32 46 79 89 178 203 216 232 222 208 174 85 82 56 42 26 31 45 78 89 177 203 217 230 222 206 173 86 82 57 41 26 32 48 79 89 176 201 217 229 224 205 175 86 82 56 44 27 29 47 80 89 180 200 216 228 222 204 174 87 82 59 43 27 29 48 79 90 178 201 217 
252 246 239 188 167 65 19 10 2 7 15 63 169 193 244 249 253 247 238 189 164 68 18 11 1 8 15 60 168 193 242 248 255 246 236 188 165 67 19 12 2 8 16 62 169 192 241 249 253 246 237 189 164 68 18 11 1 5 16 61 171 193 240 248 252 247 236 190 165 65 19 10 2 6 15 60 170 195 240 249 255 244 237 191 164 65 19 9 1 5 13 62 169 194 241 251 254 244 236 190 165 65 19 10 4 5 13 61 171 193 242 250 255 245 239 190 164 66 18 10 4 5 16 64 171 195 243 248 252 245 238 191 165 65 17 12 3 5 15 62 171 194 243 250 252 246 239 190 164 66 18 11 4 5 13 61 169 195 240 248 253 246 238 189 166 67 18 10 3 6 14 62 168 193 241 248 253 247 239 189 167 66 20 11 2 5 14 63 169 192 242 248 
234 213 197 182 135 73 49 35 21 40 56 70 139 184 211 224 232 215 196 183 133 74 51 36 21 39 55 71 139 185 210 225 235 213 198 180 133 72 51 33 24 37 56 71 139 184 209 224 234 212 199 181 134 74 52 33 23 37 55 69 138 185 208 225 235 215 200 181 133 75 50 34 22 38 56 70 137 184 210 224 232 214 198 180 135 75 49 34 21 40 55 69 139 186 211 227 232 214 198 181 134 73 49 33 22 40 56 69 138 187 212 226 233 215 199 180 134 74 51 34 24 39 53 69 137 186 210 227 233 215 198 181 134 73 52 36 23 39 54 69 137 184 210 226 232 215 197 180 134 73 51 34 24 40 56 69 138 186 211 227 233 213 199 181 134 73 52 33 22 38 55 70 139 184 210 227 235 212 198 183 135 73 49 36 21 37 54 68 140 185 209 226 
161 144 103 120 131 115 99 148 158 149 95 110 126 121 104 154 160 143 103 119 132 116 100 146 157 148 94 111 125 122 107 155 164 144 100 120 129 114 99 147 159 149 93 112 125 122 107 154 162 143 102 118 129 113 98 147 159 150 96 111 124 123 108 153 160 144 101 116 128 112 100 146 159 151 95 111 126 123 105 152 161 143 100 117 130 116 98 145 157 151 96 111 127 124 106 154 162 143 101 117 130 114 97 147 156 151 93 110 127 122 104 154 162 142 100 120 130 112 97 146 157 148 93 109 126 121 106 153 163 141 104 119 129 113 98 145 157 149 93 111 126 120 106 153 163 140 102 118 129 114 98 145 156 150 94 111 128 124 106 154 163 142 101 117 128 114 97 146 157 151 93 109 127 122 105 155 162 143 102 118 131 115 97 147 159 151 94 109 127 120 105 155 
26 30 46 76 91 179 203 218 228 220 204 175 86 81 57 42 26 29 48 79 91 179 201 217 229 223 205 174 85 81 58 42 25 30 48 80 89 179 201 219 229 222 205 172 86 82 59 41 26 29 47 79 89 177 200 218 230 223 206 173 87 84 59 41 28 31 47 76 90 176 201 217 230 222 207 173 86 83 58 43 26 31 48 78 90 177 202 216 231 223 207 172 85 84 59 44 25 32 46 76 92 177 201 218 231 223 207 173 88 83 60 43 28 29 45 77 90 176 200 219 230 222 206 172 87 82 59 43 27 30 47 77 90 177 201 220 228 220 205 175 88 83 59 44 28 28 47 77 90 179 200 218 228 221 204 174 85 84 58 42 25 30 45 76 90 178 203 218 231 220 207 172 85 83 58 42 25 30 45 77 90 177 203 219 230 221 206 174 85 84 57 41 
3 6 13 61 170 196 241 250 255 244 236 191 166 67 20 12 4 6 13 64 171 194 240 249 254 245 239 191 167 65 20 9 3 5 14 63 171 194 240 250 253 244 239 190 167 65 19 10 2 6 14 63 170 195 242 251 255 245 238 192 166 66 20 11 4 7 13 64 169 194 243 250 254 246 239 188 166 67 17 12 3 8 14 64 171 193 242 249 252 246 239 189 168 68 18 11 2 7 16 63 170 195 243 248 252 247 238 191 167 67 19 12 2 7 14 62 169 194 240 249 254 246 237 190 167 67 20 11 1 8 13 60 169 193 240 249 255 247 236 189 166 68 19 10 2 7 16 62 170 192 242 251 255 245 237 192 165 66 20 12 1 7 15 64 171 194 243 250 254 244 236 191 165 65 19 12 2 7 16 62 172 195 243 249 254 245 237 191 164 67 18 12 
24 39 53 71 137 186 210 227 235 214 199 181 134 74 50 33 24 37 53 69 136 186 208 227 234 214 198 182 136 75 49 34 23 38 53 69 137 186 210 226 233 215 196 182 135 75 49 36 21 39 53 70 136 186 211 227 232 214 197 183 136 73 48 36 21 39 53 70 140 187 210 227 234 213 197 183 135 73 51 35 24 36 54 72 138 187 208 226 235 212 196 182 134 74 51 35 23 38 52 71 136 185 209 225 236 213 197 183 135 74 52 36 21 37 54 70 138 184 208 224 234 214 196 182 136 76 49 34 22 36 55 70 139 186 208 225 234 212 199 183 135 75 50 33 22 38 55 70 138 185 209 224 235 213 198 184 136 74 48 36 23 37 53 70 136 187 208 225 234 214 196 181 133 74 50 35 23 40 54 71 137 186 211 224 233 215 198 180 133 74 50 33 
157 148 94 110 125 123 107 152 163 141 100 117 128 114 98 145 159 151 93 108 127 123 106 153 162 140 104 118 130 113 98 144 158 151 95 110 127 121 105 153 161 141 103 118 131 114 96 145 157 152 95 109 127 121 104 154 163 140 103 119 132 115 97 144 157 149 93 108 126 121 106 155 163 141 103 119 131 114 97 148 158 149 93 109 125 122 107 156 163 140 104 120 132 113 98 146 159 148 94 108 125 121 108 152 161 142 103 118 131 116 99 144 160 150 95 112 125 122 107 154 160 143 102 117 132 115 100 146 158 150 96 110 127 123 108 154 161 142 100 116 131 115 96 147 159 150 95 109 126 122 107 156 161 143 101 120 131 113 98 146 159 149 95 110 126 121 108 154 160 140 104 118 130 113 98 144 158 149 96 111 126 123 107 153 161 141 101 116 129 113 100 145 
231 223 207 173 87 83 59 44 27 32 44 78 89 177 202 219 230 222 206 172 87 84 59 41 27 32 46 77 90 177 203 218 231 221 207 176 88 83 57 42 28 31 45 77 92 178 204 216 228 220 205 175 86 80 57 43 27 30 44 78 91 179 202 218 228 221 204 174 85 82 57 44 25 30 46 79 92 180 203 219 229 220 205 175 87 80 60 42 28 29 45 79 91 178 203 218 229 221 205 176 87 81 58 42 27 30 48 78 90 179 204 216 228 220 204 175 85 81 58 41 25 31 47 79 91 179 203 217 229 223 205 174 85 81 58 41 25 32 45 80 92 178 202 216 231 223 207 172 86 80 57 41 26 31 46 79 91 177 202 216 230 222 206 173 87 81 60 43 28 32 47 79 92 179 201 217 228 223 205 176 88 80 59 44 28 31 47 78 89 178 200 216 
253 247 238 189 166 65 17 9 1 7 16 62 168 193 242 251 252 246 237 188 165 66 17 11 2 8 16 61 169 192 243 251 255 247 237 189 164 67 18 12 4 7 15 61 168 193 243 248 254 247 236 188 165 67 17 12 3 5 15 62 171 192 241 249 252 246 237 190 167 64 19 9 2 5 16 62 170 195 241 250 253 244 236 191 166 66 20 10 4 5 15 61 168 194 240 251 255 245 237 190 166 65 20 9 3 8 13 61 170 192 241 250 254 244 238 188 166 64 17 9 4 6 16 63 171 194 242 251 252 245 239 190 164 66 18 9 3 7 15 64 170 195 241 250 253 244 238 188 167 65 17 9 4 6 13 63 168 194 240 249 252 247 237 189 167 68 17 9 3 5 13 62 169 192 241 251 252 246 239 188 167 66 17 10 4 8 14 64 169 193 240 251 
234 213 197 184 135 76 51 35 22 38 55 70 139 187 209 225 232 212 196 182 132 73 52 35 21 40 54 72 140 187 212 224 233 212 200 183 133 73 52 33 22 38 54 71 139 188 209 225 235 213 199 181 132 74 51 34 24 37 54 72 138 184 208 224 234 214 198 180 133 76 50 33 22 40 54 71 136 185 211 225 232 215 199 181 132 75 50 32 21 39 55 70 137 186 210 226 233 215 199 181 133 76 49 34 24 39 55 71 140 187 210 227 232 212 199 181 132 75 50 33 23 40 53 72 137 187 211 226 232 213 198 180 133 74 51 36 24 40 53 71 136 188 211 225 233 214 196 181 132 75 52 35 21 39 54 72 140 186 211 227 232 216 197 182 134 76 51 33 21 38 54 69 139 186 209 226 235 214 200 183 136 75 52 34 22 36 56 69 139 187 208 225 
162 143 104 119 131 115 97 147 158 150 96 112 126 121 106 155 161 143 102 119 131 115 97 147 156 149 94 111 126 122 108 155 163 142 101 117 128 115 98 148 158 148 93 111 125 123 107 155 162 143 101 117 129 114 100 147 159 150 94 111 126 124 107 152 161 142 102 117 129 113 99 146 158 151 95 112 128 123 105 153 161 143 102 118 128 115 99 144 156 152 95 111 127 123 105 154 162 144 101 117 129 115 96 145 157 150 92 110 128 123 105 155 163 141 101 118 128 113 97 148 157 152 94 108 126 122 105 155 164 141 103 119 129 113 98 145 156 151 93 109 124 121 105 153 162 141 104 118 128 114 99 144 157 152 92 112 125 123 104 152 163 142 103 117 130 115 100 148 156 151 93 109 125 122 105 153 163 142 102 120 131 116 98 147 160 151 92 108 128 121 105 154 
25 29 48 80 92 178 203 217 229 221 205 175 84 81 58 43 24 30 47 79 91 179 200 216 228 222 204 174 86 81 60 43 26 29 47 79 88 178 201 217 230 223 206 173 85 82 59 44 25 30 48 79 90 176 201 219 231 222 207 172 88 83 60 42 28 32 48 77 88 177 200 217 232 222 208 173 86 83 58 41 27 31 47 77 89 177 201 216 230 223 206 174 85 82 56 41 25 32 46 77 89 176 200 219 230 222 206 172 86 83 57 43 26 29 44 80 89 177 201 218 231 221 207 173 87 84 57 44 27 29 46 78 88 176 200 218 230 221 206 174 87 83 60 43 27 30 48 78 89 179 201 219 229 220 205 175 84 83 59 44 25 29 46 78 88 178 203 219 231 221 207 174 86 82 58 41 26 30 45 77 90 176 202 219 230 220 206 174 85 82 57 41 
2 6 13 61 171 194 242 249 255 245 240 190 168 68 19 10 4 5 14 63 172 195 241 248 253 244 238 190 166 66 19 10 3 6 13 63 171 195 240 250 252 245 239 191 168 65 19 9 1 8 12 64 170 195 242 251 253 244 238 191 165 68 18 10 3 7 14 61 168 194 243 251 255 247 239 189 164 67 18 11 1 8 13 62 169 192 243 248 253 247 238 188 165 67 17 12 1 6 16 63 172 193 242 249 252 246 240 190 165 68 18 11 1 5 15 64 169 196 243 248 255 247 236 189 168 68 19 11 2 5 13 62 168 193 242 248 254 247 237 191 166 67 20 12 1 5 14 62 172 192 243 248 254 246 239 190 166 66 19 11 2 8 16 60 171 196 243 249 255 245 238 190 164 64 19 11 1 7 15 61 170 195 242 248 255 244 237 190 165 66 20 11 
23 40 54 72 138 184 211 226 233 214 199 180 134 75 48 33 23 39 56 68 138 185 210 227 235 215 198 181 135 76 50 36 24 39 56 70 137 184 210 227 233 214 197 180 135 76 49 35 23 40 55 68 137 186 211 227 232 215 196 183 134 72 50 35 21 38 56 69 138 187 210 226 235 212 197 182 134 74 52 36 24 38 53 69 139 187 209 228 234 213 198 184 136 72 51 36 23 37 54 69 139 184 208 224 234 214 196 183 135 73 52 35 21 38 54 68 138 185 209 225 235 215 197 183 135 73 49 34 21 38 56 69 140 184 210 227 235 215 198 183 134 73 49 32 22 37 55 68 138 185 208 226 235 213 199 182 133 72 50 34 24 37 56 71 137 184 209 225 233 212 198 180 133 73 49 36 24 39 55 72 137 185 210 228 232 213 198 181 132 72 49 34 
156 150 94 110 125 123 108 153 163 141 101 117 129 112 99 146 157 151 92 109 124 122 105 153 162 141 102 118 130 113 100 146 160 150 94 109 128 120 105 152 160 141 103 119 130 112 97 145 157 151 96 110 126 121 105 154 162 141 104 120 131 116 98 145 156 148 93 110 124 121 106 154 163 141 100 119 131 114 96 146 160 149 93 109 125 120 106 154 162 141 102 119 131 112 98 147 159 149 96 109 126 121 107 153 160 142 102 119 131 114 98 147 158 148 95 111 126 120 107 153 161 143 104 118 131 115 98 146 159 149 95 111 127 124 107 152 161 144 102 117 131 114 97 147 160 148 95 111 127 122 107 155 160 143 102 119 132 112 97 146 159 149 96 110 128 120 107 155 161 144 100 118 129 114 96 145 158 148 95 112 126 122 107 156 160 142 101 117 129 113 99 145 
229 222 206 173 87 83 58 42 28 31 46 78 89 177 201 218 231 224 207 173 88 83 56 41 28 31 45 77 90 176 202 219 230 220 206 174 87 83 58 42 27 32 46 78 91 180 203 218 228 221 204 175 86 81 58 40 26 29 46 80 91 179 203 218 229 223 205 175 84 81 59 43 24 29 45 79 90 178 202 219 228 222 205 172 86 81 59 43 26 30 45 80 91 179 203 218 228 221 204 174 88 84 59 44 28 30 47 78 92 180 202 217 229 224 205 174 86 82 60 41 26 31 48 76 91 179 202 216 228 222 204 176 85 82 59 42 25 31 47 77 91 178 203 217 231 223 207 174 88 82 57 40 28 32 47 77 90 176 201 218 230 223 206 173 87 81 57 42 27 31 48 80 90 177 200 216 228 223 204 172 87 84 60 42 27 32 46 79 89 180 201 217 
252 246 236 191 164 67 19 12 2 8 15 64 170 193 243 250 252 245 236 192 165 66 18 11 1 7 15 61 168 194 242 249 254 247 236 188 166 68 17 12 2 5 16 61 169 192 243 249 255 246 237 189 166 66 20 11 2 6 16 63 170 193 240 248 254 245 236 190 167 65 19 9 4 6 15 63 171 194 240 249 254 245 237 191 167 65 20 9 3 7 14 64 170 195 241 250 255 244 236 191 167 66 19 9 2 7 12 62 170 194 240 251 253 245 237 192 166 66 17 12 3 8 14 61 171 194 241 250 253 244 239 190 165 65 17 10 2 8 16 61 170 195 240 250 252 245 238 190 164 65 17 11 3 7 14 63 169 194 241 251 253 246 236 191 168 67 20 10 4 5 13 64 168 193 240 250 254 247 238 191 166 68 18 9 3 5 16 63 169 192 241 250 
235 215 196 182 134 74 52 36 20 38 53 70 136 187 209 224 234 213 197 183 133 73 51 34 22 37 52 71 138 186 208 225 234 213 198 183 133 73 51 34 21 37 53 71 138 185 208 224 235 212 199 182 133 74 52 33 24 37 52 70 140 185 209 225 233 213 199 181 135 75 49 34 23 39 55 71 138 184 210 224 233 214 196 180 134 75 49 34 21 40 56 72 138 186 211 225 232 213 197 181 134 74 49 33 22 40 56 71 136 187 211 227 233 212 198 180 134 75 50 33 24 37 53 71 137 187 208 226 234 213 200 181 133 76 51 35 23 38 54 70 137 186 209 224 232 212 198 180 135 75 51 36 21 39 52 70 138 186 210 226 233 215 197 183 135 75 52 35 22 40 53 69 139 188 212 224 234 215 196 183 135 74 51 35 21 38 53 69 140 187 210 224 
162 143 103 119 132 115 97 148 159 149 95 110 127 120 106 155 160 143 103 118 131 116 96 144 159 149 96 111 126 124 107 156 161 144 100 116 132 115 98 146 158 149 95 112 125 123 108 154 164 143 101 117 130 114 99 146 159 150 94 108 127 123 107 156 161 144 102 117 129 112 100 148 158 150 96 110 127 123 108 155 160 143 103 116 130 113 99 146 157 151 94 110 127 124 106 156 164 142 104 117 129 116 100 146 156 151 93 112 125 123 105 155 163 140 102 116 130 113 99 144 158 150 93 110 125 122 106 155 162 141 101 120 129 112 100 145 158 151 94 110 125 120 105 154 163 140 101 118 129 116 99 145 157 150 94 108 126 121 106 153 164 141 102 116 130 115 99 146 157 151 93 109 125 124 105 152 163 140 103 118 131 115 98 147 158 152 93 109 126 121 105 154 
26 30 47 76 91 178 202 220 229 220 205 174 86 81 60 44 26 29 48 80 91 179 203 218 228 221 204 175 85 82 59 44 25 30 48 78 89 178 201 217 231 223 207 172 85 84 60 43 25 31 45 76 89 177 200 216 230 222 207 173 87 83 57 42 27 31 46 77 89 176 201 216 230 220 206 174 88 84 57 42 28 32 47 78 92 177 200 217 231 222 207 175 87 82 57 41 27 31 48 78 90 178 201 218 231 220 207 175 86 80 58 42 27 32 46 79 90 176 200 219 231 220 207 173 88 81 57 43 28 30 46 79 90 177 201 219 229 220 206 172 86 81 58 44 26 29 45 80 89 178 202 216 228 221 204 173 85 84 59 43 26 30 45 79 92 179 203 217 229 220 205 174 85 83 58 44 25 29 45 77 91 178 204 218 231 221 208 175 86 82 57 43 
3 6 14 60 168 195 240 248 254 247 238 188 167 64 17 10 4 5 13 62 170 192 240 251 255 246 237 190 167 65 20 9 3 8 14 62 170 193 241 250 253 245 238 191 165 65 19 10 4 7 15 62 172 194 241 251 253 248 237 191 164 67 18 12 3 8 13 61 170 196 242 250 252 246 238 188 165 67 17 11 2 5 13 61 169 194 242 248 252 247 239 189 165 68 18 12 4 5 15 60 168 193 243 248 253 246 238 188 164 65 20 10 4 6 16 63 169 192 242 249 254 247 237 189 165 66 19 9 4 6 15 63 169 193 243 251 255 246 236 188 167 67 20 9 4 5 15 64 170 193 242 249 255 248 237 189 166 68 18 9 1 6 16 61 171 194 242 250 252 244 237 188 165 66 17 12 2 8 14 62 171 195 243 249 253 245 239 189 167 66 17 11 
24 37 56 71 138 185 209 226 233 214 198 181 136 75 50 33 24 39 55 69 139 184 210 226 232 215 199 181 135 75 49 35 23 40 55 69 139 187 211 225 232 216 196 181 136 75 50 36 22 39 54 69 138 187 210 226 233 214 197 182 134 73 51 36 20 40 54 72 137 187 211 227 234 215 198 183 132 73 51 33 22 37 53 70 137 186 208 226 235 215 199 182 133 73 52 34 24 37 53 70 138 185 209 225 235 216 199 182 133 76 51 35 22 39 54 70 139 184 210 224 232 215 197 183 136 74 52 36 21 39 55 69 139 185 211 225 233 214 196 182 134 74 50 34 24 40 55 72 139 187 211 225 234 214 197 182 134 74 49 34 23 38 54 71 136 186 209 227 236 213 198 181 133 73 50 33 23 37 55 71 137 186 208 226 234 212 199 180 134 76 49 33 
158 150 96 111 126 124 106 152 162 141 100 116 128 114 99 146 157 151 94 108 125 122 104 153 163 140 102 120 129 113 99 147 156 152 94 109 127 121 106 153 163 141 102 119 128 113 97 147 157 151 92 110 126 121 104 152 162 140 102 119 132 115 97 146 157 152 93 111 125 122 105 153 163 141 101 119 131 115 97 144 158 150 93 112 125 122 104 152 162 140 101 120 132 115 97 145 159 149 94 110 126 121 108 153 161 143 100 119 131 114 97 146 159 149 95 109 127 121 107 152 160 143 103 118 132 116 96 147 156 149 96 109 128 123 108 154 161 142 103 116 131 114 98 147 158 149 92 110 127 123 107 155 162 143 104 117 130 113 97 147 158 149 94 111 127 123 108 154 161 143 101 120 128 113 98 144 160 149 94 111 127 122 107 155 161 142 102 117 129 114 100 145 
230 223 206 173 84 84 59 41 25 32 45 78 90 177 201 216 231 222 207 172 86 82 57 42 26 32 45 77 92 177 200 217 229 221 206 174 86 80 57 41 27 30 47 80 91 178 203 218 229 220 205 174 88 81 58 42 28 29 47 79 92 179 202 219 228 221 204 174 86 82 60 44 26 30 48 80 90 179 204 218 229 221 205 173 86 82 60 43 26 28 46 77 88 176 203 219 230 223 206 173 84 83 59 44 25 30 45 77 89 178 203 216 228 222 204 172 85 83 59 41 25 29 45 77 89 178 203 217 229 222 205 175 85 84 60 41 26 32 47 78 92 180 202 218 230 222 206 175 86 83 58 42 27 31 48 77 91 178 200 219 231 221 207 176 87 81 57 41 28 32 47 78 90 177 201 219 230 222 206 173 88 80 59 41 28 31 48 79 89 176 200 217 
255 246 237 190 165 67 20 9 1 8 16 63 171 194 242 250 253 244 239 189 165 68 19 12 2 7 16 64 171 195 243 249 252 246 239 189 166 67 17 11 1 5 13 63 169 195 242 248 252 244 239 188 167 68 17 9 1 5 14 64 168 193 243 249 254 244 239 190 168 65 20 10 1 6 15 64 169 192 241 251 255 244 236 191 166 65 19 10 1 8 16 63 170 193 240 250 254 245 237 191 167 67 17 11 1 8 14 62 171 194 241 251 255 244 238 190 167 67 18 11 2 7 14 62 171 195 240 249 252 245 239 190 166 68 18 12 1 7 13 60 171 194 241 248 252 244 238 192 165 66 19 12 3 8 13 62 168 195 240 248 254 245 239 191 167 65 19 11 4 7 14 63 169 192 241 248 254 247 238 191 166 65 20 9 4 5 15 64 170 193 242 251 
232 215 197 183 132 74 51 35 22 40 54 72 137 188 211 227 234 212 196 183 133 73 52 36 21 37 54 71 137 186 209 227 235 212 197 182 134 74 51 33 21 38 53 72 136 185 209 227 234 213 198 184 134 76 50 33 23 36 56 70 139 184 208 224 235 212 198 180 135 75 49 35 24 38 55 68 139 185 209 225 232 213 197 181 135 76 50 35 23 38 55 69 140 188 210 226 233 212 197 183 136 74 48 36 23 38 55 69 137 186 209 227 234 213 196 182 134 72 50 34 24 37 53 72 137 187 208 226 235 212 199 181 133 73 49 33 22 38 53 71 136 185 209 227 235 213 199 184 132 73 52 33 22 37 53 70 138 184 208 226 233 215 199 183 136 76 51 35 21 39 56 69 138 185 211 225 232 214 197 183 134 75 52 36 22 39 54 70 138 185 211 227 
164 142 104 120 130 112 97 146 157 148 93 110 128 121 108 154 162 143 103 118 131 114 97 145 158 149 93 110 126 122 107 155 161 142 104 117 131 114 98 145 159 148 94 110 124 123 107 155 160 142 103 117 130 116 98 144 159 149 96 109 126 124 107 154 161 143 104 118 129 114 99 147 159 148 95 109 127 120 107 155 161 142 103 118 128 114 99 147 156 151 95 108 126 122 106 154 162 142 103 117 129 112 99 148 157 151 92 111 124 122 105 155 163 141 102 117 128 113 99 145 158 152 93 111 125 124 104 156 163 141 101 119 129 113 99 145 159 151 94 112 125 122 105 153 160 142 100 119 128 114 99 144 159 152 95 109 124 122 104 153 162 141 102 119 131 115 100 146 157 151 96 110 125 120 105 153 162 141 103 118 131 116 97 146 156 150 94 108 124 121 104 154 
27 29 46 77 90 179 203 219 228 221 204 176 87 81 58 43 27 29 46 79 88 178 203 219 229 222 205 174 88 84 59 43 28 28 46 79 89 179 202 219 230 223 206 175 86 83 59 44 26 32 45 77 90 176 201 217 231 222 207 175 85 84 56 41 25 31 46 77 90 177 200 217 231 223 207 176 85 81 58 41 25 31 44 78 91 178 201 216 228 222 204 175 87 81 57 41 27 32 47 79 91 179 200 217 229 221 205 175 88 81 56 42 28 31 47 80 92 179 201 218 230 223 206 174 87 82 58 43 27 30 48 79 91 177 200 217 232 223 208 173 88 81 57 43 28 30 45 79 89 176 203 216 230 223 206 172 84 82 60 44 25 29 46 80 88 177 203 217 229 223 205 174 85 83 58 43 25 29 44 78 92 178 202 216 228 220 204 175 86 82 57 44 
2 7 13 62 169 194 240 248 252 245 237 191 167 65 17 10 3 5 13 61 169 193 241 248 254 245 236 191 166 66 18 9 4 6 15 61 168 193 240 251 255 247 237 191 164 64 20 12 3 8 15 60 171 192 241 250 255 246 236 190 165 66 18 11 3 7 16 62 171 195 240 248 253 245 238 189 165 66 17 12 4 5 14 61 172 195 243 249 253 246 239 188 164 66 20 9 3 6 13 62 169 195 242 249 252 245 239 189 165 65 19 9 3 5 13 64 169 193 243 250 253 246 236 191 164 65 20 10 3 5 15 63 168 193 242 250 254 247 237 190 167 64 17 10 2 6 16 63 170 192 243 251 253 246 236 190 166 67 17 9 2 5 15 61 170 193 243 251 252 245 236 189 164 67 18 10 1 8 16 61 170 194 242 250 253 244 236 188 166 68 18 12 
21 37 53 68 140 186 208 224 235 213 200 180 135 76 49 32 22 38 53 70 139 185 210 225 233 214 198 181 135 74 49 34 23 39 56 70 139 184 211 224 233 215 199 180 133 72 48 34 24 40 55 70 138 188 212 226 232 215 199 182 132 74 52 34 22 39 54 71 137 186 210 227 233 214 200 183 133 74 51 33 22 40 53 71 136 184 211 227 234 215 199 182 133 74 51 34 21 39 54 72 138 185 211 224 233 214 199 180 133 75 52 33 21 40 56 71 139 186 212 225 232 214 198 182 134 75 51 35 22 40 55 69 140 186 211 224 233 215 197 180 135 76 50 35 23 39 56 68 139 187 210 225 232 213 196 181 134 75 49 36 24 38 54 72 140 187 210 224 234 212 198 180 133 73 48 33 24 38 53 70 139 187 209 225 235 213 199 181 135 72 49 34 
159 151 95 111 126 123 106 156 160 140 101 117 130 115 100 148 160 151 95 112 124 123 105 154 161 141 101 118 129 116 99 147 157 150 96 111 125 120 105 153 162 143 101 119 129 114 100 147 157 151 93 112 128 121 106 153 163 143 100 120 130 113 98 146 156 151 94 111 125 122 105 153 163 141 102 116 131 113 97 145 158 150 92 111 124 123 105 153 163 144 101 118 130 114 98 144 158 149 94 110 128 124 106 153 160 143 102 118 130 115 97 146 158 148 94 109 127 122 107 153 161 144 104 120 131 115 98 147 157 149 94 108 127 121 106 154 162 143 103 118 130 115 97 148 157 148 93 110 127 121 106 155 163 144 103 118 130 112 97 146 156 149 93 111 128 122 107 156 163 143 101 116 129 113 98 148 159 148 92 112 127 123 107 155 161 144 101 117 129 114 99 147 
231 223 207 173 85 83 60 42 25 32 48 78 92 177 200 217 230 223 206 173 85 83 58 41 26 31 47 77 91 176 201 216 231 220 207 172 84 81 57 42 25 30 48 78 92 178 202 218 228 221 204 173 87 81 60 43 27 30 48 79 89 178 203 219 229 220 205 172 87 82 59 43 27 29 47 79 89 178 202 220 230 221 206 173 88 83 59 44 28 30 46 76 89 177 202 218 231 220 207 172 85 84 60 43 25 29 46 78 90 177 203 219 231 221 207 174 86 83 60 44 26 29 45 77 89 176 202 219 229 220 205 175 84 83 59 42 24 31 46 76 90 179 201 220 228 221 204 174 86 84 58 41 26 32 47 78 91 179 201 219 228 220 205 175 86 82 56 42 26 31 48 77 90 180 200 218 230 222 206 172 86 81 58 41 26 30 47 80 89 177 201 218 
254 246 239 190 165 66 19 9 1 6 14 64 171 196 243 251 254 247 239 189 164 67 20 12 1 8 14 63 171 195 242 249 253 246 238 188 168 68 19 11 2 6 13 64 170 195 243 248 252 245 238 189 167 67 17 9 4 5 14 63 169 194 243 251 254 247 237 192 166 68 20 9 2 8 13 63 168 193 242 250 255 247 237 190 167 67 19 10 3 7 15 64 170 192 241 251 255 247 236 191 168 68 17 12 2 7 16 61 171 194 240 248 254 247 238 189 167 67 17 12 1 8 16 61 172 195 241 248 255 244 239 188 166 67 18 11 4 8 13 61 170 196 240 249 254 245 239 189 164 66 20 11 3 7 14 62 171 194 241 249 255 246 238 189 165 66 20 12 4 6 13 62 171 195 240 248 255 247 238 192 168 64 19 11 3 5 14 63 172 195 243 249 
232 214 197 182 133 74 50 36 23 40 56 71 137 185 211 226 234 215 197 182 133 73 52 35 24 37 55 72 136 187 208 226 235 213 196 183 134 76 51 36 22 37 53 69 138 186 208 225 235 212 197 183 135 75 50 35 21 38 53 69 139 185 209 225 234 213 196 181 136 76 50 36 21 37 56 69 139 187 208 224 235 212 197 180 135 73 49 36 23 38 54 70 139 186 209 226 234 213 196 182 135 73 50 35 24 37 52 69 136 187 208 227 235 212 197 181 135 73 49 34 23 38 54 70 137 185 209 227 235 213 199 183 134 74 49 34 24 37 54 71 137 184 208 226 234 214 198 182 133 73 51 33 21 38 55 70 136 185 209 226 234 215 199 182 135 74 52 34 21 40 55 69 137 185 211 227 233 216 196 182 134 75 50 35 23 39 55 72 136 184 210 227 
163 142 103 119 131 113 98 144 156 149 93 109 126 120 107 152 163 143 103 119 132 113 96 145 158 149 92 109 127 122 108 155 164 142 103 116 131 112 97 144 159 149 94 108 127 122 107 155 161 140 103 117 132 115 96 146 160 149 95 109 126 122 108 156 161 142 103 118 128 115 100 147 158 149 96 109 128 121 107 155 160 140 103 119 129 116 99 146 160 150 95 110 126 121 108 156 162 141 104 120 132 113 100 147 159 151 96 112 125 120 105 155 162 140 101 118 131 114 99 144 160 150 95 111 125 123 105 154 162 141 101 117 129 112 100 145 159 150 96 111 126 123 108 152 161 140 101 117 132 114 99 145 159 151 95 109 126 124 107 153 161 141 102 118 131 114 98 144 158 150 95 109 125 121 106 152 160 140 102 119 132 114 96 145 157 150 94 109 125 122 108 153 
28 31 45 76 91 179 203 219 229 220 205 175 87 81 58 44 28 30 45 78 89 180 202 218 228 222 204 175 87 82 60 43 27 32 44 80 89 178 204 219 229 223 205 174 86 83 58 42 26 31 46 78 90 179 200 216 230 223 206 175 85 83 58 41 26 32 45 77 91 179 201 216 229 222 205 174 84 80 57 42 25 31 46 80 92 180 203 217 228 222 204 175 86 82 58 40 26 32 48 79 91 179 202 216 229 223 205 176 87 81 58 42 27 31 47 79 91 179 201 217 228 223 204 173 88 80 57 41 28 32 48 79 92 178 204 216 231 222 207 172 87 82 57 44 27 29 45 80 90 177 202 217 231 222 207 173 88 81 59 43 28 30 45 79 89 176 203 216 231 221 207 174 87 84 60 44 27 32 46 78 91 178 203 217 229 221 205 174 88 82 59 43 
4 8 16 61 169 192 241 250 253 244 238 188 167 65 18 11 3 7 15 62 168 193 240 249 255 244 237 192 166 65 17 9 4 7 16 61 170 192 241 251 254 244 236 190 165 66 20 10 2 8 16 62 171 193 240 250 255 245 239 188 164 65 19 12 1 6 15 61 170 195 241 248 252 244 238 189 165 65 17 11 1 6 15 61 171 194 242 248 252 245 239 189 166 64 18 9 1 5 14 63 168 195 243 250 253 244 238 190 164 66 20 10 4 6 13 63 169 192 242 251 252 246 236 191 165 65 19 9 3 7 14 64 169 193 241 251 253 247 236 191 166 66 17 8 2 5 15 63 168 193 243 250 252 247 237 191 167 68 18 10 1 5 16 64 169 192 242 250 253 244 239 190 167 67 17 9 2 7 15 62 168 193 241 251 252 245 237 189 166 67 16 12 
21 37 54 69 138 187 209 225 235 213 199 184 135 75 51 34 22 38 53 69 139 186 209 224 232 212 199 180 134 75 50 33 21 39 54 70 140 185 210 227 232 215 198 181 132 73 52 34 23 39 55 71 137 187 211 226 233 214 199 182 133 73 51 33 23 40 54 72 137 186 211 227 232 215 198 184 133 74 52 34 24 39 53 71 137 185 210 226 233 215 198 183 132 75 51 33 21 40 56 71 138 185 211 225 232 215 200 184 133 76 52 34 22 39 55 72 138 186 210 224 233 215 197 182 132 75 51 36 20 39 56 70 139 187 210 225 232 214 196 182 136 75 52 35 22 40 53 69 139 188 211 227 233 212 197 183 134 76 49 36 22 37 53 71 138 186 209 226 235 213 197 183 132 74 50 33 22 37 54 71 139 187 208 226 234 212 198 183 134 73 52 33 
158 151 96 111 128 124 105 155 161 141 101 116 128 115 99 146 159 152 95 111 126 123 104 154 160 141 102 118 129 115 99 147 156 151 95 111 126 124 105 153 162 142 101 118 128 114 99 148 157 151 93 111 124 123 104 152 163 141 102 118 130 113 98 145 157 151 93 111 125 124 106 153 164 143 101 117 131 112 97 145 156 152 93 112 125 123 104 152 162 142 101 117 130 114 96 145 157 148 93 109 126 123 106 153 164 142 102 116 128 115 97 146 156 149 93 109 127 122 107 152 163 142 103 119 130 116 96 146 157 151 92 109 128 121 106 155 164 142 104 119 128 115 97 147 156 150 94 110 124 120 105 155 163 142 103 120 129 116 96 147 158 149 93 110 126 122 106 154 163 143 104 117 128 115 100 146 159 152 94 111 126 123 105 155 162 143 102 118 129 116 99 147 
231 223 207 173 86 82 56 41 26 30 47 80 90 177 201 216 231 222 208 172 85 84 57 41 25 29 48 79 91 177 200 217 230 221 206 173 86 82 57 40 26 29 47 78 91 176 202 217 231 220 207 173 88 81 59 44 28 29 47 80 88 177 203 218 231 221 207 173 87 84 59 43 27 29 48 78 90 176 202 219 231 223 208 173 87 83 60 43 28 29 45 77 89 177 200 219 231 222 207 173 85 83 57 44 25 30 45 77 88 176 202 218 230 222 206 174 85 83 58 43 25 29 45 78 90 177 200 219 230 221 206 175 86 84 59 42 26 30 46 78 88 179 201 218 229 220 205 176 85 83 60 42 25 31 47 77 92 178 200 218 228 223 204 174 85 82 58 40 26 31 47 77 90 179 201 219 230 222 206 176 84 80 58 41 25 29 48 79 89 176 200 217 
255 247 236 191 165 66 20 9 2 6 14 63 171 194 243 251 252 246 237 190 165 66 19 10 2 5 13 64 172 194 242 250 252 246 240 189 166 67 18 12 3 5 14 63 169 196 243 248 253 247 238 191 167 68 16 10 3 6 13 64 168 193 242 249 253 247 237 190 167 67 18 9 4 7 14 63 169 192 244 251 254 246 236 191 164 68 20 12 4 8 16 62 170 193 240 250 254 246 237 189 166 67 18 11 3 8 15 61 170 194 241 248 255 245 239 188 166 67 17 11 1 5 16 62 171 194 243 249 254 245 238 189 168 68 20 12 1 6 13 60 171 195 242 248 255 244 239 189 166 65 19 12 4 7 13 62 170 195 241 248 254 245 237 188 165 65 19 11 3 8 14 61 171 194 244 249 254 246 236 189 164 65 20 10 1 6 13 64 170 195 242 248 
233 215 197 180 133 74 49 35 24 39 55 71 137 184 210 228 233 215 196 182 132 73 50 36 23 40 56 71 137 187 211 226 234 214 197 183 136 74 49 35 22 38 54 68 138 186 209 225 234 213 196 183 135 75 49 36 22 37 53 70 139 184 208 224 235 212 197 180 135 75 49 35 21 38 55 69 140 186 209 225 234 213 196 181 135 72 49 35 22 37 55 68 139 187 208 228 235 212 197 180 136 74 49 36 23 38 53 70 140 186 209 226 234 213 198 181 135 73 50 33 24 37 53 69 138 184 208 227 234 212 199 180 134 72 48 33 23 38 54 72 137 185 209 225 235 215 200 181 132 74 50 34 24 39 56 70 137 185 210 224 232 215 198 180 133 73 51 34 23 39 56 69 137 184 211 224 232 214 199 181 136 76 51 35 24 40 55 70 138 185 212 225 
163 142 104 120 130 113 97 145 157 148 93 110 125 121 106 153 162 144 103 119 130 113 98 145 158 149 93 109 125 121 106 154 163 143 104 120 131 114 97 145 158 148 94 110 126 121 106 155 160 144 103 119 131 116 97 146 159 149 94 109 127 120 106 154 161 143 104 120 129 115 98 147 159 148 95 109 127 121 107 154 161 142 103 119 129 115 99 148 158 150 95 110 127 120 107 155 160 143 102 119 130 113 98 147 159 151 95 111 124 122 105 154 161 144 100 118 129 113 98 148 158 150 95 112 125 124 105 154 160 143 102 117 131 113 99 146 159 148 95 111 126 123 106 153 161 144 100 116 130 113 99 145 160 150 95 112 127 123 105 153 160 141 101 118 130 113 98 145 157 148 96 110 128 120 108 153 162 141 100 119 130 112 97 145 157 149 93 109 126 121 106 153 
27 30 46 78 92 178 202 218 228 221 204 175 87 83 60 44 27 32 45 78 89 179 203 220 229 224 205 174 88 82 59 43 28 31 46 76 89 179 203 218 228 222 204 176 85 84 60 42 25 30 45 77 92 178 201 219 229 223 205 175 85 82 57 42 25 30 46 77 91 179 200 217 228 221 204 175 85 81 57 41 26 30 47 78 91 178 202 216 229 220 205 175 86 81 59 42 26 31 47 79 91 179 201 217 228 220 204 174 86 82 59 41 27 31 48 80 92 180 203 216 229 221 205 172 87 82 60 41 27 31 47 76 91 177 202 217 231 224 207 173 87 81 58 43 28 29 48 78 90 176 202 216 230 222 206 172 87 81 57 44 27 29 46 79 88 177 202 217 231 221 207 173 87 83 57 43 28 30 45 80 90 178 202 218 228 220 204 172 87 84 59 42 
3 5 15 61 169 193 240 249 254 245 239 189 167 68 17 12 4 7 16 60 169 192 241 248 254 247 238 191 167 66 17 11 1 8 15 61 170 193 240 249 255 245 236 190 164 65 19 11 1 7 15 61 171 194 241 251 254 246 236 189 165 66 20 12 2 8 16 61 172 195 240 249 255 245 239 188 166 65 19 10 2 5 13 60 170 196 241 248 253 244 238 190 167 66 19 10 1 5 13 64 172 194 243 251 252 247 236 191 167 65 20 9 2 7 14 63 170 195 242 250 253 246 237 192 165 65 18 10 4 7 14 63 168 193 240 250 252 247 237 190 164 66 18 11 2 8 15 64 169 192 242 251 253 246 238 190 165 67 17 9 1 6 15 63 169 193 240 251 252 244 238 191 166 68 18 9 4 5 16 62 169 192 240 251 253 244 239 190 167 67 18 11 
22 36 52 70 140 187 208 226 234 212 199 181 136 74 50 33 21 38 54 69 139 186 209 224 235 213 198 181 134 76 52 34 22 37 53 72 138 184 208 224 233 214 200 180 133 74 51 33 24 40 56 71 136 185 211 227 232 215 199 182 133 73 50 34 23 39 55 71 137 188 210 226 233 214 199 183 134 76 50 33 24 40 53 71 136 185 211 224 232 214 199 183 134 75 50 34 21 39 54 72 137 184 211 225 233 215 198 182 133 75 51 35 21 40 55 71 136 188 211 225 232 214 196 182 133 75 51 35 22 39 55 70 139 187 211 226 233 213 197 184 134 76 51 36 21 38 52 68 139 186 210 227 234 213 196 183 135 75 49 35 22 37 54 70 140 187 208 227 234 212 197 183 135 74 49 36 21 38 53 72 139 188 209 227 235 213 196 182 134 72 50 34 
160 150 95 111 127 123 107 154 160 140 101 117 132 115 99 148 159 150 96 112 127 123 108 156 161 141 100 117 129 116 100 147 160 150 95 111 128 123 107 152 162 140 101 117 129 113 99 146 158 150 96 112 125 123 108 153 162 141 100 116 130 113 100 144 156 151 94 111 126 123 105 155 163 140 101 117 132 113 97 145 157 151 93 110 124 123 105 154 163 141 100 116 131 114 97 144 157 149 94 108 126 124 106 153 162 140 104 118 132 114 100 145 157 149 93 110 126 121 108 156 163 141 103 120 131 115 99 144 157 150 94 108 126 121 107 155 162 140 103 119 130 115 98 147 157 149 93 109 125 121 108 156 163 142 103 119 131 115 100 147 158 151 93 108 125 122 107 155 164 144 103 117 132 115 99 148 159 150 94 112 124 122 106 155 161 143 102 117 131 115 100 147 
230 222 206 174 85 82 57 43 25 31 48 77 90 177 200 217 230 220 207 173 85 80 58 42 26 30 47 79 92 176 201 216 231 221 207 172 86 81 56 44 27 32 48 80 90 177 202 217 230 221 206 173 87 81 58 43 27 32 47 79 89 177 203 216 231 222 207 172 88 82 58 44 28 31 46 80 89 177 202 219 230 223 206 173 87 83 58 43 27 32 45 77 90 176 204 218 230 223 206 172 88 84 57 44 28 29 46 77 90 177 202 219 231 223 207 175 86 80 57 43 26 30 44 78 89 178 202 219 229 222 205 175 85 82 56 44 25 30 46 79 89 179 203 219 228 220 204 174 86 83 59 41 26 32 45 80 91 180 203 219 229 220 205 175 85 84 59 42 25 31 48 78 92 178 203 218 229 223 205 175 86 82 60 44 26 32 47 77 91 179 204 216 
253 247 237 191 165 66 18 10 1 8 13 64 171 195 242 250 252 245 236 190 164 64 19 10 2 6 14 62 170 195 241 251 253 244 237 188 166 68 20 9 4 6 13 62 168 194 242 250 252 244 239 190 166 67 18 9 4 5 14 64 169 192 243 250 253 244 238 191 166 68 18 10 3 6 15 63 168 193 242 251 252 247 236 190 165 67 17 11 3 7 15 62 169 192 241 249 255 246 239 188 165 68 17 12 4 6 16 62 168 193 240 249 254 245 238 189 164 67 18 12 3 5 15 61 171 192 241 248 255 244 239 189 167 66 19 9 1 6 16 62 171 195 241 249 254 245 236 188 167 65 20 10 4 5 14 61 172 194 243 250 255 247 236 189 168 66 20 11 3 7 13 61 171 196 242 248 255 246 237 188 165 64 17 12 1 8 14 63 171 195 241 248 
232 215 198 183 133 76 52 36 23 40 56 72 137 185 211 225 233 214 197 183 133 75 51 35 24 39 55 70 136 186 211 227 232 216 196 183 134 74 50 36 21 38 54 69 139 187 210 226 235 212 197 182 135 76 52 35 21 38 52 69 139 186 209 224 234 213 196 181 136 74 52 36 22 36 54 70 138 186 208 227 235 215 197 180 132 73 51 35 22 37 56 70 139 187 209 226 234 214 196 181 134 73 52 34 23 37 54 69 139 186 208 227 235 213 199 183 134 74 49 33 23 37 53 69 138 185 209 224 235 216 199 182 136 74 50 34 24 36 56 71 137 184 208 224 234 214 198 182 134 73 50 32 23 40 55 72 136 185 211 225 232 215 199 181 134 73 52 34 24 39 55 71 137 186 211 225 233 215 199 180 132 75 51 33 23 39 56 70 136 184 210 224 
163 142 102 119 128 113 97 144 156 152 94 108 125 121 104 152 164 143 103 119 130 113 96 145 157 151 92 109 124 122 105 154 163 143 102 119 132 114 98 144 156 152 93 108 126 121 104 155 164 142 102 119 131 115 96 147 159 149 92 109 127 122 106 154 162 142 103 119 128 116 98 147 159 149 96 108 128 121 108 152 160 144 103 119 129 115 99 146 160 150 95 111 127 121 107 154 161 143 102 120 128 116 98 147 159 152 96 111 128 122 104 152 161 143 101 117 129 114 97 147 160 151 95 111 127 123 106 153 161 142 101 117 128 113 98 146 159 152 96 111 128 124 104 152 161 141 102 117 129 114 97 145 158 151 95 111 127 123 105 153 161 141 101 118 128 113 97 144 156 150 94 110 127 124 104 152 162 140 101 118 129 114 97 145 157 151 92 109 126 122 105 153 
28 29 44 79 88 176 202 219 229 223 205 174 87 83 59 42 28 29 45 80 89 179 203 218 228 222 204 175 86 84 60 41 26 29 45 77 89 178 203 219 229 223 205 174 84 83 59 41 25 28 45 78 90 180 200 219 228 221 204 174 86 84 60 41 26 30 44 76 91 179 201 218 229 220 205 175 84 81 59 41 24 29 48 78 92 179 200 217 228 221 204 174 85 81 60 41 26 31 47 78 88 179 201 216 229 221 205 174 84 82 60 42 25 32 47 78 90 178 200 217 230 220 206 173 88 83 59 40 28 32 48 77 90 176 201 216 230 221 207 173 87 84 58 42 27 29 47 77 92 177 200 217 231 223 208 173 88 82 58 43 28 30 46 76 90 176 201 216 230 222 206 173 87 81 57 43 27 28 45 79 90 177 200 219 231 220 207 173 88 81 58 41 
4 5 16 61 169 192 243 251 255 246 238 188 168 67 20 9 3 6 15 62 168 193 243 249 255 246 239 189 166 66 18 11 1 7 16 64 171 192 243 249 254 247 238 192 168 65 17 12 2 8 16 63 171 195 240 248 255 247 237 189 167 64 17 11 1 7 14 62 170 195 241 248 254 246 239 188 168 65 19 12 1 8 13 64 171 194 242 249 253 244 238 192 167 65 20 9 2 7 14 63 171 195 243 250 253 244 237 191 167 65 19 9 1 8 12 64 170 195 242 251 252 247 236 190 166 64 20 11 4 8 14 63 169 194 243 251 253 246 238 191 165 68 17 11 3 7 13 64 168 193 242 248 252 244 239 192 164 67 17 12 1 7 16 63 169 192 241 249 253 245 239 191 166 67 19 10 2 6 15 64 168 193 243 250 252 245 238 190 167 68 19 9 
21 38 54 69 139 186 209 227 235 213 198 181 135 74 49 34 22 37 53 69 138 188 208 226 235 212 199 180 135 72 49 32 23 37 53 71 138 186 209 225 234 213 198 181 132 73 49 33 23 39 55 71 137 185 210 227 233 215 198 184 133 73 48 33 24 40 56 72 137 184 211 226 232 214 199 182 134 74 50 33 23 39 55 69 138 185 210 225 233 212 198 183 135 75 48 32 24 38 54 70 137 185 210 224 232 214 197 181 135 76 51 36 22 40 56 71 137 186 211 226 233 212 197 180 134 73 52 35 21 39 54 72 138 187 210 227 232 213 196 181 133 74 52 35 22 38 54 70 139 187 209 228 235 212 197 181 133 75 49 36 21 38 53 70 138 184 209 226 235 213 196 184 134 76 50 35 22 37 54 68 138 186 208 226 234 212 197 182 135 74 48 34 
158 148 95 111 128 124 107 155 161 141 101 117 129 115 98 147 159 149 95 110 127 123 107 155 160 140 101 118 129 114 98 146 159 148 95 110 127 124 106 153 161 141 104 117 128 112 99 146 158 150 95 111 124 123 106 153 160 143 103 118 130 114 99 145 157 152 94 110 125 124 105 154 163 142 102 117 131 112 97 145 156 151 93 110 125 123 104 153 163 142 104 117 131 113 97 145 157 148 92 109 125 122 106 155 164 142 103 118 130 112 98 145 156 149 93 109 125 120 107 154 163 141 104 119 130 116 97 145 157 148 92 110 124 122 107 154 164 143 103 120 132 115 100 146 156 149 93 109 125 120 106 154 163 143 104 119 131 116 98 147 159 148 92 109 124 121 107 154 162 143 103 120 131 115 98 146 159 149 96 110 126 120 108 154 160 142 104 118 130 116 98 146 
228 222 204 176 85 84 57 42 25 31 47 76 92 178 201 216 231 221 207 172 84 81 57 44 24 32 46 78 91 177 200 217 230 220 206 173 88 82 58 43 28 31 48 79 91 176 202 216 231 222 208 175 87 80 57 42 27 31 47 80 88 177 203 217 230 223 207 174 87 82 57 42 27 31 46 79 89 176 203 218 231 224 207 173 87 82 56 42 28 30 46 80 90 177 202 219 231 222 207 176 87 82 58 43 27 29 45 79 91 176 202 218 230 222 206 175 86 81 57 43 26 29 46 80 92 179 203 218 228 223 204 176 85 81 58 43 26 30 45 79 90 179 203 219 229 222 205 175 84 80 60 41 25 31 45 79 89 178 202 218 228 221 204 175 85 83 59 41 25 32 47 78 89 179 202 217 229 223 205 174 84 83 59 42 25 31 48 78 91 179 201 217 
253 244 236 190 165 65 18 12 1 8 14 63 170 195 241 248 253 244 237 191 165 65 17 12 4 5 13 63 170 194 240 248 252 245 236 190 164 67 19 9 3 5 14 61 169 193 242 250 253 245 239 190 165 68 20 10 3 6 12 62 169 193 243 251 252 244 238 191 164 66 20 9 4 5 16 61 169 192 243 250 253 245 236 190 165 66 17 10 4 6 15 61 169 193 240 251 254 247 237 189 164 68 18 11 3 5 15 61 169 192 241 248 255 245 239 188 166 67 16 10 2 6 16 61 170 193 240 248 254 244 238 189 167 66 18 9 1 5 15 61 171 194 240 250 253 247 236 190 166 66 18 10 2 6 14 62 170 195 240 250 255 246 237 188 167 65 18 9 4 8 14 60 170 194 241 251 254 247 236 189 164 66 17 11 2 7 13 62 171 194 240 249 
