16 16 
0
2
4
6
8
10
12
14
16
18
20
22
23
24
25
26
27
28
29
30
30
31
32
32
33
34
34
35
36
37
38
39
40
41
42
43
44
45
46
47
48
49
50
51
52
53
54
55
56
57
58
59
60
61
62
63
64
65
66
67
68
69
70
71
72
73
74
75
76
77
78
79
80
81
82
83
84
85
86
87
88
89
90
91
92
93
94
95
96
97
98
99
100
101
101
102
103
103
104
105
105
106
107
107
108
109
109
110
111
111
112
113
113
114
115
115
116
117
117
118
119
120
121
122
123
124
125
126
127
128
129
130
131
132
133
134
135
136
137
138
138
139
139
140
140
141
141
142
142
143
143
144
144
145
145
146
146
147
147
148
148
149
149
150
150
151
152
152
153
154
154
155
156
156
157
158
158
159
160
160
161
161
162
162
163
164
164
165
166
167
168
169
170
171
172
173
174
175
176
177
178
179
180
181
182
183
184
185
186
187
188
189
190
191
192
193
194
195
196
197
198
199
201
203
205
206
207
208
209
210
212
214
216
218
220
221
222
223
224
225
226
227
229
231
233
235
237
239
241
243
245
247
249
251
253
255
