192
96
254	251	234	232	84	80	40	38	14	6	44	47	194	199	236	238	253	250	234	231	84	80	40	37	13	2	43	47	198	202	237	239	254	251	235	233	87	83	43	39	18	11	46	49	194	199	236	238	253	250	234	231	84	80	40	37	13	2	43	47	195	200	236	238	254	250	234	232	85	81	41	38	14	6	44	47	198	201	237	239	255	252	235	233	86	83	43	39	18	11	46	49	198	201	237	239	254	252	235	233	86	82	42	39	18	9	45	48	196	200	237	239	253	250	235	232	85	81	41	39	16	9	45	48	194	199	236	238	254	251	234	231	84	80	40	37	13	2	43	47	196	200	236	238	253	249	234	232	85	81	41	38	14	6	44	47	198	201	237	239	254	251	235	233	87	83	43	39	18	11	46	49	196	200	237	238	253	250	234	232	85	81	41	38	14	6	44	47	195	200	236	238	
213	210	164	158	143	138	93	88	98	103	108	113	148	152	202	205	212	209	162	158	143	137	93	88	98	103	108	113	152	157	205	208	215	212	167	162	147	142	97	92	102	107	112	117	148	152	202	205	212	209	164	158	143	137	93	88	98	103	108	113	149	155	204	206	213	211	165	160	144	139	94	89	99	104	109	114	151	156	205	208	215	212	166	161	146	140	97	92	100	105	112	116	151	156	205	208	215	212	166	161	146	140	95	90	100	105	111	116	149	155	204	207	214	211	165	160	144	139	94	89	99	104	109	114	147	152	202	205	212	209	162	157	143	137	93	88	98	103	108	113	149	155	204	206	214	211	165	160	144	139	94	89	99	104	109	114	151	157	205	208	215	212	166	161	146	142	97	92	102	105	112	117	149	155	204	207	214	211	165	160	144	139	94	89	99	104	109	114	148	153	203	206	
63	60	121	126	180	185	218	220	226	223	176	171	136	131	70	66	63	59	121	126	179	183	217	220	225	222	175	170	134	130	70	66	62	59	120	125	179	183	217	220	225	222	175	170	134	130	69	65	62	58	120	125	180	185	218	220	226	223	176	171	136	131	71	67	64	60	121	127	179	183	217	220	225	222	175	170	134	130	69	66	62	59	120	125	179	183	217	219	225	222	175	170	134	130	69	65	62	58	120	125	178	182	216	219	225	222	173	169	133	128	68	65	61	57	118	123	180	185	218	220	226	223	176	172	136	132	71	67	64	60	121	127	180	185	218	220	226	223	176	171	136	131	70	66	63	59	121	126	179	183	217	220	225	222	175	170	134	130	70	66	63	59	120	126	179	183	217	220	225	222	175	170	134	130	69	66	62	58	120	125	180	185	218	220	226	223	176	171	136	131	71	67	
28	23	52	56	189	193	241	244	248	245	231	228	78	74	35	31	27	22	52	56	188	192	241	243	248	245	230	228	77	73	35	31	27	22	51	56	188	192	241	243	247	245	230	228	77	73	34	30	26	22	51	55	189	193	242	244	249	246	231	228	79	75	36	32	28	23	53	56	188	192	241	243	248	245	230	228	77	73	35	31	27	22	51	56	188	192	241	243	247	245	230	227	77	73	34	30	26	21	51	55	187	191	241	243	247	245	230	227	76	72	34	29	25	21	50	54	189	193	242	244	249	246	231	228	79	75	36	32	28	23	53	56	189	193	241	244	248	246	231	228	78	74	35	31	27	22	52	56	188	192	241	243	248	245	230	228	77	74	35	31	27	22	52	56	188	192	241	243	248	245	230	228	77	73	35	30	27	22	51	56	189	193	242	244	249	246	231	228	79	74	36	32	
18	11	46	49	198	201	237	239	254	252	235	232	86	82	42	39	16	9	45	48	196	200	237	239	255	252	235	232	85	81	42	39	16	9	45	48	196	200	237	239	254	252	235	232	85	81	41	38	14	6	44	47	198	201	237	239	255	253	235	233	87	83	43	39	18	11	46	49	196	200	237	239	254	252	235	232	85	81	41	39	16	9	45	48	196	200	237	238	253	250	234	232	85	81	41	38	14	6	44	47	195	200	236	238	254	251	234	232	84	80	40	37	13	6	44	47	198	201	237	239	255	253	235	233	87	83	43	39	18	11	46	49	198	201	237	239	255	252	235	233	86	82	42	39	18	9	45	48	196	200	237	239	255	252	235	232	86	82	42	39	16	9	45	48	196	200	237	239	254	252	235	232	85	81	41	39	14	9	45	47	198	201	237	239	255	253	235	233	86	82	43	39	
100	105	111	116	151	156	205	208	215	212	166	161	146	140	95	90	100	105	111	116	149	155	204	207	214	211	165	160	144	139	94	89	99	104	109	114	149	155	204	207	214	211	165	160	144	139	94	89	99	104	109	114	151	156	205	208	215	212	166	161	146	142	97	92	102	105	112	116	149	155	204	207	214	211	165	160	144	139	94	89	99	104	109	114	149	155	204	207	214	211	165	160	144	139	94	89	99	104	109	114	148	153	203	206	213	210	164	158	143	138	93	88	98	103	108	113	151	157	205	208	215	212	166	161	146	142	97	92	102	105	112	117	151	156	205	208	215	212	166	161	146	140	95	90	100	105	111	116	149	155	204	207	214	211	165	160	144	140	95	89	100	104	111	114	149	155	204	207	214	211	165	160	144	139	94	89	99	104	109	114	151	156	205	208	215	212	166	161	146	140	95	92	
224	222	173	169	133	128	68	65	61	57	118	123	178	182	216	219	225	222	175	169	134	130	69	65	62	58	120	125	178	182	216	219	225	222	173	169	133	128	68	65	61	57	118	123	178	182	216	219	225	222	173	169	133	128	68	65	61	58	118	123	177	181	215	218	224	221	172	167	132	127	68	64	60	57	117	122	178	182	216	219	225	222	173	169	133	128	68	65	61	57	118	123	181	185	218	221	226	223	177	172	137	132	71	67	64	60	122	127	179	183	217	220	225	222	175	170	134	131	70	66	63	59	120	126	178	182	215	218	224	222	173	169	133	128	68	65	61	57	118	123	178	182	216	219	225	222	173	169	133	128	68	65	61	57	118	123	177	181	215	218	224	221	172	167	132	127	67	64	60	56	117	122	178	182	216	219	225	222	173	169	133	128	69	65	62	58	118	125	178	182	215	218	
247	244	229	227	76	72	33	29	25	20	50	54	187	191	241	243	247	245	230	227	77	73	34	30	26	21	51	55	187	191	240	243	247	244	230	227	76	72	33	29	25	20	50	54	187	191	241	243	247	245	230	227	76	72	34	30	26	21	50	55	186	190	240	242	247	244	229	227	75	71	33	29	25	20	49	53	187	191	240	243	247	245	230	227	76	72	33	29	25	20	50	54	190	194	242	244	249	246	231	228	79	75	36	32	28	23	53	56	188	192	241	243	248	245	230	228	78	74	35	31	27	22	52	56	187	191	240	242	247	244	229	227	76	72	33	29	25	20	50	54	187	191	241	243	247	245	230	227	76	72	34	29	26	21	50	55	186	190	240	242	247	244	229	227	75	71	33	28	23	20	49	53	187	191	241	243	247	245	230	227	76	73	34	30	26	21	51	55	187	191	240	242	
254	251	234	231	84	80	40	37	13	2	43	47	195	200	236	238	253	250	234	232	85	81	41	38	14	6	44	47	195	200	236	238	254	251	234	232	84	80	40	37	13	2	43	47	195	200	236	238	254	251	234	232	84	80	40	38	14	6	44	47	194	199	236	238	253	250	234	231	83	79	40	37	13	2	43	47	195	200	236	238	254	252	234	232	84	80	40	37	13	2	43	47	198	202	237	239	255	252	235	233	87	83	43	39	18	11	46	49	196	200	237	239	254	252	235	232	86	82	42	39	16	9	45	48	195	199	236	238	254	252	234	231	84	80	40	37	13	2	43	47	195	200	236	238	253	250	234	232	84	80	40	38	13	6	44	47	194	199	236	238	254	250	234	231	83	79	39	36	11	2	43	46	195	200	236	238	253	250	234	232	85	81	41	38	14	6	44	47	195	199	236	238	
213	209	164	158	143	138	93	88	98	103	108	113	148	153	203	206	213	210	164	160	144	138	94	89	99	104	109	114	148	153	203	206	213	210	164	158	143	138	93	88	98	103	108	113	148	153	203	206	213	210	164	158	143	138	93	88	98	103	108	113	147	152	202	205	212	209	162	157	142	137	92	87	97	102	107	112	148	153	203	206	213	210	164	158	143	138	93	88	98	103	108	113	152	157	205	208	215	212	167	162	147	142	97	92	102	107	112	117	149	156	204	207	214	211	165	160	144	140	95	90	100	104	111	116	148	153	203	205	213	209	164	158	143	138	93	88	98	103	108	113	148	153	203	206	213	210	164	158	143	138	93	88	98	103	108	113	147	152	202	205	212	209	162	157	142	137	92	87	97	102	107	112	148	153	203	206	213	210	164	158	143	138	94	88	98	103	109	113	148	153	203	205	
63	59	121	126	181	186	218	221	227	224	177	172	137	132	71	67	64	60	122	127	180	185	218	220	226	223	176	171	136	131	70	66	63	59	121	126	180	185	218	220	226	223	177	172	137	132	71	67	64	60	122	127	180	183	217	220	225	222	176	171	136	131	70	66	63	59	121	126	181	186	218	221	227	224	177	172	137	132	71	67	64	60	122	127	179	183	217	220	225	222	175	170	134	130	70	66	63	59	120	126	177	181	215	218	224	221	172	167	132	128	68	65	61	57	117	122	179	183	216	219	225	222	175	170	134	130	69	65	62	58	120	125	181	186	218	221	227	224	177	172	137	132	71	67	64	60	122	127	180	185	218	220	226	223	176	171	136	131	70	66	63	59	121	126	181	185	218	221	226	223	177	172	137	132	71	67	64	60	122	127	180	183	217	220	225	222	176	170	136	131	70	66	
27	22	52	56	190	194	242	244	249	247	231	229	79	75	36	33	28	23	53	56	189	193	241	244	248	246	231	228	78	74	35	31	27	22	52	56	189	193	242	244	249	246	231	228	79	75	36	32	28	23	53	56	189	193	241	243	248	245	230	228	78	74	35	31	27	22	52	56	190	194	242	244	249	247	231	229	79	75	36	33	28	23	53	56	188	192	241	243	248	245	230	228	77	74	35	31	27	22	52	56	186	190	240	242	247	244	229	227	76	72	33	29	25	20	50	54	188	192	241	243	247	245	230	227	77	73	34	30	26	21	51	55	190	194	242	244	249	247	231	229	79	75	36	33	28	23	53	56	189	193	242	244	249	246	231	228	78	74	36	31	27	23	52	56	190	194	242	244	249	246	231	229	79	75	36	32	28	23	53	56	189	192	241	243	248	245	230	228	78	74	35	31	
16	9	45	48	199	202	238	240	255	252	235	234	87	83	43	39	20	11	46	49	198	201	237	239	254	252	235	233	86	82	42	39	18	9	45	48	198	201	237	239	255	252	235	233	87	83	43	39	18	11	46	49	196	201	237	239	254	252	235	232	86	82	42	39	16	9	45	48	199	202	238	240	255	252	235	234	87	83	43	39	20	11	46	49	196	200	237	239	254	251	235	232	86	82	42	39	16	9	45	48	194	199	236	238	253	250	234	231	84	80	40	37	13	2	43	47	196	200	236	238	254	250	234	232	85	81	41	38	14	6	44	47	199	202	238	240	254	251	235	234	87	83	43	39	20	11	46	49	198	201	237	239	254	252	235	233	86	82	42	39	18	9	45	48	198	202	237	239	255	252	235	233	87	83	43	39	18	11	46	49	196	201	237	239	254	252	235	232	86	82	42	39	
100	105	111	116	152	157	205	209	215	212	167	162	147	142	97	92	102	107	112	117	151	156	205	208	215	212	166	161	146	140	95	90	100	105	111	116	151	157	205	208	215	212	166	162	147	142	97	92	102	107	112	117	151	156	205	207	214	212	166	161	146	140	95	90	100	105	111	116	152	157	205	209	215	212	167	162	147	142	97	92	102	107	112	117	149	155	204	207	214	211	165	160	144	139	95	89	99	104	111	114	147	152	202	205	212	209	162	157	142	137	93	88	98	102	108	113	149	155	204	207	214	211	165	160	144	139	94	89	99	104	109	114	152	157	205	209	215	212	167	162	147	142	97	92	102	107	112	117	151	156	205	208	215	212	166	161	146	140	95	90	100	105	111	116	152	157	205	208	215	212	167	162	147	142	97	92	102	107	112	117	151	156	204	207	214	212	166	161	146	140	95	90	
224	221	172	167	132	127	68	64	61	57	117	122	178	182	216	219	225	222	173	169	133	128	69	65	62	58	118	123	177	181	215	218	224	221	172	167	132	127	67	64	60	57	117	122	179	182	216	219	225	222	175	169	134	130	69	65	62	58	120	125	178	182	216	219	225	222	173	169	133	128	69	65	62	58	118	125	178	181	215	218	224	221	173	167	133	128	68	65	61	57	118	123	179	183	217	220	225	222	175	170	134	130	69	65	62	58	120	125	180	185	218	220	226	223	176	171	136	131	70	66	63	59	121	126	179	183	217	220	225	222	175	170	134	130	69	66	62	59	120	125	179	183	217	220	225	222	175	170	134	130	69	65	62	58	120	125	178	181	215	218	224	221	173	169	133	128	68	65	61	57	118	123	178	182	216	219	225	222	173	169	133	128	68	65	61	57	118	123	177	181	215	218	
247	244	229	227	75	72	33	29	25	20	50	54	187	191	241	243	247	245	230	227	76	72	34	30	26	21	51	55	186	190	240	242	247	244	229	227	75	71	33	29	25	20	49	53	188	191	241	243	247	245	230	227	77	73	34	30	26	21	51	55	187	191	241	243	247	245	230	227	76	73	34	30	26	21	51	55	187	190	240	242	247	244	229	227	76	72	33	29	25	20	50	54	188	192	241	243	247	245	230	228	77	73	34	30	26	21	51	55	189	193	242	244	249	246	231	228	78	74	36	31	28	23	52	56	188	192	241	243	248	245	230	228	77	73	35	31	27	22	51	56	188	192	241	243	247	245	230	228	77	73	34	30	26	21	51	55	187	191	240	242	247	244	229	227	76	72	33	29	25	20	50	54	187	191	241	243	247	245	230	227	76	72	34	29	26	21	50	55	186	190	240	242	
253	250	234	231	84	80	40	37	13	2	43	47	195	200	236	238	254	251	234	232	84	81	41	38	14	6	44	47	194	199	236	238	253	250	234	231	83	79	39	37	13	2	43	47	195	200	236	238	253	250	234	232	85	81	41	38	14	6	44	47	195	200	236	238	254	251	234	232	85	81	41	38	14	6	44	47	194	199	236	238	254	252	234	231	84	80	40	37	13	2	43	47	196	200	237	239	255	252	234	232	85	81	41	38	14	6	44	47	198	201	237	239	254	252	235	233	86	82	42	39	18	11	46	48	196	200	237	239	255	252	235	232	85	81	41	39	16	9	45	48	196	200	237	239	255	252	235	232	85	81	41	38	14	6	44	47	194	199	236	238	254	252	234	231	84	80	40	37	13	2	43	47	195	200	236	238	254	251	234	232	84	80	40	37	13	6	44	47	194	199	236	238	
212	209	162	157	142	137	93	87	97	102	108	112	148	153	203	206	213	210	164	158	143	138	94	88	98	103	108	113	147	152	202	205	212	209	162	157	142	137	92	87	97	102	107	112	149	153	203	206	213	211	165	160	144	139	94	89	99	104	109	114	148	153	203	206	213	210	164	158	143	138	94	88	98	103	109	113	148	152	202	205	212	209	164	158	143	138	93	88	98	103	108	113	149	155	204	207	214	211	165	160	144	139	94	89	99	104	109	114	151	156	205	208	215	212	166	161	146	140	95	90	100	105	111	116	149	155	204	207	214	211	165	160	144	139	94	89	99	104	109	114	149	155	204	207	214	211	165	160	144	139	94	89	99	104	109	114	148	153	203	205	212	209	164	158	143	138	93	88	98	103	108	113	148	153	203	206	213	210	164	158	143	138	93	88	98	103	108	113	147	152	202	205	
64	60	121	127	180	185	217	220	225	222	176	171	136	131	70	66	63	59	121	126	180	185	218	220	226	223	176	171	136	131	71	67	63	60	121	126	179	183	217	220	225	222	175	170	134	131	70	66	63	59	120	126	180	185	218	220	226	223	176	171	136	131	70	67	63	60	121	126	180	185	217	220	225	223	176	171	136	131	70	66	63	59	121	126	180	185	218	220	226	223	176	171	136	131	71	67	64	60	121	127	178	182	216	219	225	222	173	169	133	128	69	65	61	58	118	123	177	181	215	218	224	221	172	167	132	127	67	64	60	57	117	122	178	182	216	219	225	222	173	169	133	128	68	65	61	57	118	123	179	182	216	219	225	222	175	170	134	130	69	65	62	58	120	125	179	183	217	220	225	222	175	170	134	130	70	66	63	59	120	125	180	185	218	220	226	223	176	171	136	131	71	67	
28	23	53	56	189	193	241	243	248	245	230	228	78	74	35	31	27	22	52	56	189	193	242	244	249	246	231	228	79	74	36	32	28	23	53	56	188	192	241	243	248	245	230	228	78	74	35	31	27	22	52	56	189	193	242	244	249	246	231	228	79	74	36	32	28	23	52	56	189	193	241	243	248	245	230	228	78	74	35	31	27	22	52	56	189	193	242	244	249	246	231	228	79	75	36	32	28	23	53	56	187	191	241	243	247	245	230	227	76	72	34	30	26	21	51	55	186	190	240	242	247	244	229	227	75	71	33	29	25	20	49	53	187	191	240	243	247	245	230	227	76	72	33	29	25	20	50	54	188	192	241	243	247	245	230	227	77	73	34	30	26	21	51	55	188	192	241	243	248	245	230	228	77	73	35	31	27	22	52	56	189	193	242	244	249	246	231	228	79	75	36	32	
18	11	46	49	196	201	237	239	254	252	235	232	86	82	42	39	16	9	45	48	198	201	237	239	255	252	235	233	86	83	43	39	18	11	46	49	196	200	237	239	254	252	235	232	86	82	42	39	16	9	45	48	198	201	237	239	255	252	235	233	86	82	42	39	18	11	46	49	198	201	237	239	253	250	235	232	86	82	42	39	16	9	45	48	198	201	237	239	253	250	235	233	87	83	43	39	18	11	46	49	195	200	236	238	254	251	234	232	84	81	41	38	14	6	44	47	194	199	236	238	253	250	234	231	83	79	39	37	13	2	43	47	195	200	236	238	254	251	234	232	84	80	40	37	13	2	43	47	195	200	236	238	253	250	234	232	85	81	41	38	14	6	44	47	196	200	237	239	253	250	235	232	85	82	42	39	16	9	45	48	198	201	237	239	255	252	235	233	87	83	43	39	
100	105	112	116	151	156	205	207	215	212	166	161	146	140	95	90	100	105	111	116	151	156	205	208	215	212	166	161	146	140	95	92	100	105	111	116	149	156	204	207	214	211	165	160	146	140	95	90	100	105	111	116	151	156	205	208	215	212	166	161	146	140	95	92	100	105	111	116	151	156	205	207	215	212	166	161	146	140	95	90	100	105	111	116	151	157	205	208	215	212	166	161	146	142	97	92	102	105	112	117	148	153	203	206	213	210	164	158	143	138	93	88	98	103	108	113	147	152	202	205	212	209	162	157	142	137	92	87	97	102	107	112	148	153	203	206	213	210	164	158	143	138	93	88	98	103	108	113	149	155	204	206	213	211	165	160	144	139	94	89	99	104	109	114	149	155	204	207	214	211	165	160	144	139	95	89	99	104	109	114	151	156	205	208	215	212	166	161	146	140	97	92	
225	222	175	170	134	130	69	65	62	58	120	125	178	181	215	218	224	221	173	167	133	128	68	65	61	57	118	123	178	182	216	219	225	222	173	169	133	130	69	65	62	58	120	125	178	182	215	218	224	222	173	169	133	128	68	65	61	57	118	123	177	181	215	218	224	221	172	167	132	127	68	65	61	57	117	122	179	183	216	219	225	222	175	170	134	130	69	65	62	58	120	125	179	183	217	220	225	222	175	170	134	130	69	66	62	58	120	125	181	186	218	221	226	224	177	172	137	132	71	67	64	60	122	127	180	185	218	220	226	223	176	171	136	131	70	66	63	59	121	126	180	185	218	220	226	223	177	172	137	132	71	67	64	60	122	127	180	185	218	220	226	223	176	171	136	131	70	67	63	59	121	126	179	183	217	220	225	222	175	170	134	130	69	65	62	58	120	125	179	183	217	219	
247	245	230	227	77	73	34	30	26	21	51	55	187	191	240	242	247	244	229	227	76	72	33	29	25	20	50	54	187	191	241	243	247	245	230	227	77	73	34	30	26	21	51	55	187	191	240	242	247	244	230	227	76	72	33	29	25	20	50	54	186	190	240	242	247	244	229	227	75	72	33	29	25	20	50	54	188	192	241	243	247	245	230	227	77	73	34	30	26	21	51	55	188	192	241	243	248	245	230	228	77	73	35	30	27	22	51	56	190	194	242	244	249	246	231	229	79	75	36	32	28	23	53	56	189	193	241	244	248	245	231	228	78	74	35	31	27	22	52	56	189	193	242	244	249	246	231	228	79	75	36	32	28	23	53	56	189	193	242	244	249	246	231	228	78	74	36	31	28	23	52	56	188	192	241	243	247	245	230	228	77	73	34	30	26	22	51	55	188	192	241	243	
254	251	234	232	85	81	41	38	14	6	44	47	194	199	236	238	253	250	234	231	84	80	40	37	13	2	43	47	195	200	236	238	254	251	234	232	85	81	41	38	14	6	44	47	195	199	236	238	254	250	234	231	84	80	40	37	13	2	43	47	194	199	236	238	254	252	234	231	84	80	40	37	13	2	43	47	196	200	236	238	255	252	234	232	85	81	41	38	14	6	44	47	196	200	237	239	254	252	235	232	85	81	41	39	16	9	45	48	199	202	237	239	255	252	235	233	87	83	43	39	18	11	46	49	198	201	237	239	254	252	235	232	86	82	42	39	16	9	45	48	198	201	237	239	254	252	235	233	87	83	43	39	18	11	46	49	198	201	237	239	255	252	235	233	86	82	42	39	18	11	46	48	196	200	237	239	254	252	235	232	85	81	41	38	14	6	44	47	196	200	237	238	
214	211	165	160	144	139	94	89	99	104	109	114	148	153	202	205	212	209	164	158	143	138	93	88	98	103	108	113	148	153	203	206	213	210	164	160	144	138	94	89	99	104	109	114	148	153	203	206	213	209	164	158	143	138	93	88	98	103	108	113	147	152	202	205	212	209	162	157	142	137	93	87	98	102	108	112	149	155	204	206	214	211	165	160	144	139	94	89	99	104	109	114	149	155	204	207	214	211	165	160	144	139	94	89	99	104	109	114	152	157	205	208	215	212	167	162	147	142	97	92	102	107	112	117	151	156	205	208	215	212	166	161	146	140	95	90	100	105	111	116	151	157	205	208	215	212	166	162	147	142	97	92	102	107	112	117	151	156	205	208	215	212	166	161	146	140	95	90	100	105	111	116	149	155	204	207	214	211	165	160	144	139	94	89	99	104	109	114	149	155	204	207	
61	57	118	123	180	185	218	220	226	223	177	172	137	132	71	67	64	60	122	127	179	183	217	220	225	222	176	170	136	131	70	66	63	59	121	126	181	186	218	221	226	224	177	172	137	132	71	67	64	60	122	127	179	183	217	220	225	222	176	170	136	131	70	66	63	59	121	126	181	185	218	220	226	223	177	172	137	132	71	67	64	60	122	127	177	181	215	218	224	221	172	167	132	127	68	64	61	57	117	122	178	182	216	218	225	222	173	169	133	128	68	65	61	57	118	123	178	182	216	219	225	222	173	169	133	130	69	65	62	58	118	125	178	181	215	218	224	221	173	167	133	128	68	65	61	57	118	123	178	182	216	219	225	222	173	169	133	128	69	65	61	58	118	123	177	181	215	218	224	221	172	167	132	127	68	64	60	57	117	122	178	182	216	218	225	222	173	169	133	128	68	65	
25	20	50	54	190	193	242	244	249	246	231	228	79	75	36	32	28	23	53	56	189	192	241	243	248	245	230	228	78	74	35	31	27	22	52	56	190	194	242	244	249	246	231	229	79	75	36	32	28	23	53	56	189	192	241	243	248	245	230	228	78	74	35	31	27	22	52	56	190	193	242	244	249	246	231	228	79	75	36	32	28	23	53	56	186	190	240	242	247	244	229	227	75	72	33	29	25	20	50	53	187	191	240	243	247	244	230	227	76	72	33	29	25	20	50	54	187	191	241	243	247	245	230	227	77	73	34	30	26	21	51	55	187	190	240	242	247	244	229	227	76	72	33	29	25	20	50	54	187	191	241	243	247	245	230	227	76	72	34	30	26	21	50	55	186	190	240	242	247	244	229	227	75	71	33	29	25	20	50	53	187	191	240	243	247	244	230	227	76	72	33	29	
13	2	43	47	198	202	237	239	255	252	235	233	87	83	43	39	18	11	46	49	196	200	237	239	255	252	235	232	86	82	42	39	16	9	45	48	199	202	237	239	255	252	235	233	87	83	43	39	18	11	46	49	196	201	237	239	254	252	235	232	86	82	42	39	16	9	45	48	198	202	237	239	254	251	235	233	87	83	43	39	18	11	46	49	194	199	236	238	254	251	234	231	83	80	40	37	13	2	43	47	195	200	236	238	253	250	234	232	84	80	40	37	13	2	43	47	195	200	236	238	254	251	234	232	85	81	41	38	14	6	44	47	194	199	236	238	253	250	234	231	84	80	40	37	13	2	43	47	195	200	236	238	254	251	234	232	84	80	41	38	14	6	44	47	194	199	236	238	254	251	234	231	83	80	40	37	13	2	43	47	195	200	236	238	253	249	234	232	84	80	40	37	
98	103	108	113	152	157	205	208	215	212	167	162	147	142	97	92	102	107	112	117	151	156	204	207	214	211	165	161	146	140	95	90	100	105	111	116	152	157	205	208	215	212	167	162	147	142	97	92	102	107	112	117	151	156	204	207	214	211	166	161	146	140	95	90	100	105	111	116	152	157	205	208	215	212	167	162	147	142	97	92	102	107	112	117	147	152	202	205	212	209	162	157	142	137	93	87	97	102	108	112	148	153	203	206	213	210	164	158	143	138	93	88	98	103	108	113	148	153	203	206	213	210	164	158	144	138	94	89	99	104	109	114	148	152	202	205	212	209	164	158	143	138	93	88	98	103	108	113	148	153	203	206	213	210	164	158	143	138	93	88	98	103	108	113	147	152	202	205	212	209	162	157	142	137	92	87	97	102	107	112	148	153	203	206	213	210	164	158	143	138	93	88	
225	222	175	170	134	130	70	66	63	59	120	125	179	183	216	219	225	222	175	170	134	130	69	65	62	58	120	125	177	181	215	218	224	221	172	167	132	127	68	65	61	57	117	122	178	182	216	219	225	222	173	169	133	128	69	65	62	58	118	123	178	182	216	219	225	222	173	169	133	128	68	65	61	57	118	123	179	183	217	220	225	222	175	170	134	130	70	66	63	59	120	125	180	185	218	220	226	223	176	171	136	131	71	67	63	60	121	126	179	183	217	220	225	222	176	170	136	131	70	66	63	59	121	126	180	185	218	220	226	223	176	171	136	131	71	67	64	60	121	126	179	183	217	220	225	222	175	170	134	131	70	66	63	59	121	126	180	185	218	220	225	223	176	171	136	131	70	66	63	59	121	126	181	186	218	221	226	224	177	172	137	132	71	67	64	60	122	127	179	183	217	220	
248	245	230	228	77	74	35	31	27	22	52	56	188	192	241	243	247	245	230	227	77	73	34	30	26	21	51	55	186	190	240	242	247	244	229	227	76	72	33	29	25	20	50	54	187	191	241	243	247	245	230	227	76	73	34	30	26	21	51	55	187	191	241	243	247	245	230	227	76	72	33	29	25	21	50	54	188	192	241	243	248	245	230	228	77	74	35	31	27	22	52	56	189	193	242	244	249	246	231	228	79	74	36	32	28	23	52	56	188	192	241	243	248	245	230	228	78	74	35	31	27	22	52	56	189	193	242	244	249	246	231	228	79	74	36	32	28	23	53	56	188	192	241	243	248	245	230	228	78	74	35	31	27	22	52	56	189	193	241	243	248	245	231	228	78	74	35	31	27	22	52	56	190	194	242	244	249	246	231	229	79	75	36	32	28	23	53	56	188	192	241	243	
254	252	235	232	85	82	42	39	16	9	45	48	195	200	236	238	253	250	234	232	85	81	41	38	14	6	44	47	194	199	236	238	254	251	234	231	84	80	40	37	13	2	43	47	195	200	236	238	253	250	234	232	84	81	41	38	14	6	44	47	195	200	236	238	255	253	234	232	84	80	40	37	13	2	43	47	196	200	237	239	254	252	235	232	85	82	42	39	16	9	45	48	198	201	237	239	255	252	235	233	86	82	43	39	18	11	46	49	196	200	237	239	254	252	235	232	86	82	42	39	16	9	45	48	198	201	237	239	255	253	235	233	86	83	43	39	18	11	46	49	196	200	237	239	255	252	235	232	86	82	42	39	16	9	45	48	198	201	237	239	254	252	235	232	86	82	42	39	16	9	45	48	199	202	237	239	255	252	235	233	87	83	43	39	18	11	46	49	196	200	237	239	
214	211	165	160	144	139	95	89	99	104	111	114	149	155	204	206	214	211	165	160	144	139	94	89	99	104	109	114	147	152	202	205	212	209	162	157	142	137	93	87	98	102	108	113	148	153	203	206	213	210	164	158	143	138	94	88	98	103	109	113	148	153	203	206	213	210	164	158	143	138	93	88	98	103	108	113	149	155	204	207	214	211	165	160	144	139	95	89	99	104	111	114	151	156	205	208	215	212	166	161	146	140	95	92	100	105	111	116	149	156	204	207	214	211	165	161	146	140	95	90	100	105	111	116	151	156	205	208	215	212	166	161	146	140	97	92	100	105	111	116	149	156	204	207	214	211	165	161	146	140	95	90	100	105	111	116	151	156	205	208	215	212	166	161	146	140	95	90	100	105	111	116	152	157	205	209	215	212	167	162	147	142	97	92	102	107	112	117	149	155	204	207	
62	58	118	123	177	181	215	218	224	221	172	167	132	127	67	64	60	56	117	122	180	185	218	220	226	223	176	171	136	131	70	66	63	59	121	126	180	185	218	220	226	223	176	171	136	131	70	67	63	59	121	126	180	185	218	220	226	223	176	171	136	131	70	66	63	59	121	126	179	183	217	220	225	222	175	170	134	130	69	65	62	58	120	125	178	182	216	219	225	222	173	169	133	128	68	65	61	57	118	123	178	182	216	219	225	222	175	169	134	130	69	65	62	58	120	125	177	181	215	218	224	221	172	167	132	127	68	64	61	57	117	122	178	182	216	219	225	222	175	169	134	130	69	65	62	58	120	125	177	181	215	218	224	221	172	167	132	128	68	65	61	57	117	122	178	182	216	219	225	222	175	169	134	130	69	65	62	58	120	125	178	182	216	219	225	222	173	169	133	128	69	65	
26	21	51	55	186	190	240	242	247	244	229	227	75	71	33	28	25	20	49	53	189	193	242	244	248	246	231	228	78	74	35	31	27	23	52	56	189	193	242	244	249	246	231	228	78	74	36	31	28	23	52	56	189	193	241	244	248	246	231	228	78	74	35	31	27	22	52	56	188	192	241	243	247	245	230	228	77	73	34	30	26	21	51	55	187	191	241	243	247	245	230	227	76	72	34	29	26	21	50	55	188	191	241	243	247	245	230	227	77	73	34	30	26	21	51	55	186	190	240	242	247	244	229	227	75	71	33	29	25	20	50	53	188	191	241	243	247	245	230	227	77	73	34	30	26	21	51	55	186	190	240	242	247	244	229	227	76	72	33	29	25	20	50	54	188	191	241	243	247	245	230	227	77	73	34	30	26	21	51	55	187	191	241	243	247	245	230	227	76	72	34	30	
14	6	44	47	194	199	236	238	255	253	234	231	83	79	39	36	11	2	43	46	198	201	237	239	254	252	235	233	86	82	42	39	18	9	45	48	198	201	237	239	255	252	235	233	86	82	42	39	18	11	46	48	198	201	237	239	254	252	235	233	86	82	42	39	18	9	45	48	196	200	237	239	253	250	235	232	85	81	41	38	14	6	44	47	195	200	236	238	253	250	234	232	84	80	40	38	13	6	44	47	195	200	236	238	254	251	234	232	85	81	41	38	14	6	44	47	194	199	236	238	253	250	234	231	83	80	40	37	13	2	43	47	195	200	236	238	254	251	234	232	85	81	41	38	14	6	44	47	194	199	236	238	253	250	234	231	84	80	40	37	13	2	43	47	195	200	236	238	253	250	234	232	85	81	41	38	14	6	44	47	195	200	236	238	254	250	234	232	84	81	41	38	
98	103	108	113	147	152	202	205	212	209	162	157	142	137	92	87	97	102	107	112	151	156	205	208	215	212	166	161	146	140	95	90	100	105	111	116	151	156	205	208	215	212	166	161	146	140	95	90	100	105	111	116	151	156	205	208	215	212	166	161	146	140	95	90	100	105	111	116	149	155	204	207	214	211	165	160	144	139	94	89	99	104	109	114	148	153	203	206	213	210	164	158	143	138	93	88	98	103	108	113	149	153	203	206	213	210	164	160	144	138	94	89	99	104	109	114	147	152	202	205	212	209	162	157	142	137	93	87	97	102	107	112	149	153	203	206	213	210	165	160	144	138	94	89	99	104	109	114	147	152	202	205	212	209	162	157	142	137	93	88	98	102	108	113	149	153	203	206	213	210	164	160	144	138	94	89	99	104	109	114	148	153	203	206	213	210	164	158	143	138	94	88	
226	223	176	171	136	131	71	67	64	60	121	127	179	183	217	220	225	222	175	170	134	130	69	65	62	58	120	125	178	182	216	219	225	222	173	169	133	128	68	65	61	57	118	123	178	182	216	219	225	222	175	169	134	130	69	65	62	58	120	125	177	181	215	218	224	221	172	167	132	127	67	64	60	56	117	122	181	186	218	221	227	224	177	172	137	132	71	67	64	60	122	127	180	185	218	220	226	223	176	171	136	131	70	66	63	59	121	126	180	185	218	220	226	223	176	172	136	132	71	67	64	60	122	127	180	185	218	220	226	223	176	171	136	131	70	66	63	59	121	126	181	186	218	221	227	224	177	172	137	132	71	67	64	60	122	127	180	185	218	220	226	223	176	171	136	131	70	66	63	59	121	126	180	183	217	220	225	222	176	170	136	131	70	66	63	59	121	126	180	185	218	220	
249	246	231	228	79	75	36	32	28	23	53	56	188	192	241	243	248	245	230	228	77	73	35	30	26	22	51	55	187	191	240	243	247	245	230	227	76	72	33	29	25	20	50	54	188	191	241	243	247	245	230	227	77	73	34	30	26	21	51	55	186	190	240	242	247	244	229	227	75	71	33	28	25	20	49	53	190	194	242	244	249	246	231	229	79	75	36	32	28	23	53	56	189	193	241	244	248	245	231	228	78	74	35	31	27	22	52	56	189	193	242	244	249	246	231	228	79	75	36	32	28	23	53	56	189	193	241	244	248	245	231	228	78	74	35	31	27	22	52	56	190	194	242	244	249	246	231	229	79	75	36	32	28	23	53	56	189	193	242	244	249	246	231	228	78	74	36	31	27	23	52	56	189	192	241	243	248	245	230	228	78	74	35	31	27	22	52	56	189	193	242	244	
254	252	235	233	87	83	43	39	18	11	46	49	196	200	237	239	253	250	235	232	85	81	41	38	14	6	44	47	195	200	236	238	254	251	234	232	84	80	40	37	13	2	43	47	195	200	236	238	253	250	234	232	85	81	41	38	14	6	44	47	194	199	236	238	254	251	234	231	83	79	39	37	13	2	43	47	199	202	238	239	254	252	235	234	87	83	43	39	18	11	46	49	198	201	237	239	254	252	235	233	86	82	42	39	18	9	45	48	198	201	237	239	254	252	235	233	87	83	43	39	18	11	46	49	198	201	237	239	254	252	235	233	86	82	42	39	18	9	45	48	199	202	238	239	255	252	235	234	87	83	43	39	18	11	46	49	198	201	237	239	255	252	235	233	86	82	42	39	18	9	45	48	196	201	237	239	254	252	235	232	86	82	42	39	16	9	45	48	198	201	237	239	
215	212	166	161	146	142	97	92	102	105	112	117	149	155	204	207	214	211	165	160	144	139	94	89	99	104	109	114	148	153	203	206	213	210	164	158	143	138	93	88	98	103	108	113	149	153	203	206	213	210	165	160	144	138	94	89	99	104	109	114	147	152	202	205	212	209	162	157	142	137	92	87	97	102	107	112	152	157	205	209	215	212	167	162	147	142	97	92	102	107	112	117	151	156	205	208	215	212	166	161	146	140	95	90	100	105	111	116	151	157	205	208	215	212	166	162	147	142	97	92	102	107	112	117	151	156	205	208	215	212	166	161	146	140	95	90	100	105	111	116	152	157	205	209	215	212	167	162	147	142	97	92	102	107	112	117	151	156	205	208	215	212	166	161	146	140	95	90	100	105	111	116	151	156	204	207	214	212	166	161	146	140	95	90	100	105	111	116	151	157	205	208	
61	57	118	122	178	182	216	219	225	222	173	169	133	128	68	65	61	57	118	123	181	186	218	221	227	224	177	172	137	132	71	67	64	60	122	127	179	183	217	220	225	222	175	170	134	131	70	66	63	59	120	126	180	185	218	220	226	223	177	172	137	132	71	67	64	60	122	127	179	183	217	220	225	222	175	170	134	130	70	66	62	59	120	125	178	182	215	218	224	222	173	169	133	128	68	65	61	57	118	123	177	181	215	218	224	221	172	167	132	128	68	65	61	57	118	122	178	182	216	219	225	222	173	169	133	128	68	65	61	57	118	123	178	181	215	218	224	221	173	169	133	128	68	65	61	57	118	123	178	182	216	219	225	222	173	169	133	128	69	65	62	58	118	125	178	182	216	218	225	222	173	169	133	128	68	65	61	57	118	123	177	181	215	218	224	221	172	167	132	128	68	65	
25	20	50	54	187	191	241	243	247	245	230	227	76	72	34	29	25	21	50	54	190	194	242	244	249	246	231	229	79	75	36	32	28	23	53	56	188	192	241	243	248	245	230	228	78	74	35	31	27	22	52	56	189	193	242	244	249	246	231	228	79	75	36	32	28	23	53	56	188	192	241	243	248	245	230	228	77	73	35	31	27	22	51	56	187	191	240	242	247	244	230	227	76	72	33	29	25	20	50	54	186	190	240	242	247	244	229	227	76	72	33	29	25	20	50	54	187	191	241	243	247	245	230	227	76	72	34	29	26	21	50	55	187	191	240	242	247	244	229	227	76	72	33	29	25	20	50	54	187	191	241	243	247	245	230	227	76	73	34	30	26	21	51	55	187	191	240	243	247	244	230	227	76	72	33	29	25	20	50	54	186	190	240	242	247	244	229	227	76	72	33	29	
13	2	43	47	195	200	236	238	254	252	234	232	84	80	40	37	13	2	43	47	199	202	238	240	255	252	235	234	87	83	43	39	20	11	46	49	196	200	237	239	254	252	235	232	86	82	42	39	16	9	45	48	198	201	237	239	255	252	235	233	87	83	43	39	18	11	46	49	196	200	237	239	255	252	235	232	85	81	42	39	16	9	45	48	195	199	236	238	254	252	234	231	84	80	40	37	13	2	43	47	194	199	236	238	255	252	234	231	84	80	40	37	13	2	43	47	195	200	236	238	254	251	234	232	84	80	40	38	14	6	44	47	194	199	236	238	253	250	234	231	84	80	40	37	13	2	43	47	195	200	236	238	254	250	234	232	85	81	41	38	14	6	44	47	195	200	236	238	254	251	234	231	84	80	40	37	13	2	43	47	194	199	236	238	255	252	234	231	84	80	40	37	
98	103	108	113	148	153	203	206	213	210	164	158	143	138	93	88	98	103	108	113	152	157	205	209	215	212	167	162	147	142	97	92	102	107	112	117	149	156	204	207	214	211	165	160	146	140	95	90	100	105	111	116	151	157	205	208	215	212	166	162	147	142	97	92	102	107	112	117	149	155	204	207	214	211	165	160	144	139	94	89	99	104	109	114	148	153	203	206	213	209	164	158	143	138	93	88	98	103	108	113	147	152	202	205	212	209	162	158	143	137	93	88	98	103	108	113	148	153	203	206	213	210	164	158	143	138	93	88	98	103	108	113	148	153	203	205	212	209	164	158	143	138	93	88	98	103	108	113	148	153	203	206	213	210	164	158	143	138	94	88	99	103	109	113	148	153	203	206	213	209	164	158	143	138	93	88	98	103	108	113	147	152	202	205	212	209	162	158	143	137	93	88	
225	222	175	170	134	130	70	66	63	59	120	125	179	183	217	219	225	222	175	170	134	130	69	65	62	58	120	125	177	181	215	218	224	221	172	167	132	127	68	64	61	57	117	122	178	182	216	219	225	222	173	169	133	128	69	65	61	58	118	123	178	182	215	218	224	221	173	169	133	128	68	65	61	57	118	123	179	183	216	219	225	222	175	170	134	130	69	65	62	58	120	125	179	183	217	220	225	222	175	170	134	130	69	65	62	58	120	125	179	183	217	220	225	222	175	170	134	130	69	65	62	58	120	125	179	183	217	220	225	222	175	170	134	130	70	66	62	59	120	125	180	185	217	220	225	223	176	171	136	131	70	66	63	59	121	126	180	185	218	220	226	223	176	171	136	131	70	67	63	59	121	126	181	185	218	220	226	223	177	172	137	132	71	67	64	60	122	127	179	183	217	220	
248	245	230	228	77	74	35	31	27	22	52	56	188	192	241	243	247	245	230	227	77	73	34	30	26	21	51	55	186	190	240	242	247	244	229	227	75	72	33	29	25	20	50	54	187	191	241	243	247	245	230	227	76	72	34	30	26	21	51	55	187	191	240	242	247	244	229	227	76	72	33	29	25	20	50	54	188	192	241	243	247	245	230	227	77	73	34	30	26	21	51	55	188	192	241	243	248	245	230	228	77	73	35	30	26	22	51	55	188	192	241	243	247	245	230	227	77	73	34	30	26	21	51	55	188	192	241	243	248	245	230	228	77	73	35	31	27	22	51	56	189	193	241	243	248	245	231	228	78	74	35	31	27	22	52	56	189	193	242	244	249	246	231	228	79	74	36	31	28	23	52	56	190	193	242	244	249	246	231	228	79	75	36	32	28	23	53	56	188	192	241	243	
253	250	235	232	85	82	42	39	16	9	45	48	196	200	237	238	254	251	234	232	85	81	41	38	14	6	44	47	194	199	236	238	253	250	234	231	84	80	40	37	13	2	43	47	195	200	236	238	254	251	234	232	84	81	41	38	14	6	44	47	194	199	236	238	254	250	234	231	84	80	40	37	13	2	43	47	196	200	236	238	253	250	234	232	85	81	41	38	14	6	44	47	196	200	237	239	254	251	235	232	85	81	41	38	14	9	45	47	196	200	237	239	253	250	234	232	85	81	41	38	14	6	44	47	196	200	237	239	255	252	235	232	85	81	42	39	16	9	45	48	198	201	237	239	254	252	235	232	86	82	42	39	16	9	45	48	198	201	237	239	254	252	235	233	86	82	42	39	18	11	46	49	198	202	237	239	253	250	235	233	87	83	43	39	18	11	46	49	196	200	237	239	
214	211	165	160	144	139	95	89	99	104	111	114	149	155	204	207	214	211	165	160	144	139	94	89	99	104	109	114	147	152	202	205	212	209	162	157	142	137	93	87	97	102	108	112	148	153	203	206	213	210	164	158	143	138	93	88	98	103	108	113	148	153	203	205	213	209	164	158	143	138	93	88	98	103	108	113	149	155	204	207	214	211	165	160	144	139	94	89	99	104	109	114	149	155	204	207	214	211	165	160	144	139	94	89	99	104	109	114	149	155	204	207	214	211	165	160	144	139	94	89	99	104	109	114	149	155	204	207	214	211	165	160	144	139	94	89	99	104	109	114	151	156	205	208	215	212	166	161	146	140	95	90	100	105	111	116	151	156	205	208	215	212	166	161	146	140	95	90	100	105	111	116	152	157	205	208	215	212	167	162	147	142	97	92	102	107	112	117	149	155	204	207	
62	58	120	125	180	185	218	220	226	223	176	171	136	131	70	67	63	60	121	126	180	183	217	220	225	222	176	171	136	131	70	66	63	59	121	126	180	185	218	220	226	223	176	171	136	131	71	67	64	60	121	127	180	183	217	220	225	222	176	170	136	131	70	66	63	59	121	126	180	185	218	220	226	223	176	171	136	131	70	66	63	59	121	126	180	185	218	220	226	223	177	172	137	132	71	67	64	60	122	127	180	185	218	220	225	223	176	171	136	131	70	66	63	59	121	126	181	186	218	221	226	223	177	172	137	132	71	67	64	60	122	127	179	183	216	219	225	222	175	170	134	130	69	65	62	58	120	125	177	181	215	218	224	221	172	167	132	127	67	64	60	56	117	122	178	182	216	219	225	222	173	169	133	128	68	65	61	57	118	123	179	182	216	219	225	222	175	170	134	130	69	65	
26	21	51	55	189	193	242	244	249	246	231	228	79	74	36	32	28	23	52	56	189	193	241	243	248	245	230	228	78	74	35	31	27	22	52	56	189	193	242	244	249	246	231	228	79	75	36	32	28	23	53	56	189	192	241	243	248	245	230	228	78	74	35	31	27	22	52	56	189	193	242	244	248	246	231	228	78	74	35	31	27	23	52	56	190	193	242	244	249	246	231	228	79	75	36	32	28	23	53	56	189	193	241	243	248	245	231	228	78	74	35	31	27	22	52	56	190	194	242	244	249	246	231	229	79	75	36	32	28	23	53	56	188	192	241	243	247	245	230	227	77	73	34	30	26	21	51	55	186	190	240	242	247	244	229	227	75	71	33	28	25	20	49	53	187	191	241	243	247	245	230	227	76	72	34	29	25	21	50	54	188	192	241	243	247	245	230	227	77	73	34	30	
14	6	44	47	198	201	237	239	255	252	235	233	86	82	42	39	18	11	46	49	196	201	237	239	254	252	235	232	86	82	42	39	16	9	45	48	198	201	237	239	255	252	235	233	87	83	43	39	18	11	46	49	196	201	237	239	255	252	235	232	86	82	42	39	16	9	45	48	198	201	237	239	254	252	235	233	86	82	42	39	18	9	45	48	198	202	237	239	255	252	235	233	87	83	43	39	18	11	46	49	198	201	237	239	254	252	235	232	86	82	42	39	16	9	45	48	198	202	237	239	254	252	235	233	87	83	43	39	18	11	46	49	195	200	236	238	254	252	234	232	85	81	41	38	14	6	44	47	194	199	236	238	255	252	234	231	83	79	39	37	13	2	43	47	195	200	236	238	255	252	234	232	84	80	40	37	13	6	44	47	195	200	236	238	254	252	234	232	85	81	41	38	
99	104	109	114	151	156	205	208	215	212	166	161	146	140	95	92	100	105	111	116	151	156	205	207	214	212	166	161	146	140	95	90	100	105	111	116	151	156	205	208	215	212	166	161	146	140	97	92	100	105	112	116	151	156	204	207	214	212	166	161	146	140	95	90	100	105	111	116	151	156	205	208	215	212	166	161	146	140	95	90	100	105	111	116	152	157	205	208	215	212	167	162	147	142	97	92	102	107	112	117	151	156	205	208	215	212	166	161	146	140	95	90	100	105	111	116	152	157	205	208	215	212	167	162	147	142	97	92	102	107	112	117	149	155	204	206	214	211	165	160	144	139	94	89	99	104	109	114	147	152	202	205	212	209	162	157	142	137	92	87	97	102	107	112	148	153	203	206	213	210	164	158	143	138	93	88	98	103	108	113	149	155	204	206	213	211	165	160	144	139	94	89	
224	221	172	167	132	127	68	64	60	57	117	122	178	182	216	218	224	222	173	169	133	128	68	65	61	57	118	123	178	182	216	219	225	222	173	169	133	130	69	65	62	58	120	125	177	181	215	218	224	221	173	167	133	128	68	65	61	57	118	122	178	182	216	219	225	222	173	169	133	130	69	65	62	58	118	125	178	182	216	219	225	222	173	169	133	128	68	65	61	57	118	123	177	181	215	218	224	221	172	167	132	127	67	64	60	56	117	122	178	182	216	219	225	222	173	169	133	128	69	65	61	58	118	123	177	181	215	218	224	221	172	167	132	127	68	64	61	57	117	122	180	185	218	220	226	223	176	172	136	132	71	67	64	60	121	127	179	183	217	220	225	222	175	170	134	130	69	65	62	58	120	125	179	183	217	220	225	222	175	170	134	130	69	65	62	58	120	125	177	181	215	218	
247	244	229	227	75	71	33	29	25	20	50	53	187	191	240	242	247	244	230	227	76	72	33	29	25	20	50	54	187	191	241	243	247	245	230	227	77	73	34	30	26	21	51	55	186	190	240	242	247	244	229	227	76	72	33	29	25	20	50	54	187	191	241	243	247	245	230	227	77	73	34	30	26	21	51	55	187	191	241	243	247	245	230	227	76	72	34	29	25	21	50	54	186	190	240	242	247	244	229	227	75	71	33	28	25	20	49	53	187	191	241	243	247	245	230	227	76	72	34	30	26	21	50	55	186	190	240	242	247	244	229	227	75	72	33	29	25	20	50	54	189	193	242	244	249	246	231	228	79	75	36	32	28	23	53	56	188	192	241	243	247	245	230	227	77	73	34	30	26	21	51	55	188	192	241	243	248	245	230	228	77	73	35	30	26	22	51	55	186	190	240	242	
254	250	234	231	83	80	40	37	13	2	43	47	195	199	236	238	253	250	234	231	84	80	40	37	13	2	43	47	195	200	236	238	254	251	234	232	85	81	41	38	14	6	44	47	194	199	236	238	253	250	234	231	84	80	40	37	13	2	43	47	195	200	236	238	253	250	234	232	85	81	41	38	14	6	44	47	195	200	236	238	254	251	234	232	84	80	40	37	13	6	44	47	194	199	236	238	253	250	234	231	83	79	39	37	11	2	43	46	195	200	236	238	254	251	234	232	84	80	41	38	14	6	44	47	194	199	236	238	253	250	234	231	84	80	40	37	13	2	43	47	198	201	237	239	254	250	235	233	87	83	43	39	18	11	46	49	196	200	237	239	253	250	234	232	85	81	41	38	14	6	44	47	196	200	237	239	254	251	235	232	85	81	41	38	14	9	45	47	194	199	236	238	
212	209	162	157	142	137	92	87	97	102	107	112	148	153	203	206	213	209	164	158	143	138	93	88	98	103	108	113	148	153	203	206	213	210	164	160	144	138	94	89	99	104	109	114	147	152	202	205	212	209	162	158	143	137	93	88	98	103	108	113	148	153	203	206	213	210	164	158	143	138	94	89	99	103	109	114	148	153	203	206	213	210	164	158	143	138	93	88	98	103	108	113	147	152	202	205	212	209	162	157	142	137	92	87	97	102	107	112	148	153	203	206	213	210	164	158	143	138	93	88	98	103	108	113	147	152	202	205	212	209	162	157	142	137	93	87	97	102	108	112	151	157	205	208	215	212	166	161	147	142	97	92	102	107	112	117	149	155	204	207	214	211	165	160	144	139	94	89	99	104	109	114	149	155	204	207	214	211	165	160	144	139	94	89	99	104	109	114	147	152	202	205	
64	60	122	127	180	185	217	220	225	223	176	171	136	131	70	66	63	59	121	126	181	185	218	221	226	223	177	172	137	132	71	67	64	60	122	127	179	183	217	220	225	222	175	170	134	131	70	66	63	59	121	126	181	186	218	221	226	224	177	172	137	132	71	67	64	60	122	127	180	185	218	220	226	223	176	171	136	131	70	67	63	59	121	126	179	183	217	220	225	222	176	170	136	131	70	66	63	59	121	126	180	185	218	220	226	223	176	171	136	131	71	67	63	60	121	126	180	185	218	220	226	223	176	171	136	131	70	66	63	59	121	126	179	183	217	220	225	222	175	170	134	130	69	66	62	58	120	125	179	183	217	220	225	222	175	170	134	130	70	66	63	59	120	126	180	185	218	220	226	223	176	171	136	131	70	66	63	59	121	126	181	186	218	221	226	224	177	172	137	132	71	67	
28	23	53	56	189	193	241	243	248	245	230	228	78	74	35	31	27	22	52	56	190	194	242	244	249	246	231	228	79	75	36	32	28	23	53	56	188	192	241	243	248	245	230	228	78	74	35	31	27	22	52	56	190	194	242	244	249	246	231	229	79	75	36	32	28	23	53	56	189	193	242	244	249	246	231	228	79	74	36	31	28	23	52	56	189	192	241	243	248	245	230	228	78	74	35	31	27	22	52	56	189	193	242	244	249	246	231	228	79	74	36	32	28	23	53	56	189	193	241	244	248	246	231	228	78	74	35	31	27	22	52	56	188	192	241	243	248	245	230	228	77	73	35	30	27	22	51	56	188	192	241	243	248	245	230	228	77	74	35	31	27	22	52	56	189	193	241	244	248	246	231	228	78	74	35	31	27	22	52	56	190	194	242	244	249	246	231	229	79	75	36	32	
18	11	46	49	198	201	237	239	254	252	235	232	86	82	42	39	16	9	45	48	198	202	237	239	255	252	235	233	87	83	43	39	18	11	46	49	196	200	237	239	254	252	235	232	86	82	42	39	16	9	45	48	199	202	237	239	254	252	235	233	87	83	43	39	18	11	46	49	198	201	237	239	255	252	235	233	86	82	42	39	18	11	46	49	196	200	237	239	254	252	235	232	86	82	42	39	16	9	45	48	198	201	237	239	255	252	235	233	86	83	43	39	18	11	46	49	198	201	237	239	254	252	235	233	86	82	42	39	18	9	45	48	196	200	237	239	255	252	235	232	85	81	41	39	14	9	45	47	196	200	237	239	255	252	235	232	86	82	42	39	16	9	45	48	198	201	237	239	254	252	235	233	86	82	42	39	18	9	45	48	199	202	237	239	255	252	235	233	87	83	43	39	
102	107	112	117	151	156	205	207	215	212	166	161	146	140	95	90	100	105	111	116	152	157	205	208	215	212	167	162	147	142	97	92	102	107	112	117	149	156	204	207	214	211	165	161	146	140	95	90	100	105	111	116	152	157	205	208	215	212	167	162	147	142	97	92	102	107	112	117	151	156	205	208	215	212	166	161	146	140	95	90	100	105	111	116	151	156	204	207	214	211	165	161	146	140	95	90	100	105	111	116	151	156	205	208	215	212	166	161	146	140	95	92	100	105	111	116	151	156	205	208	215	212	166	161	146	140	95	90	100	105	111	116	149	155	204	207	214	211	165	160	144	139	94	89	99	104	109	114	149	155	204	207	214	211	165	160	144	140	95	89	100	104	111	114	151	156	205	208	215	212	166	161	146	140	95	90	100	105	111	116	152	157	205	209	215	212	167	162	147	142	97	92	
225	222	173	169	133	128	69	65	62	58	118	125	178	182	216	219	225	222	173	169	133	128	68	65	61	57	118	123	177	181	215	218	224	221	172	167	132	127	67	64	60	56	117	122	179	182	216	219	225	222	175	169	134	130	69	65	62	58	120	125	178	182	216	218	225	222	173	169	133	128	68	65	61	57	118	123	177	181	215	218	224	221	173	167	133	128	68	65	61	57	118	122	179	182	216	219	225	222	175	169	134	130	69	65	62	58	120	125	178	182	215	218	224	221	173	169	133	128	68	65	61	57	118	123	178	182	216	219	225	222	173	169	133	128	69	65	62	58	118	125	177	181	215	218	224	221	173	167	133	128	68	65	61	57	118	122	178	182	216	219	225	222	173	169	133	128	68	65	61	57	118	123	177	181	215	218	224	221	173	167	133	128	68	65	61	57	118	123	178	182	216	219	
247	245	230	227	76	73	34	30	26	21	51	55	187	191	241	243	247	245	230	227	76	72	34	29	26	21	50	55	186	190	240	242	247	244	229	227	75	71	33	28	25	20	49	53	188	192	241	243	247	245	230	227	77	73	34	30	26	21	51	55	187	191	240	243	247	244	230	227	76	72	33	29	25	20	50	54	186	190	240	242	247	244	229	227	76	72	33	29	25	20	50	54	188	191	241	243	247	245	230	227	77	73	34	30	26	21	51	55	187	191	240	242	247	244	229	227	76	72	33	29	25	20	50	54	187	191	241	243	247	245	230	227	76	73	34	30	26	21	51	55	187	190	240	242	247	244	229	227	76	72	33	29	25	20	50	54	187	191	240	243	247	245	230	227	76	72	33	29	25	20	50	54	187	190	240	242	247	244	229	227	76	72	33	29	25	20	50	54	187	191	241	243	
254	251	234	232	85	81	41	38	14	6	44	47	195	200	236	238	253	250	234	232	84	80	40	37	13	6	44	47	194	199	236	238	253	250	234	231	83	79	39	37	13	2	43	47	195	200	236	238	254	251	234	232	85	81	41	38	14	6	44	47	195	200	236	238	254	251	234	232	84	80	40	37	13	2	43	47	194	199	236	238	253	250	234	231	84	80	40	37	13	2	43	47	195	200	236	238	254	251	234	232	85	81	41	38	14	6	44	47	194	199	236	238	253	250	234	231	84	80	40	37	13	2	43	47	195	200	236	238	254	251	234	232	85	81	41	38	14	6	44	47	194	199	236	238	254	252	234	231	84	80	40	37	13	2	43	47	195	200	236	238	254	251	234	232	84	80	40	37	13	2	43	47	194	199	236	238	253	250	234	231	84	80	40	37	13	2	43	47	195	200	236	238	
213	210	164	158	143	138	94	88	99	103	109	113	148	153	203	206	213	210	164	158	143	138	93	88	98	103	108	113	147	152	202	205	212	209	162	157	142	137	92	87	97	102	107	112	149	155	203	206	213	211	165	160	144	139	94	89	99	104	109	114	148	153	203	206	213	210	164	158	143	138	93	88	98	103	108	113	147	152	202	205	212	209	162	158	143	137	93	88	98	103	108	113	149	153	203	206	213	211	165	160	144	139	94	89	99	104	109	114	148	153	203	205	213	209	164	158	143	138	93	88	98	103	108	113	148	153	203	206	213	210	164	158	143	138	94	88	99	103	109	113	148	152	202	205	212	209	162	158	143	137	93	88	98	103	108	113	148	153	203	206	213	210	164	158	143	138	93	88	98	103	108	113	148	152	202	205	212	209	164	158	143	137	93	88	98	103	108	113	148	153	203	206	
63	59	121	126	180	185	218	220	226	223	176	171	136	131	71	67	64	60	121	126	179	183	217	220	225	222	175	170	134	130	70	66	63	59	120	126	180	185	218	220	226	223	176	171	136	131	71	67	63	60	121	126	180	185	218	220	225	223	176	171	136	131	70	66	63	59	121	126	179	183	217	220	225	222	175	170	134	131	70	66	63	59	120	126	181	186	218	221	227	224	177	172	137	132	71	67	64	60	122	127	179	183	217	220	225	222	175	170	134	131	70	66	63	59	121	126	181	185	218	221	226	223	177	172	137	132	71	67	64	60	122	127	180	185	217	220	225	223	176	171	136	131	70	66	63	59	121	126	181	186	218	221	227	224	177	172	137	132	71	67	64	60	122	127	180	185	218	220	226	223	176	171	136	131	70	67	63	59	121	126	179	183	217	220	225	222	176	170	136	131	70	66	
27	22	52	56	189	193	242	244	249	246	231	228	79	74	36	32	28	23	53	56	188	192	241	243	248	245	230	228	78	74	35	31	27	22	52	56	189	193	242	244	249	246	231	228	79	74	36	32	28	23	52	56	189	193	241	243	248	245	231	228	78	74	35	31	27	22	52	56	188	192	241	243	248	245	230	228	78	74	35	31	27	22	52	56	190	194	242	244	249	246	231	229	79	75	36	32	28	23	53	56	188	192	241	243	248	245	230	228	78	74	35	31	27	22	52	56	190	194	242	244	249	246	231	228	79	75	36	32	28	23	53	56	189	193	241	243	248	245	231	228	78	74	35	31	27	22	52	56	190	194	242	244	249	246	231	229	79	75	36	32	28	23	53	56	189	193	242	244	249	246	231	228	78	74	36	31	28	23	52	56	188	192	241	243	248	245	230	228	78	74	35	31	
16	9	45	48	198	201	237	239	255	253	235	233	86	83	43	39	18	11	46	49	196	200	237	239	254	252	235	232	86	82	42	39	16	9	45	48	198	201	237	239	255	252	235	233	86	82	43	39	18	11	46	49	198	201	237	239	255	252	235	232	86	82	42	39	16	9	45	48	196	200	237	239	254	252	235	232	86	82	42	39	16	9	45	48	199	202	238	239	255	252	235	233	87	83	43	39	18	11	46	49	196	200	237	239	254	252	235	232	86	82	42	39	16	9	45	48	198	202	237	239	255	252	235	233	87	83	43	39	18	11	46	49	198	201	237	239	253	250	235	232	86	82	42	39	16	9	45	48	199	202	238	239	253	250	235	233	87	83	43	39	18	11	46	49	198	201	237	239	255	252	235	233	86	82	42	39	18	11	46	48	196	200	237	239	254	252	235	232	86	82	42	39	
100	105	111	116	151	156	205	208	215	212	166	161	146	140	97	92	100	105	111	116	149	156	204	207	214	211	165	160	144	140	95	89	100	104	111	116	151	156	205	208	215	212	166	161	146	140	95	92	100	105	111	116	151	156	205	208	215	212	166	161	146	140	95	90	100	105	111	116	149	156	204	207	214	211	165	160	144	140	95	90	100	104	111	116	152	157	205	209	215	212	167	162	147	142	97	92	102	107	112	117	149	156	204	207	214	211	165	161	146	140	95	90	100	105	111	116	152	157	205	208	215	212	167	162	147	142	97	92	102	107	112	117	151	156	205	208	215	212	166	161	146	140	95	90	100	105	111	116	152	157	205	209	215	212	167	162	147	142	97	92	102	107	112	117	151	156	205	208	215	212	166	161	146	140	95	90	100	105	111	116	149	156	204	207	214	211	165	161	146	140	95	90	
224	221	172	167	132	127	68	65	61	57	117	122	178	182	216	219	225	222	175	169	134	130	69	65	62	58	120	125	178	182	216	219	225	222	173	169	133	128	68	65	61	57	118	123	177	181	215	218	224	221	173	167	133	128	68	65	61	57	118	122	178	182	216	219	225	222	175	169	134	130	69	65	62	58	120	125	178	182	216	219	225	222	173	169	133	128	69	65	62	58	118	123	177	181	215	218	224	221	172	167	132	127	68	64	61	57	117	122	178	182	216	219	225	222	173	169	133	130	69	65	62	58	118	125	177	181	215	218	224	221	172	167	132	127	68	65	61	57	117	122	179	183	217	219	225	222	175	170	134	130	69	65	62	58	120	125	179	183	217	220	225	222	175	170	134	130	69	65	62	58	120	125	179	183	216	219	225	222	175	170	134	130	69	65	62	58	120	125	177	181	215	218	
247	244	229	227	76	72	33	29	25	20	50	54	188	191	241	243	247	245	230	227	77	73	34	30	26	21	51	55	187	191	240	243	247	245	230	227	76	72	33	29	25	20	50	54	187	190	240	242	247	244	229	227	76	72	33	29	25	20	50	54	187	191	241	243	247	245	230	227	77	73	34	30	26	21	51	55	187	191	241	243	247	245	230	227	76	73	34	30	26	21	51	55	186	190	240	242	247	244	229	227	75	71	33	29	25	20	50	53	187	191	241	243	247	245	230	227	77	73	34	30	26	21	51	55	186	190	240	242	247	244	229	227	75	72	33	29	25	20	50	54	188	192	241	243	247	245	230	227	77	73	34	30	26	21	51	55	188	192	241	243	248	245	230	228	77	73	35	30	26	22	51	55	188	192	241	243	247	245	230	227	77	73	34	30	26	21	51	55	186	190	240	242	
253	250	234	231	84	80	40	37	13	2	43	47	195	200	236	238	254	251	234	232	85	81	41	38	14	6	44	47	195	200	236	238	254	251	234	232	84	80	40	37	13	2	43	47	194	199	236	238	253	250	234	231	84	80	40	37	13	2	43	47	195	200	236	238	253	250	234	232	85	81	41	38	14	6	44	47	195	200	236	238	254	251	234	232	84	81	41	38	14	6	44	47	194	199	236	238	253	250	234	231	83	80	40	37	13	2	43	47	195	200	236	238	254	251	234	232	85	81	41	38	14	6	44	47	194	199	236	238	254	252	234	231	84	80	40	37	13	2	43	47	196	200	237	238	255	252	234	232	85	81	41	38	14	6	44	47	196	200	237	239	254	252	235	232	85	81	41	38	14	6	44	47	196	200	236	238	254	251	234	232	85	81	41	38	14	6	44	47	194	199	236	238	
212	209	162	157	142	137	93	87	98	102	108	113	149	153	203	206	213	210	165	160	144	138	94	89	99	104	109	114	148	153	203	206	213	210	164	158	143	138	93	88	98	103	108	113	148	152	202	205	212	209	162	158	143	137	93	88	98	103	108	113	148	153	203	206	213	210	164	160	144	138	94	89	99	104	109	114	148	153	203	206	213	210	164	158	143	138	94	88	98	103	109	113	147	152	202	205	212	209	162	157	142	137	93	87	97	102	107	112	148	153	203	206	213	210	164	158	143	138	94	89	99	103	109	114	147	152	202	205	212	209	162	157	142	137	93	87	98	102	108	112	149	155	204	207	214	211	165	160	144	139	94	89	99	104	109	114	149	155	204	207	214	211	165	160	144	139	94	89	99	104	109	114	149	155	204	207	214	211	165	160	144	139	94	89	99	104	109	114	147	152	202	205	
64	60	122	127	180	183	217	220	225	222	176	170	136	131	70	66	63	59	121	126	181	186	218	221	227	224	177	172	137	132	71	67	64	60	122	127	179	183	217	220	225	222	176	170	136	131	70	66	63	59	121	126	180	185	218	220	226	223	177	172	137	132	71	67	64	60	122	127	180	185	218	220	226	223	176	171	136	131	70	66	63	59	121	126	180	185	217	220	225	222	176	171	136	131	70	66	63	59	121	126	180	185	218	220	226	223	176	171	136	131	71	67	64	60	121	127	180	185	218	220	226	223	176	171	136	131	70	66	63	59	121	126	180	185	218	220	226	223	176	172	136	132	71	67	64	60	121	127	178	182	216	218	225	222	173	169	133	128	68	65	61	57	118	123	177	181	215	218	224	221	172	167	132	127	67	64	60	56	117	122	180	185	218	220	226	223	177	172	137	132	71	67	
28	23	53	56	189	193	241	243	248	245	230	228	78	74	35	31	27	22	52	56	190	194	242	244	249	246	231	229	79	75	36	32	28	23	53	56	189	192	241	243	248	245	230	228	78	74	35	31	27	22	52	56	190	193	242	244	249	246	231	228	79	75	36	32	28	23	53	56	189	193	242	244	249	246	231	228	78	74	36	31	27	23	52	56	189	193	241	243	248	245	230	228	78	74	35	31	27	22	52	56	189	193	242	244	249	246	231	228	79	75	36	32	28	23	53	56	189	193	241	244	248	245	231	228	78	74	35	31	27	22	52	56	189	193	242	244	249	246	231	228	79	75	36	32	28	23	53	56	187	191	240	243	247	244	230	227	76	72	33	29	25	20	50	54	186	190	240	242	247	244	229	227	75	71	33	28	25	20	49	53	190	193	242	244	249	246	231	228	79	75	36	32	
18	11	46	49	196	201	237	239	254	252	235	232	86	82	42	39	16	9	45	48	199	202	238	240	255	252	235	234	87	83	43	39	20	11	46	49	196	201	237	239	254	252	235	232	86	82	42	39	16	9	45	48	198	201	237	239	254	252	235	233	87	83	43	39	18	11	46	49	198	201	237	239	255	252	235	233	86	82	42	39	18	11	46	48	196	201	237	239	254	252	235	232	86	82	42	39	16	9	45	48	198	201	237	239	254	252	235	233	87	83	43	39	18	11	46	49	198	201	237	239	253	250	235	233	86	82	42	39	16	9	45	48	198	201	237	239	254	251	235	233	87	83	43	39	18	11	46	49	195	200	236	238	254	250	234	231	84	80	40	37	13	2	43	47	194	199	236	238	254	252	234	231	83	79	39	37	11	2	43	46	198	201	237	239	255	252	235	233	87	83	43	39	
102	107	112	117	151	156	204	207	214	212	166	161	146	140	95	90	100	105	111	116	152	157	205	209	215	212	167	162	147	142	97	92	102	107	112	117	151	156	204	207	214	211	166	161	146	140	95	90	100	105	111	116	152	157	205	208	215	212	166	162	147	142	97	92	102	107	112	117	151	156	205	208	215	212	166	161	146	140	95	90	100	105	111	116	151	156	205	207	215	212	166	161	146	140	95	90	100	105	111	116	151	156	205	208	215	212	166	161	146	140	97	92	100	105	112	116	151	156	205	208	215	212	166	161	146	140	95	90	100	105	111	116	151	157	205	208	215	212	166	161	146	142	97	92	102	105	112	117	148	153	203	206	213	209	164	158	143	138	93	88	98	103	108	113	147	152	202	205	212	209	162	157	142	137	92	87	97	102	107	112	152	157	205	208	215	212	166	162	147	142	97	92	
225	222	173	169	133	128	68	65	61	58	118	123	178	181	215	218	224	221	173	167	133	128	68	65	61	57	118	123	178	182	216	219	225	222	173	169	133	130	69	65	62	58	120	125	178	182	216	219	225	222	173	169	133	128	69	65	62	58	118	123	177	181	215	218	224	221	172	167	132	127	68	64	60	57	117	122	178	182	215	218	224	222	173	169	133	128	68	65	61	57	118	123	178	182	216	219	225	222	173	169	133	128	68	65	61	58	118	123	178	181	215	218	224	221	173	167	133	128	68	65	61	57	118	123	179	182	216	219	225	222	175	169	134	130	69	65	62	58	120	125	179	183	217	220	225	222	175	170	134	130	70	66	63	59	120	125	180	185	218	220	226	223	176	171	136	131	71	67	64	60	121	126	179	183	217	220	225	222	175	170	134	130	70	66	63	59	120	126	178	182	216	219	
247	245	230	227	76	72	34	30	26	21	50	55	187	191	240	242	247	244	229	227	76	72	33	29	25	20	50	54	187	191	241	243	247	245	230	227	77	73	34	30	26	21	51	55	187	191	241	243	247	245	230	227	76	72	34	30	26	21	51	55	186	190	240	242	247	244	229	227	75	71	33	29	25	20	49	53	187	191	240	242	247	244	230	227	76	72	33	29	25	20	50	54	187	191	241	243	247	245	230	227	76	72	34	30	26	21	50	55	187	191	240	242	247	244	229	227	76	72	33	29	25	20	50	54	188	192	241	243	247	245	230	227	77	73	34	30	26	21	51	55	188	192	241	243	248	245	230	228	77	73	35	31	27	22	52	56	189	193	242	244	249	246	231	228	79	75	36	32	28	23	53	56	188	192	241	243	248	245	230	228	77	74	35	31	27	22	52	56	187	191	241	243	
254	251	234	232	84	80	40	38	14	6	44	47	194	199	236	238	253	249	234	231	84	80	40	37	13	2	43	47	195	200	236	238	254	250	234	232	85	81	41	38	14	6	44	47	195	200	236	238	255	252	234	232	84	81	41	38	14	6	44	47	194	199	236	238	254	252	234	231	83	79	40	37	13	2	43	47	195	199	236	238	254	252	234	231	84	80	40	37	13	2	43	47	195	200	236	238	255	252	234	232	84	80	40	38	14	6	44	47	194	199	236	238	255	252	234	231	84	80	40	37	13	2	43	47	195	200	236	238	255	252	234	232	85	81	41	38	14	6	44	47	196	200	237	239	254	252	235	232	85	82	42	39	16	9	45	48	198	201	237	239	255	252	235	233	86	83	43	39	18	11	46	49	196	200	237	239	253	250	235	232	86	82	42	39	16	9	45	48	195	200	236	238	
213	210	164	158	143	138	93	88	98	103	108	113	148	153	202	205	212	209	164	158	143	138	93	88	98	103	108	113	148	153	203	206	213	210	164	160	144	138	94	89	99	104	109	114	148	153	203	206	213	210	164	158	143	138	94	88	98	103	108	113	147	152	202	205	212	209	162	157	142	137	92	87	97	102	107	112	148	153	203	206	213	209	164	158	143	138	93	88	98	103	108	113	148	153	203	206	213	210	164	158	143	138	93	88	98	103	108	113	148	153	202	205	212	209	164	158	143	138	93	88	98	103	108	113	149	155	203	206	213	211	165	160	144	139	94	89	99	104	109	114	149	155	204	207	214	211	165	160	144	139	95	89	99	104	109	114	151	156	205	208	215	212	166	161	146	140	97	92	100	105	112	116	149	155	204	207	214	211	165	160	144	139	95	89	99	104	111	114	148	153	203	206	
62	58	120	125	180	185	218	220	226	223	176	171	136	131	70	66	63	59	121	126	180	185	218	220	226	223	176	171	136	131	70	66	63	59	121	126	180	185	218	220	226	223	176	171	136	131	71	67	64	60	121	127	179	183	217	220	225	222	175	170	134	130	69	65	62	58	120	125	179	183	217	220	225	222	175	170	134	130	70	66	62	59	120	125	180	185	218	220	226	223	176	172	136	132	71	67	64	60	122	127	179	183	217	220	225	222	175	170	134	130	69	65	62	58	120	125	179	183	217	220	225	222	175	170	134	130	69	65	62	58	120	125	177	181	215	218	224	221	172	167	132	127	68	64	60	57	117	122	178	182	216	219	225	222	173	169	133	128	69	65	62	58	118	125	178	182	216	219	225	222	173	169	133	128	68	65	61	57	118	123	179	183	217	220	225	222	175	170	134	130	69	65	
26	21	51	55	189	193	242	244	249	246	231	228	78	74	36	31	28	23	52	56	189	193	241	244	248	245	231	228	78	74	35	31	27	22	52	56	189	193	242	244	249	246	231	228	79	75	36	32	28	23	53	56	188	192	241	243	248	245	230	228	77	73	35	30	27	22	51	56	188	192	241	243	248	245	230	228	77	73	35	31	27	22	52	56	189	193	242	244	249	246	231	228	79	75	36	32	28	23	53	56	188	192	241	243	247	245	230	227	77	73	34	30	26	21	51	55	188	192	241	243	248	245	230	228	77	73	35	30	27	22	51	56	186	190	240	242	247	244	229	227	75	71	33	29	25	20	50	53	187	191	241	243	247	245	230	227	77	73	34	30	26	21	51	55	187	191	241	243	247	245	230	227	76	72	34	29	25	21	50	54	188	192	241	243	247	245	230	228	77	73	34	30	
14	6	44	47	198	201	237	239	254	252	235	233	86	82	42	39	18	11	46	48	198	201	237	239	254	252	235	233	86	82	42	39	16	9	45	48	198	201	237	239	254	252	235	233	87	83	43	39	18	11	46	49	196	200	237	239	253	250	235	232	85	81	41	38	14	9	45	47	196	200	237	239	253	250	235	232	85	82	42	39	16	9	45	48	198	201	237	239	253	249	235	233	87	83	43	39	18	11	46	49	196	200	237	239	254	251	234	232	85	81	41	38	14	6	44	47	196	200	237	239	254	252	235	232	85	81	41	38	14	9	45	47	194	199	236	238	253	250	234	231	83	80	40	37	13	2	43	47	195	200	236	238	253	250	234	232	85	81	41	38	14	6	44	47	195	200	236	238	254	252	234	232	84	80	40	37	13	2	43	47	196	200	237	239	255	252	234	232	85	81	41	38	
99	104	109	114	151	156	205	208	215	212	166	161	146	140	95	90	100	105	111	116	151	156	205	208	215	212	166	161	146	140	95	90	100	105	111	116	151	156	205	208	215	212	166	161	146	142	97	92	102	105	112	116	149	155	204	207	214	211	165	160	144	139	94	89	99	104	109	114	149	155	204	207	214	211	165	160	144	139	94	89	99	104	109	114	151	157	205	208	215	212	166	162	147	142	97	92	102	107	112	117	149	155	204	207	214	211	165	160	144	139	94	89	99	104	109	114	149	155	204	207	214	211	165	160	144	139	94	89	99	104	109	114	147	152	202	205	212	209	162	157	142	137	92	87	97	102	107	112	148	153	203	206	213	210	164	158	143	138	94	88	99	103	109	114	148	153	203	206	213	210	164	158	143	138	93	88	98	103	108	113	149	155	204	207	214	211	165	160	144	139	94	89	
224	221	172	167	132	127	68	64	61	57	117	122	178	182	216	219	225	222	173	169	133	128	69	65	62	58	118	125	177	181	215	218	224	221	172	167	132	127	67	64	60	56	117	122	178	182	216	219	225	222	173	169	133	128	68	65	61	57	118	123	181	186	218	221	226	224	177	172	137	132	71	67	64	60	122	127	179	183	217	219	225	222	175	170	134	130	69	65	62	58	120	125	179	183	217	220	225	222	175	170	134	130	70	66	63	59	120	126	181	186	218	221	227	224	177	172	137	132	71	67	64	60	122	127	180	185	218	220	226	223	176	171	136	131	70	66	63	59	121	126	181	185	218	221	226	223	177	172	137	132	71	67	64	60	122	127	180	185	217	220	225	222	176	171	136	131	70	66	63	59	121	126	181	186	218	221	226	224	177	172	137	132	71	67	64	60	122	127	177	181	215	218	
247	244	229	227	75	72	33	29	25	20	50	53	187	191	241	243	247	245	230	227	77	73	34	30	26	21	51	55	186	190	240	242	247	244	229	227	75	71	33	28	25	20	49	53	187	191	241	243	247	245	230	227	76	72	33	29	25	21	50	54	190	194	242	244	249	246	231	229	79	75	36	32	28	23	53	56	188	192	241	243	247	245	230	227	77	73	34	30	26	21	51	55	188	192	241	243	248	245	230	228	78	74	35	31	27	22	52	56	190	194	242	244	249	246	231	229	79	75	36	32	28	23	53	56	189	193	242	244	249	246	231	228	78	74	36	31	27	23	52	56	190	194	242	244	249	246	231	229	79	75	36	32	28	23	53	56	189	193	241	243	248	245	230	228	78	74	35	31	27	22	52	56	190	194	242	244	249	246	231	229	79	75	36	32	28	23	53	56	186	190	240	242	
253	250	234	231	83	80	40	37	13	2	43	47	195	200	236	238	255	252	234	232	85	81	41	38	14	6	44	47	194	199	236	238	253	250	234	231	83	79	39	36	11	2	43	46	195	200	236	238	254	251	234	232	84	80	40	37	13	2	43	47	199	202	238	239	255	252	235	233	87	83	43	39	18	11	46	49	196	200	237	238	255	252	234	232	85	81	41	38	14	6	44	47	196	200	237	239	254	252	235	232	86	82	42	39	16	9	45	48	199	202	238	239	253	250	235	233	87	83	43	39	18	11	46	49	198	201	237	239	254	251	235	233	86	82	42	39	18	11	46	48	198	202	237	239	255	252	235	233	87	83	43	39	18	11	46	49	196	201	237	239	254	251	235	232	86	82	42	39	16	9	45	48	199	202	238	239	254	251	235	233	87	83	43	39	18	11	46	49	194	199	236	238	
212	209	162	157	142	137	93	87	97	102	108	112	148	153	203	206	213	210	164	158	143	138	94	88	99	103	109	114	147	152	202	205	212	209	162	157	142	137	92	87	97	102	107	112	148	153	203	206	213	210	164	158	143	138	93	88	98	103	108	113	152	157	205	209	215	212	167	162	147	142	97	92	102	107	112	117	149	155	204	207	214	211	165	160	144	139	94	89	99	104	109	114	149	156	204	207	214	211	165	160	144	140	95	89	100	104	111	116	152	157	205	209	215	212	167	162	147	142	97	92	102	107	112	117	151	156	205	208	215	212	166	161	146	140	95	90	100	105	111	116	152	157	205	208	215	212	167	162	147	142	97	92	102	107	112	117	151	156	205	207	215	212	166	161	146	140	95	90	100	105	111	116	152	157	205	209	215	212	167	162	147	142	97	92	102	107	112	117	147	152	202	205	
62	59	120	125	180	185	218	220	226	223	176	172	136	132	71	67	64	60	121	127	179	183	217	220	225	222	175	170	134	130	69	65	62	58	120	125	179	183	217	220	225	222	175	170	134	130	70	66	63	59	120	126	180	183	217	220	225	222	176	170	136	131	70	66	63	59	121	126	177	181	215	218	224	221	172	167	132	128	68	65	61	57	117	122	178	182	216	219	225	222	173	169	133	128	68	65	61	57	118	123	177	181	215	218	224	221	172	167	132	127	67	64	60	56	117	122	178	182	216	219	225	222	173	169	133	130	69	65	62	58	118	125	179	183	217	220	225	222	175	170	134	130	69	65	62	58	120	125	178	182	216	218	224	222	173	169	133	128	68	65	61	57	118	123	177	181	215	218	224	221	172	167	132	128	68	65	61	57	117	122	179	183	217	220	225	222	175	170	134	130	70	66	
27	22	52	56	189	193	242	244	249	246	231	228	79	75	36	32	28	23	53	56	188	192	241	243	248	245	230	228	77	73	35	30	27	22	51	56	188	192	241	243	248	245	230	228	78	74	35	31	27	22	52	56	189	193	241	243	248	245	230	228	78	74	35	31	27	22	52	56	186	190	240	242	247	244	229	227	76	72	33	29	25	20	50	54	187	191	240	243	247	244	230	227	76	72	33	29	25	20	50	54	186	190	240	242	247	244	229	227	75	71	33	28	23	20	49	53	187	191	241	243	247	245	230	227	77	73	34	30	26	21	51	55	188	192	241	243	247	245	230	228	77	73	34	30	26	22	51	55	187	191	240	242	247	244	230	227	76	72	33	29	25	20	50	54	186	190	240	242	247	244	229	227	76	72	33	29	25	20	50	54	188	192	241	243	248	245	230	228	77	73	35	31	
16	9	45	48	198	201	237	239	254	252	235	233	87	83	43	39	18	11	46	49	196	200	237	239	254	252	235	232	85	81	41	38	14	9	45	47	196	200	237	239	255	252	235	232	86	82	42	39	16	9	45	48	196	201	237	239	254	252	235	232	86	82	42	39	16	9	45	48	194	199	236	238	254	251	234	231	84	80	40	37	13	2	43	47	195	200	236	238	254	250	234	232	84	80	40	37	13	2	43	47	194	199	236	238	255	252	234	231	83	79	39	36	11	2	43	46	195	200	236	238	254	252	234	232	85	81	41	38	14	6	44	47	196	200	237	239	254	252	235	232	85	81	41	38	14	6	44	47	195	199	236	238	254	252	234	231	84	80	40	37	13	2	43	47	194	199	236	238	255	252	234	231	84	80	40	37	13	2	43	47	196	200	237	239	254	252	235	232	85	82	42	39	
99	104	109	114	151	157	205	208	215	212	166	161	147	142	97	92	102	107	112	117	149	155	204	207	214	211	165	160	144	139	94	89	99	104	109	114	149	156	204	207	214	211	165	160	144	140	95	89	100	104	111	116	151	156	204	207	214	212	166	161	146	140	95	90	100	105	111	116	147	152	202	205	212	209	162	157	143	137	93	88	98	103	108	113	148	153	203	206	213	210	164	158	143	138	93	88	98	103	108	113	147	152	202	205	212	209	162	157	142	137	92	87	97	102	107	112	148	153	203	206	213	210	164	158	144	138	94	89	99	104	109	114	149	155	204	207	214	211	165	160	144	139	94	89	99	104	109	114	148	153	203	206	213	209	164	158	143	138	93	88	98	103	108	113	147	152	202	205	212	209	162	157	143	137	93	88	98	103	108	113	149	155	204	207	214	211	165	160	144	139	94	89	
225	222	173	169	133	128	68	65	61	57	118	123	177	181	215	218	224	221	173	167	133	128	68	65	61	57	118	122	181	186	218	221	226	223	177	172	137	132	71	67	64	60	122	127	177	181	215	218	224	221	173	167	133	128	68	65	61	57	118	123	179	182	216	219	225	222	175	170	134	130	69	65	62	58	120	125	180	185	218	220	226	223	176	171	136	131	71	67	64	60	121	126	180	185	218	220	226	223	176	171	136	131	70	66	63	59	121	126	179	183	217	220	225	222	175	170	134	130	69	66	62	58	120	125	177	181	215	218	224	221	172	167	132	128	68	65	61	57	117	122	179	183	216	219	225	222	175	170	134	130	69	65	62	58	120	125	180	185	218	220	226	223	176	172	136	132	71	67	64	60	121	127	179	183	217	219	225	222	175	170	134	130	69	65	62	58	120	125	178	182	216	219	
247	245	230	227	76	72	34	29	26	21	50	55	187	190	240	242	247	244	229	227	76	72	33	29	25	20	50	54	190	194	242	244	249	246	231	229	79	75	36	32	28	23	53	56	187	190	240	242	247	244	229	227	76	72	33	29	25	20	50	54	188	192	241	243	247	245	230	227	77	73	34	30	26	21	51	55	189	193	242	244	249	246	231	228	79	75	36	32	28	23	53	56	189	193	242	244	249	246	231	228	78	74	36	31	27	23	52	56	188	192	241	243	248	245	230	228	77	73	35	30	27	22	51	56	186	190	240	242	247	244	229	227	76	72	33	29	25	20	50	54	188	192	241	243	247	245	230	227	77	73	34	30	26	21	51	55	189	193	242	244	249	246	231	228	79	75	36	32	28	23	53	56	188	192	241	243	247	245	230	227	77	73	34	30	26	21	51	55	187	191	241	243	
