16
16
1	20	176	225	251	213	74	6	1	23	177	227	250	212	72	4	
41	98	122	189	203	159	116	65	44	101	126	188	203	157	114	63	
205	146	112	60	39	96	137	192	207	149	111	59	37	95	134	190	
241	224	87	3	1	18	174	234	243	223	86	3	1	17	173	233	
253	217	78	10	1	28	181	231	253	216	77	9	1	27	180	230	
201	166	121	70	49	104	131	184	199	164	119	69	48	103	130	186	
35	92	143	196	210	155	107	53	32	90	142	196	209	153	109	56	
1	15	171	239	248	219	81	2	1	13	169	238	247	221	84	2	
1	24	178	228	251	212	73	5	1	22	177	226	252	214	75	7	
45	102	127	187	202	158	115	64	43	99	124	189	204	161	117	66	
208	151	110	57	36	93	135	191	206	147	113	61	40	97	138	193	
245	222	85	2	1	16	172	234	242	225	89	4	1	19	175	235	
252	215	76	8	1	26	179	229	255	218	79	11	1	30	182	231	
198	162	118	67	47	102	129	185	200	167	122	71	50	105	133	183	
31	90	140	194	209	152	108	55	33	91	145	197	211	156	106	52	
1	12	168	236	246	220	83	2	1	14	170	240	249	218	80	1	
