96
96
241	153	28	1	45	112	243	150	27	2	54	96	249	142	30	1	45	104	243	149	26	1	40	116	239	159	30	1	43	99	240	162	30	1	53	102	248	157	27	1	39	96	243	149	31	1	43	103	246	147	32	1	41	116	249	142	31	1	51	103	247	159	28	1	41	95	237	157	26	1	45	101	242	159	38	1	54	115	249	156	27	1	43	92	242	150	30	1	44	100	236	161	27	1	41	96	
4	58	76	230	125	17	4	63	79	226	120	19	3	68	74	222	137	18	2	67	78	217	132	20	2	65	77	224	134	17	4	68	75	230	129	20	4	70	85	226	127	19	4	69	90	222	122	17	3	59	86	216	128	20	3	57	75	219	134	21	4	68	78	214	129	20	3	73	89	217	127	19	3	65	91	220	121	17	2	66	87	215	125	26	3	71	82	234	119	18	4	61	78	229	121	20	
1	10	183	253	198	16	1	5	166	253	205	15	1	6	167	253	206	13	1	5	184	253	212	10	1	6	178	252	186	12	1	5	185	251	194	10	1	7	176	251	188	11	1	9	177	250	195	14	1	7	182	251	189	16	1	5	180	253	199	10	1	6	174	254	206	11	1	5	165	251	199	16	1	5	169	251	190	14	1	7	164	254	196	17	1	8	169	253	191	14	1	9	176	254	189	14	
1	53	109	250	143	37	1	47	106	245	148	34	1	48	109	246	164	38	1	52	92	248	143	35	2	50	104	247	141	33	1	46	113	243	147	36	1	48	110	236	140	32	1	50	114	241	155	27	1	53	105	236	164	28	1	49	108	240	156	33	1	47	113	245	148	35	1	49	111	249	142	32	1	39	105	238	145	33	2	46	107	239	164	36	1	52	110	249	139	38	1	49	114	246	147	34	
216	128	26	2	69	90	222	136	22	2	56	88	231	129	25	3	62	89	234	128	23	5	72	82	229	121	26	3	63	84	222	127	24	3	55	88	219	134	22	2	60	76	216	138	24	2	63	79	232	132	22	5	72	83	229	127	18	2	63	88	231	124	19	2	59	84	228	121	22	2	60	75	224	135	24	3	70	78	233	132	21	5	63	75	226	134	22	2	67	85	224	131	24	2	72	87	
252	209	11	1	8	175	251	196	12	1	8	181	251	191	10	1	7	176	252	197	17	1	8	174	251	204	15	1	9	167	254	203	15	1	8	171	253	200	14	1	6	165	253	205	13	1	5	167	253	207	11	1	8	172	252	205	13	1	9	166	251	193	15	1	7	184	252	189	14	1	7	180	253	204	13	1	9	181	253	212	11	1	6	176	252	200	12	1	5	174	251	202	10	1	6	168	
238	157	30	1	43	92	241	160	29	1	39	99	236	155	28	1	42	113	239	152	29	1	43	108	242	158	27	1	39	94	237	156	28	2	42	98	250	159	29	1	41	93	247	161	37	1	44	100	248	141	35	1	46	92	245	146	38	2	39	98	243	139	27	1	42	100	239	153	30	1	52	93	244	161	28	1	49	98	248	151	29	1	40	97	245	153	28	2	42	102	243	158	29	1	39	105	
3	60	80	235	118	19	4	65	76	217	124	20	4	71	81	215	122	19	2	57	86	220	126	18	2	59	90	214	139	19	2	71	78	227	121	18	3	67	81	235	119	18	4	73	87	228	125	19	3	65	89	221	118	25	3	67	81	215	130	23	4	70	76	218	139	26	3	69	81	235	131	18	4	63	82	213	126	20	3	56	84	219	120	18	3	60	89	217	123	19	4	55	74	220	139	18	
1	5	180	253	203	13	1	6	174	253	210	16	1	9	171	252	205	14	1	6	166	254	188	13	1	5	182	253	196	11	1	6	180	252	211	12	1	6	181	251	197	16	1	9	179	252	187	17	1	6	175	253	194	15	1	6	184	254	197	13	1	6	177	253	210	12	1	9	175	252	197	11	1	7	166	252	192	16	1	8	173	251	194	15	1	9	182	253	207	15	1	8	185	253	198	15	
2	51	103	247	142	36	1	49	117	248	145	35	1	52	106	246	140	32	1	47	104	244	147	31	1	49	113	249	148	38	1	52	107	245	143	35	1	51	106	244	146	31	2	54	111	238	149	29	1	40	109	243	151	28	1	45	113	248	150	31	1	55	106	250	162	37	1	47	109	247	144	35	2	45	113	243	147	37	1	52	112	241	142	31	1	48	116	238	144	32	1	47	95	248	148	35	
227	129	22	2	63	86	225	134	23	2	59	84	230	131	24	3	64	77	228	135	23	3	70	75	231	130	22	3	66	83	233	129	21	4	63	89	215	133	25	2	58	84	219	131	24	2	61	74	213	134	21	2	56	77	226	137	19	2	58	85	233	120	18	2	62	90	224	124	21	2	57	87	226	118	25	2	72	90	230	129	23	2	69	82	228	136	25	2	70	83	232	128	21	2	66	89	
251	194	17	1	9	164	251	187	10	1	5	178	255	193	12	1	6	186	250	201	11	1	9	179	252	208	12	1	8	173	251	189	17	1	9	166	252	192	11	1	7	169	255	209	10	1	8	186	251	203	12	1	9	164	251	212	10	1	8	170	252	200	14	1	7	167	250	203	17	1	5	172	253	208	15	1	6	186	255	205	12	1	5	167	253	198	10	1	6	165	252	187	11	1	7	171	
242	163	30	1	41	110	237	157	27	1	44	102	240	160	31	2	41	98	250	157	36	1	55	96	236	161	33	1	45	102	241	153	30	1	47	117	239	151	26	1	46	104	242	157	33	1	48	97	250	158	36	1	52	102	239	160	33	1	50	97	237	154	29	2	44	117	242	151	27	1	42	104	236	158	31	1	41	105	246	157	33	1	44	104	250	161	36	1	55	108	246	156	26	1	45	113	
3	70	77	214	122	17	3	73	81	219	126	20	4	69	91	220	120	18	4	63	84	216	123	20	4	61	81	218	118	25	3	57	74	221	124	22	3	70	78	224	126	20	4	69	80	223	121	17	4	70	84	234	123	22	4	68	90	217	127	24	3	64	82	220	128	22	5	71	76	216	128	19	4	66	77	218	137	18	4	64	79	220	122	20	4	57	77	216	125	22	4	63	80	218	121	25	
1	6	182	254	207	14	1	7	184	252	201	15	1	9	166	253	198	15	1	7	170	253	192	16	1	7	164	253	199	14	1	5	176	253	206	13	1	6	183	253	201	15	1	5	175	252	198	15	1	5	176	253	190	16	1	6	181	253	195	16	1	5	179	253	187	10	1	9	182	254	191	12	1	8	178	251	196	10	1	9	175	251	188	14	1	7	180	250	211	16	1	7	179	253	205	13	
1	52	97	245	149	34	1	54	94	249	151	37	1	50	109	244	149	26	1	46	115	245	145	29	1	42	110	248	139	27	1	40	93	247	163	34	1	43	99	248	141	38	1	39	112	246	147	27	1	43	115	244	141	30	1	41	111	247	144	36	1	40	104	246	141	33	1	49	98	248	148	32	1	54	95	249	140	29	1	50	100	237	148	27	1	39	93	241	147	31	1	42	100	236	140	38	
233	137	21	5	56	90	229	131	26	2	62	74	234	138	23	2	55	79	226	132	25	2	67	89	224	136	17	2	74	88	228	132	19	2	68	86	229	137	18	2	63	91	232	129	23	2	57	88	227	128	26	3	60	78	224	132	18	2	74	75	230	133	20	2	55	80	228	135	24	3	61	83	233	130	22	3	58	89	228	128	21	3	62	88	235	133	19	2	74	91	229	132	18	2	58	85	
251	190	11	1	8	169	252	197	11	1	7	173	251	207	12	1	6	175	251	212	10	1	5	174	252	205	11	1	9	185	251	198	10	1	8	168	251	195	12	1	9	172	251	190	12	1	8	166	252	208	11	1	7	168	252	205	12	1	9	172	251	207	12	1	7	166	251	204	13	1	7	169	252	199	13	1	5	165	252	209	17	1	6	170	252	202	11	1	9	172	254	199	12	1	9	167	
250	153	28	1	39	107	239	141	31	2	43	112	242	144	33	1	40	95	238	153	34	1	49	101	240	158	37	2	50	105	242	151	32	1	53	112	237	155	28	1	51	107	240	159	31	1	52	93	236	162	32	1	46	99	241	156	26	1	48	94	242	161	28	1	51	108	238	156	38	1	40	111	240	163	35	1	43	115	243	158	38	1	46	111	244	155	35	1	51	113	243	159	29	1	48	104	
3	69	76	221	125	19	3	68	83	218	119	18	4	70	88	213	127	21	4	72	82	235	128	22	3	57	76	215	127	23	4	61	80	220	123	25	3	55	77	214	117	21	5	66	75	217	138	19	4	71	82	215	119	20	3	65	86	220	125	21	4	66	88	214	119	17	3	70	91	221	122	19	2	68	74	220	120	26	2	70	78	214	125	24	3	67	75	222	118	25	4	65	79	224	126	24	
1	6	175	253	213	16	1	5	179	253	191	14	1	8	180	254	188	17	1	10	182	253	196	15	1	8	177	255	187	16	1	6	175	253	203	15	1	5	181	254	213	16	1	6	179	253	204	14	1	10	184	254	197	13	1	5	178	253	189	15	1	6	185	252	194	15	1	5	180	253	213	16	1	6	183	253	186	14	1	10	180	253	195	13	1	5	184	253	191	15	1	5	176	252	196	15	
1	44	115	244	161	32	1	46	99	247	157	28	1	48	104	247	162	30	1	53	111	249	142	28	1	39	113	246	148	31	1	44	103	250	142	36	1	41	95	247	146	34	1	45	102	249	143	35	1	49	105	247	146	37	2	54	107	249	148	33	1	43	114	245	146	31	1	45	92	244	143	26	1	50	101	247	146	28	1	52	96	247	141	32	2	45	103	248	144	33	1	40	109	246	146	36	
217	131	22	2	62	87	226	134	24	2	58	77	230	129	22	2	60	76	224	119	18	2	63	86	227	122	19	3	65	91	231	129	18	2	63	83	234	134	20	2	72	84	227	128	24	2	59	89	233	131	23	2	62	79	228	134	24	2	57	76	235	138	25	2	59	81	230	131	22	4	62	86	227	136	20	4	57	85	231	131	17	5	60	83	226	138	18	2	56	86	215	134	21	2	61	89	
252	203	12	1	9	165	251	200	12	1	9	171	252	206	10	1	5	165	252	204	13	1	6	168	251	207	13	1	5	166	252	210	12	1	7	172	252	189	11	1	9	165	252	194	10	1	7	173	251	186	17	1	7	171	250	201	10	1	9	165	255	209	12	1	8	174	251	199	10	1	9	175	252	201	11	1	8	173	251	206	10	1	7	168	251	204	12	1	8	164	251	208	10	1	8	185	
237	150	30	1	50	105	242	147	36	1	53	114	236	142	35	1	45	106	242	150	38	1	47	92	241	160	33	1	52	97	236	158	27	1	49	108	243	161	29	2	47	114	244	150	27	1	42	111	243	153	29	1	40	115	240	157	30	1	47	104	235	159	36	1	53	106	250	158	34	2	47	113	236	152	32	1	39	109	241	150	30	1	42	106	236	162	27	1	49	97	239	158	28	1	53	94	
4	72	78	235	122	18	4	66	81	216	123	20	3	64	90	220	136	25	3	68	81	216	132	24	4	69	77	219	138	26	4	71	78	216	120	22	4	67	88	218	125	17	3	64	82	220	121	19	3	69	85	219	124	18	4	68	90	216	121	19	4	72	87	219	123	20	3	68	75	215	126	25	2	73	80	217	124	23	2	69	90	219	121	21	3	71	81	233	124	20	4	69	74	229	120	17	
1	5	178	255	187	14	1	6	181	253	195	16	1	6	185	253	196	14	1	7	178	253	191	10	1	7	184	253	194	11	1	9	179	251	197	14	1	6	185	251	200	15	1	6	181	253	198	13	1	5	178	253	211	14	1	6	182	252	192	15	1	6	176	253	196	17	1	5	165	253	190	14	1	6	168	254	193	16	1	5	177	253	196	15	1	6	181	254	189	17	1	6	175	253	194	15	
2	41	102	246	154	27	1	42	92	250	160	28	1	44	98	248	156	30	1	41	102	246	146	27	1	44	107	248	141	35	1	42	115	245	148	38	1	45	105	237	154	32	1	54	96	240	160	33	1	48	98	245	139	35	1	44	101	248	147	27	1	39	97	244	141	28	1	42	102	246	149	29	1	44	97	248	160	36	1	48	104	250	154	34	1	54	116	246	148	37	1	46	107	249	139	33	
216	137	25	3	55	91	223	133	22	3	73	83	233	128	17	4	56	85	229	124	19	2	62	89	233	121	20	2	56	87	223	128	18	2	59	82	226	136	24	3	56	75	229	132	25	4	62	78	231	136	21	3	55	74	229	128	22	3	62	78	225	129	23	2	61	84	223	132	18	3	56	89	234	134	18	4	63	76	230	133	19	3	64	77	223	129	24	2	63	90	219	128	23	2	60	85	
251	209	10	1	7	170	251	205	11	1	8	167	251	210	12	1	8	169	251	201	16	1	9	172	251	199	15	1	8	170	254	204	17	1	7	167	253	205	10	1	8	170	254	208	12	1	8	166	251	202	11	1	9	167	252	199	12	1	8	169	251	206	11	1	9	184	251	204	12	1	8	180	251	210	12	1	9	185	251	204	12	1	8	166	252	212	11	1	9	172	251	205	12	1	7	167	
241	163	38	1	47	111	238	142	33	1	52	110	241	148	32	1	51	116	237	159	36	2	54	111	239	155	32	1	49	99	241	150	30	1	53	93	249	145	30	1	39	101	247	141	37	1	43	106	250	149	28	1	52	112	237	163	32	1	51	111	242	156	34	1	50	116	238	161	37	1	54	108	241	140	33	1	51	114	238	146	27	1	42	92	241	142	29	1	39	100	242	157	32	1	44	113	
3	70	76	227	126	21	2	65	79	219	117	26	2	67	75	215	130	22	3	70	77	221	135	21	5	72	80	227	131	24	3	68	75	232	124	21	4	72	90	214	119	20	2	68	87	220	126	20	2	73	88	215	130	25	2	70	84	221	135	18	4	67	81	232	118	21	5	70	77	226	125	23	2	66	83	221	119	25	3	56	88	213	127	22	4	59	84	227	135	18	3	66	82	232	130	19	
1	10	184	253	197	17	1	5	174	252	193	15	1	6	176	254	186	13	1	5	180	253	212	12	1	6	181	252	188	11	1	5	180	252	196	13	1	6	176	251	188	16	1	5	174	252	192	15	1	6	185	254	188	16	1	6	181	253	196	13	1	5	174	254	187	14	1	6	171	252	197	15	1	7	167	253	195	16	1	6	174	253	187	15	1	6	183	253	197	14	1	5	180	253	199	13	
1	54	96	247	149	30	1	38	101	245	151	37	1	43	97	243	140	26	1	40	94	250	144	29	1	43	104	247	163	28	2	40	110	243	158	36	1	46	112	241	162	27	1	51	116	238	158	31	1	46	92	243	146	38	1	41	99	249	142	29	2	44	94	247	149	30	1	41	101	249	153	28	2	40	95	243	157	31	1	46	105	245	161	38	1	50	112	247	151	31	1	51	105	248	144	27	
220	120	20	4	62	87	231	132	18	4	57	88	227	139	19	4	61	86	223	120	25	2	58	82	218	126	17	2	60	90	215	134	19	3	62	84	222	130	18	3	60	82	235	128	24	4	58	76	228	123	18	4	61	81	234	120	21	3	56	89	214	127	26	2	59	91	218	139	19	3	60	87	216	131	20	3	72	81	229	137	18	2	69	79	235	118	20	2	73	76	216	123	26	5	57	89	
252	192	14	1	8	177	253	202	12	1	9	182	253	206	10	1	9	164	252	200	14	1	8	171	250	203	16	1	9	165	253	207	14	1	8	173	253	211	12	1	9	182	253	204	10	1	9	177	252	210	12	1	8	173	251	204	14	1	9	164	252	212	16	1	7	177	253	206	10	1	5	182	254	203	12	1	6	178	250	207	10	1	7	170	252	201	12	1	9	165	251	188	16	1	7	173	
237	156	35	1	49	116	242	159	32	2	48	106	248	162	33	1	47	107	245	153	34	1	50	114	242	149	37	1	52	101	235	140	34	1	50	97	246	143	32	1	42	103	248	150	34	1	40	109	246	154	26	2	49	108	241	159	31	1	54	106	237	152	36	1	47	110	242	143	34	1	48	113	246	147	37	1	53	110	248	144	32	1	44	98	236	149	33	1	41	95	241	159	36	1	45	109	
2	71	81	214	128	24	2	69	76	217	122	23	3	71	78	235	127	21	3	64	91	230	128	22	4	66	74	234	118	23	3	69	79	230	122	25	2	70	77	219	139	23	2	69	80	216	133	22	2	65	92	222	137	23	3	64	77	226	133	17	4	72	75	228	124	21	3	69	79	233	121	24	4	64	74	224	127	23	4	61	85	217	129	25	3	57	92	221	132	21	3	64	86	224	136	22	
1	5	168	250	212	10	1	6	166	251	189	15	1	5	174	251	196	17	1	6	186	253	190	10	1	6	179	255	194	12	1	6	184	251	190	16	1	5	164	252	194	14	1	6	169	253	196	13	1	5	166	253	194	11	1	6	179	252	190	10	1	6	186	251	195	13	1	9	166	251	188	17	1	8	172	252	191	15	1	9	182	255	194	17	1	5	178	253	209	10	1	6	174	254	205	12	
2	40	97	249	141	27	1	44	99	236	145	28	1	53	112	240	148	28	1	45	104	238	160	30	1	39	108	247	156	32	1	43	115	250	152	26	2	45	111	237	148	29	1	53	94	242	140	36	1	45	102	248	144	33	1	42	115	246	148	27	1	43	103	244	160	28	1	51	93	240	158	27	1	45	99	237	163	29	1	48	103	243	155	26	2	53	115	250	140	28	1	50	103	246	146	29	
234	127	19	3	56	84	226	134	19	3	63	90	222	131	17	2	67	83	214	134	19	2	71	84	217	137	18	3	55	88	223	129	20	4	61	86	226	127	21	4	56	89	230	118	17	5	63	85	225	122	19	3	71	83	216	128	24	2	66	88	219	129	22	2	63	86	217	134	18	2	55	89	222	129	19	2	67	90	231	121	17	3	71	76	228	125	19	4	67	78	230	122	17	3	61	74	
253	190	16	1	9	185	253	198	13	1	7	180	254	209	11	1	7	170	252	205	12	1	8	166	251	209	13	1	9	174	252	198	10	1	8	177	252	201	11	1	7	179	250	205	17	1	7	183	251	207	15	1	9	175	255	205	17	1	8	168	253	201	15	1	7	173	254	199	12	1	6	175	253	211	11	1	5	164	252	206	13	1	7	168	251	198	14	1	9	186	252	195	15	1	8	181	
243	151	34	1	52	110	245	154	37	1	40	104	247	158	35	1	42	93	249	141	38	1	53	99	244	143	27	1	49	92	239	146	31	1	54	98	243	160	38	1	47	106	244	157	32	1	48	113	236	160	31	1	52	95	239	156	37	1	50	97	250	141	33	2	45	114	247	144	32	1	39	108	250	148	35	1	43	116	247	141	34	1	39	106	241	158	36	1	42	107	238	162	32	1	47	113	
2	67	90	221	119	22	4	64	77	232	124	22	4	60	80	228	119	25	4	56	76	225	123	24	3	63	77	220	126	26	2	73	80	214	135	18	2	68	76	217	131	20	2	72	78	221	129	26	2	55	75	232	126	21	4	60	79	229	119	21	4	57	80	235	122	25	3	69	76	227	126	22	3	73	78	214	135	21	4	57	81	219	133	24	2	62	83	215	138	23	2	70	82	218	130	25	
1	6	167	252	203	13	1	7	175	251	195	16	1	9	177	252	188	15	1	5	181	253	197	15	1	6	176	253	202	17	1	5	167	253	208	14	1	6	171	254	186	13	1	9	168	253	196	10	1	7	173	252	188	11	1	6	182	250	197	13	1	5	179	251	208	14	1	7	181	252	202	15	1	9	184	253	197	14	1	8	176	253	186	11	1	6	173	253	202	12	1	5	164	251	208	11	
1	42	101	238	161	31	1	46	94	241	143	32	1	51	115	239	151	31	1	47	111	243	157	33	2	45	112	248	162	36	1	41	106	247	154	34	1	43	104	248	142	30	1	39	98	249	145	28	1	41	105	245	150	28	1	44	112	243	162	30	1	40	106	236	155	38	1	54	104	239	151	31	1	50	96	244	159	28	1	51	101	245	152	30	1	48	93	248	147	28	1	45	97	245	148	38	
229	133	18	3	73	83	215	138	26	2	69	88	217	129	21	2	72	86	219	130	21	3	69	90	232	133	21	4	61	85	229	119	22	3	57	91	233	121	24	3	63	87	227	124	23	4	66	89	215	135	20	3	68	87	218	132	19	2	71	90	220	136	18	3	64	84	215	131	20	4	59	82	230	119	26	2	63	86	234	122	20	3	64	87	225	125	18	4	55	89	226	120	20	4	59	85	
253	196	14	1	6	172	255	207	10	1	5	165	253	203	12	1	7	167	251	199	10	1	10	173	251	193	11	1	8	183	251	188	12	1	9	180	251	198	16	1	5	186	252	213	15	1	6	177	254	204	14	1	5	165	253	210	12	1	8	170	253	187	10	1	10	165	252	194	11	1	5	169	251	189	12	1	6	173	251	205	16	1	9	183	252	213	15	1	8	179	254	189	17	1	7	176	
248	142	29	1	50	114	247	149	27	2	45	106	250	163	29	1	43	105	246	146	27	1	41	96	236	148	29	1	52	103	241	143	28	1	50	113	236	149	27	1	51	116	240	163	34	1	49	110	242	149	38	2	46	103	248	142	34	1	53	101	247	147	27	1	48	96	245	161	29	1	46	113	242	139	36	2	41	110	236	146	38	1	45	112	239	143	35	1	52	109	242	159	31	1	54	105	
2	63	75	224	125	21	3	55	80	229	126	19	5	58	74	234	136	18	3	64	80	226	122	19	2	66	79	215	129	17	2	70	75	218	132	19	4	65	81	223	137	18	2	58	83	234	130	18	2	61	81	227	120	22	2	59	78	224	123	25	4	63	74	231	128	23	2	70	91	225	138	17	3	68	75	220	130	19	5	70	79	221	128	24	2	72	75	233	134	26	3	66	77	217	129	23	
1	8	182	252	187	15	1	9	180	251	192	17	1	8	183	253	212	13	1	6	178	254	206	14	1	5	165	252	211	15	1	7	168	253	206	10	1	7	172	253	195	11	1	8	166	251	190	12	1	9	181	251	198	16	1	7	185	252	201	15	1	6	175	253	205	16	1	6	177	253	209	14	1	7	180	254	199	10	1	5	165	253	192	11	1	6	167	251	197	12	1	10	170	251	199	10	
2	44	92	240	156	35	1	39	100	242	139	37	1	49	97	237	150	35	1	55	102	247	159	37	1	49	117	250	157	31	1	44	97	244	161	33	1	40	94	246	151	36	1	43	101	247	155	27	1	55	92	237	159	29	1	39	108	239	158	32	1	43	117	241	150	35	1	41	109	248	153	33	1	44	102	247	157	27	1	55	95	249	161	29	2	41	99	246	156	27	1	40	117	236	152	33	
235	121	18	4	68	86	218	134	22	3	65	91	220	121	23	3	62	88	216	127	25	4	56	85	222	138	24	4	59	89	235	123	25	3	62	84	221	126	21	3	71	75	216	121	22	4	69	77	219	127	24	4	73	84	234	138	18	3	67	88	213	127	19	3	56	83	219	120	21	3	60	85	216	125	24	2	56	88	231	137	22	3	60	90	216	117	17	4	63	85	222	124	19	4	71	90	
252	210	13	1	5	166	253	201	12	1	7	169	253	197	12	1	7	174	252	187	16	1	9	185	252	191	11	1	7	178	254	199	13	1	5	175	251	202	15	1	6	182	252	207	17	1	6	176	253	201	14	1	6	171	254	190	10	1	9	173	253	195	11	1	8	184	251	192	13	1	9	167	251	197	17	1	9	175	252	207	14	1	7	180	254	204	13	1	6	184	253	206	16	1	5	177	
246	145	26	1	52	112	244	159	30	1	53	109	248	155	28	1	40	113	244	141	30	1	43	108	242	145	34	1	39	106	242	141	38	2	47	111	249	147	29	1	53	109	239	139	31	1	46	112	244	144	35	1	47	114	247	146	36	1	51	95	249	140	31	1	49	100	245	145	27	1	52	92	237	143	30	1	48	106	240	148	32	1	47	114	243	151	33	1	51	105	250	140	37	1	49	106	
2	58	78	223	131	25	2	61	76	231	129	17	2	70	79	228	131	20	2	69	75	233	117	18	2	71	77	225	128	20	2	67	78	227	134	23	2	56	90	231	132	25	2	59	87	229	136	19	3	62	91	224	129	21	3	57	76	226	130	23	2	69	80	229	134	25	2	72	76	233	133	20	4	65	79	228	128	18	3	66	76	225	129	20	2	69	78	228	132	21	2	56	80	213	136	22	
1	7	174	250	197	11	1	6	185	252	208	16	1	5	173	251	204	11	1	6	166	253	200	13	1	6	171	251	196	17	1	9	184	252	187	12	1	8	164	255	192	12	1	10	170	251	197	11	1	8	167	252	208	13	1	5	181	251	206	17	1	6	166	252	212	12	1	5	174	255	203	10	1	6	185	252	187	12	1	6	169	251	194	16	1	9	172	252	188	10	1	8	167	254	193	12	
1	41	98	249	152	36	1	43	102	235	150	34	1	45	95	241	160	33	1	46	99	238	154	28	2	46	93	248	152	27	1	54	100	238	158	32	1	42	102	243	156	37	1	44	97	250	160	32	1	41	99	240	152	26	1	42	103	242	156	28	2	44	105	238	160	33	1	40	104	243	158	37	1	42	115	250	163	35	1	39	97	242	142	37	1	43	101	238	149	31	1	44	96	241	163	32	
227	128	21	4	72	87	215	118	21	3	66	84	218	123	24	4	57	82	215	135	23	3	60	90	219	130	22	3	64	88	213	120	18	4	73	82	217	122	18	4	67	79	219	119	21	5	64	76	214	124	25	2	70	82	218	117	22	3	65	89	217	122	17	5	62	87	221	124	18	3	62	90	224	118	22	3	71	82	214	123	25	4	58	84	218	121	23	3	65	87	232	126	25	3	69	88	
253	206	16	1	9	175	253	188	14	1	8	178	254	191	14	1	9	182	253	195	15	1	8	180	253	208	10	1	5	175	253	205	13	1	6	177	250	209	16	1	6	179	252	203	15	1	5	184	253	188	16	1	8	178	253	193	13	1	9	176	254	196	14	1	7	179	252	189	16	1	7	164	253	206	15	1	8	174	253	211	13	1	5	182	253	200	14	1	5	179	252	202	15	1	6	183	
244	148	30	1	46	109	245	144	28	1	49	116	247	143	31	2	50	110	249	148	38	1	52	114	246	163	33	1	48	110	245	149	30	1	46	114	246	143	26	1	51	106	235	148	29	2	50	105	243	143	30	1	53	110	248	163	33	1	49	111	247	149	38	1	54	113	249	151	32	1	50	107	244	150	28	1	53	105	246	155	28	2	50	111	248	159	30	1	53	110	247	157	28	1	47	114	
3	62	75	232	127	18	2	58	81	227	139	20	3	63	89	225	129	19	2	73	84	230	128	20	5	63	81	228	135	26	3	57	74	232	130	22	3	61	85	225	129	20	3	72	89	227	133	17	3	55	85	232	131	19	4	61	79	230	135	20	4	58	75	235	129	22	3	70	81	215	131	25	2	57	85	222	135	21	2	63	89	235	133	18	3	73	74	225	138	19	5	60	79	222	120	20	
1	7	170	251	200	13	1	5	164	252	205	10	1	6	168	252	211	11	1	7	170	250	202	16	1	9	165	251	189	14	1	8	168	253	193	10	1	7	167	253	199	11	1	9	173	251	211	10	1	7	175	251	203	12	1	6	164	251	199	10	1	6	169	252	207	11	1	9	182	250	200	12	1	5	178	251	196	10	1	7	166	252	197	11	1	8	168	251	209	11	1	9	165	251	191	12	
1	54	101	240	156	33	2	39	93	238	162	37	1	44	103	242	157	26	1	39	105	244	140	29	1	42	103	236	145	36	1	40	98	240	159	35	1	44	92	248	162	34	1	39	116	246	158	38	1	44	94	237	150	35	1	44	101	240	145	29	1	39	93	236	142	27	1	45	98	241	146	30	2	46	94	235	140	32	1	45	101	240	146	36	1	42	93	241	143	35	1	39	102	236	141	38	
216	135	24	4	68	90	220	132	26	4	71	74	235	126	22	4	65	78	222	122	25	3	67	76	217	121	17	2	70	87	220	126	19	2	69	91	216	139	25	2	64	76	235	127	24	2	66	80	222	122	23	2	69	89	225	126	26	2	72	85	223	121	24	2	68	82	227	139	19	3	65	78	232	127	17	4	68	75	228	129	20	4	55	82	220	128	21	2	64	91	218	130	24	2	70	86	
253	212	10	1	6	179	255	194	13	1	9	183	251	196	17	1	6	176	252	190	13	1	5	178	255	198	13	1	6	183	253	212	16	1	9	181	252	197	14	1	5	185	254	189	13	1	6	166	253	195	15	1	5	173	253	210	15	1	9	186	253	186	16	1	5	176	253	195	14	1	7	174	254	190	14	1	9	183	253	207	16	1	6	177	253	190	15	1	6	175	254	198	17	1	5	181	
249	159	29	1	49	113	247	142	27	1	51	106	250	147	32	1	54	94	237	151	35	1	49	98	243	158	32	1	53	107	250	153	27	1	49	112	244	140	30	1	54	105	243	145	28	1	51	108	249	141	27	1	49	112	246	155	31	1	52	115	244	158	34	1	47	109	247	162	36	1	40	114	246	158	38	1	42	109	249	160	26	1	48	116	245	150	29	1	51	112	246	154	27	2	46	108	
3	59	81	228	122	18	2	56	84	214	119	19	2	61	86	218	131	18	2	55	89	231	137	21	3	59	83	234	132	24	4	61	77	229	119	21	4	56	81	223	123	18	4	59	82	218	134	20	4	58	74	215	138	18	3	62	77	219	133	18	3	64	91	214	128	21	4	55	88	219	123	23	2	60	90	217	120	24	2	70	88	215	124	26	3	67	79	228	118	17	4	57	76	234	124	19	
1	9	167	252	198	16	1	7	172	253	207	15	1	8	167	253	204	12	1	9	186	253	209	11	1	8	174	252	200	11	1	7	175	251	203	12	1	7	174	251	207	17	1	8	178	252	206	13	1	9	182	255	199	11	1	8	179	252	202	12	1	7	172	251	205	11	1	8	168	252	210	17	1	5	167	251	204	13	1	7	172	255	201	13	1	9	186	252	204	13	1	8	174	252	186	14	
1	41	97	244	149	36	1	43	99	243	158	34	1	41	114	246	160	28	2	43	110	248	149	27	1	44	116	247	142	34	2	43	95	242	148	38	1	41	101	240	150	32	1	43	96	238	154	33	1	40	100	242	160	37	2	42	96	250	140	30	1	43	99	243	148	28	1	53	102	239	142	31	1	50	100	242	148	34	1	54	96	238	156	33	1	40	100	250	162	32	1	44	94	243	146	34	
219	128	21	3	65	76	224	130	23	3	69	79	230	134	24	3	68	77	226	120	23	4	71	81	214	124	19	2	65	89	218	128	18	2	67	86	215	134	23	2	71	88	227	129	26	3	69	90	229	118	21	3	73	84	234	123	22	4	57	81	230	119	25	2	63	74	233	130	20	3	73	77	223	133	18	4	65	82	226	137	20	4	63	84	231	133	23	3	71	88	215	135	22	2	67	84	
252	203	12	1	6	185	251	189	11	1	5	180	251	193	10	1	6	174	251	188	14	1	6	168	251	195	17	1	5	166	253	186	15	1	6	170	254	192	10	1	5	165	253	195	11	1	6	170	251	187	16	1	7	167	251	193	17	1	5	165	253	191	15	1	6	178	254	197	13	1	9	185	253	199	11	1	8	179	252	187	10	1	5	165	251	193	12	1	6	169	251	208	10	1	5	182	
237	160	26	1	53	111	241	152	29	1	46	104	236	140	31	1	47	100	241	144	37	1	50	96	239	155	31	1	51	104	237	161	28	1	50	114	246	157	29	1	47	111	250	161	36	1	46	114	247	150	31	1	54	104	236	152	33	1	51	106	240	159	37	2	46	110	248	157	35	1	43	112	250	153	27	1	41	111	247	144	30	1	46	106	243	141	37	1	53	104	240	151	31	1	50	115	
4	73	89	232	137	20	4	63	87	221	123	17	4	58	91	216	127	19	3	62	85	221	133	20	3	58	75	223	135	25	4	74	78	227	127	20	3	63	75	233	120	19	3	65	78	214	126	19	2	64	81	220	128	24	2	67	89	216	130	21	3	70	86	221	135	22	4	68	83	228	118	25	3	62	80	234	125	23	2	59	75	218	121	18	2	58	77	222	126	20	3	62	81	229	131	25	
1	8	165	253	208	13	1	8	169	254	202	14	1	9	165	252	200	16	1	7	178	253	206	10	1	8	180	253	204	12	1	9	184	251	208	13	1	9	180	252	200	15	1	9	183	252	203	14	1	5	174	253	208	10	1	6	177	253	206	11	1	10	181	251	212	10	1	7	166	251	189	14	1	7	171	251	197	15	1	9	175	253	213	17	1	7	181	253	200	15	1	7	177	254	198	16	
1	45	103	249	145	33	2	48	92	247	148	38	1	52	107	249	154	32	1	39	113	243	162	33	1	44	108	245	150	36	1	40	100	248	142	34	1	45	94	237	144	31	1	52	103	241	147	27	1	48	107	244	143	29	1	45	113	248	148	26	1	39	92	245	144	29	1	48	101	236	149	32	1	52	94	240	163	37	2	49	103	237	154	27	1	43	113	246	148	28	2	40	107	247	140	37	
214	120	18	2	60	77	217	129	25	2	70	80	227	136	22	2	73	76	233	129	26	2	69	88	229	118	21	2	64	90	234	122	22	2	60	83	222	131	24	3	57	84	225	136	23	5	61	87	231	132	21	3	56	75	228	137	17	3	61	77	226	127	19	2	58	79	217	129	17	2	56	89	215	135	19	3	68	87	225	131	22	3	72	89	233	129	25	4	68	85	225	122	18	3	56	75	
251	190	15	1	5	175	252	196	17	1	6	177	253	213	12	1	5	183	254	198	13	1	10	164	251	191	15	1	7	172	252	196	16	1	7	167	253	191	12	1	7	173	254	213	10	1	8	179	252	198	12	1	9	185	251	200	13	1	8	169	252	198	14	1	6	174	252	203	16	1	6	180	253	207	10	1	5	183	254	204	12	1	6	173	250	196	11	1	10	166	252	192	12	1	7	173	
242	157	31	1	42	110	238	163	28	1	40	117	242	158	29	1	45	95	246	145	27	1	55	102	250	141	28	1	49	113	240	147	30	2	53	108	243	152	27	1	39	105	247	159	37	2	43	98	248	158	35	1	40	94	242	163	36	1	50	104	238	156	33	1	55	117	242	161	31	1	40	109	244	139	28	1	44	115	246	147	32	1	52	92	249	160	35	1	48	99	236	158	33	1	46	95	
2	70	85	226	126	22	3	66	83	234	118	21	4	56	88	223	123	18	4	60	83	216	126	19	5	56	79	217	129	17	3	67	81	220	138	18	4	69	90	217	128	20	2	72	77	220	121	18	2	69	83	217	122	25	4	71	87	222	125	23	4	64	90	235	121	24	4	66	84	226	126	22	5	70	76	221	122	21	4	57	78	214	127	19	2	61	82	218	139	21	2	64	91	221	130	24	
1	9	180	253	205	10	1	9	184	251	187	13	1	8	174	251	193	16	1	7	176	252	207	14	1	6	182	254	211	10	1	5	179	253	206	11	1	6	176	250	198	14	1	5	167	251	193	16	1	6	165	253	189	15	1	5	175	254	195	17	1	5	183	253	187	13	1	8	176	254	194	14	1	9	164	252	191	16	1	8	167	253	188	15	1	5	178	253	204	14	1	6	183	253	211	11	
1	51	105	247	143	36	1	54	98	245	141	34	1	51	103	239	150	36	2	43	105	237	157	34	1	41	92	244	159	32	1	45	98	249	163	37	1	48	117	245	139	33	1	50	112	236	145	32	1	53	115	239	141	28	1	46	111	246	147	31	1	42	100	249	142	36	2	45	96	247	151	38	1	46	104	249	158	34	1	39	106	243	150	31	1	42	110	245	142	29	1	54	114	248	148	28	
230	135	19	5	57	90	218	133	18	2	63	74	215	132	24	2	64	79	220	138	23	2	67	76	225	133	24	2	71	88	231	123	23	2	55	76	230	119	21	3	62	82	235	125	25	4	57	91	227	129	22	3	63	78	233	134	21	2	68	80	213	133	18	2	72	76	219	138	20	2	60	81	232	131	24	2	63	91	230	136	26	3	69	81	228	117	23	4	71	76	235	124	20	4	63	79	
252	195	14	1	5	168	255	199	12	1	6	171	253	206	10	1	5	167	252	202	11	1	8	172	250	187	12	1	8	168	251	194	14	1	9	174	252	188	17	1	8	186	253	203	13	1	9	177	254	205	11	1	7	173	252	210	11	1	7	164	251	206	12	1	9	168	251	209	11	1	5	172	252	198	12	1	6	177	251	202	11	1	7	185	252	207	13	1	9	174	251	189	17	1	7	167	
239	152	34	1	41	112	243	154	30	1	46	109	250	160	27	1	48	112	246	147	29	1	51	115	242	143	38	1	47	106	236	149	26	1	41	103	240	156	29	1	43	92	242	155	28	1	42	97	245	152	30	1	45	105	250	157	38	1	52	107	244	159	28	1	49	112	238	157	27	1	51	106	240	145	30	1	53	96	241	142	26	1	48	101	239	156	33	1	45	97	242	162	38	1	39	103	
3	67	82	223	121	26	3	71	84	228	125	23	3	69	87	230	121	20	3	72	90	235	120	18	4	63	85	213	128	19	4	65	83	218	132	26	4	70	86	215	134	17	2	68	74	219	138	19	2	66	82	216	117	18	3	59	89	224	123	20	4	56	86	230	120	26	3	65	90	223	125	18	3	71	83	216	120	18	4	65	85	220	128	20	2	55	89	217	133	17	2	59	87	215	128	22	
1	6	176	250	208	16	1	7	182	252	197	15	1	7	180	254	189	15	1	9	185	253	197	17	1	5	178	253	199	15	1	6	184	255	202	11	1	5	164	253	209	10	1	6	171	251	187	12	1	8	183	251	196	14	1	9	181	252	190	16	1	6	179	253	197	15	1	7	185	253	204	17	1	8	181	253	211	14	1	9	169	255	194	16	1	6	165	253	198	10	1	5	171	254	206	12	
2	47	93	249	159	26	1	44	100	235	149	32	1	39	93	241	155	37	1	42	98	248	161	32	1	44	103	247	158	33	2	52	113	247	141	35	1	50	109	250	148	34	1	54	106	247	162	36	1	48	102	240	149	33	1	39	93	236	140	32	1	43	97	242	146	35	1	39	102	245	149	34	1	42	113	248	161	36	1	44	111	247	149	37	2	52	116	250	144	27	1	49	108	246	145	29	
233	131	18	2	64	78	220	138	19	3	58	76	216	129	17	4	59	81	221	130	22	3	61	82	228	136	25	2	58	74	227	125	21	2	62	78	225	121	22	3	59	89	228	127	24	4	63	85	231	131	23	3	73	75	229	130	24	2	66	78	218	129	22	2	62	75	215	132	21	4	55	79	228	134	24	3	60	74	235	132	23	3	62	77	225	122	24	4	66	79	226	120	25	4	72	75	
252	187	13	1	8	164	253	191	11	1	9	169	252	203	12	1	7	166	251	209	11	1	7	171	252	205	10	1	9	166	251	210	13	1	8	175	251	198	15	1	7	181	252	200	15	1	6	174	253	207	17	1	5	166	253	204	10	1	7	172	255	201	11	1	9	167	250	192	10	1	7	166	251	188	12	1	5	174	251	200	10	1	5	179	252	209	13	1	8	181	251	201	15	1	9	186	
237	150	31	1	52	115	244	140	38	1	50	105	247	146	28	2	53	107	244	140	30	1	49	111	238	145	28	1	39	94	242	152	28	1	42	97	239	160	30	1	44	100	237	142	27	1	40	113	243	144	29	1	51	110	247	161	27	2	54	114	248	155	29	1	47	108	250	163	30	2	48	93	235	152	28	1	50	98	240	155	29	1	40	101	237	159	31	1	41	95	241	157	32	1	43	112	
3	56	89	227	122	21	4	62	88	234	123	21	2	65	91	229	134	25	2	70	76	215	127	18	4	69	81	220	130	20	3	73	91	234	137	18	5	67	83	221	133	19	3	72	82	214	120	20	3	55	89	218	126	18	4	61	85	222	137	19	4	71	83	234	127	17	3	69	88	221	118	19	2	68	86	217	123	20	2	73	89	218	127	18	2	69	83	231	137	19	2	60	85	222	127	20	
1	5	178	251	202	15	1	6	178	251	211	17	1	6	175	253	199	13	1	5	179	254	190	14	1	6	182	253	192	16	1	6	180	253	196	12	1	7	168	254	191	11	1	10	166	252	196	12	1	7	179	251	192	14	1	6	185	252	198	14	1	5	176	253	212	13	1	6	177	253	202	15	1	6	183	253	197	16	1	7	171	253	187	15	1	9	167	253	193	11	1	7	173	253	196	10	
1	48	101	247	162	33	1	40	102	240	157	32	1	42	114	237	159	35	1	46	97	246	153	34	1	54	105	250	149	37	1	48	110	245	144	34	1	46	115	245	151	38	2	51	107	249	158	34	1	47	95	241	153	37	1	44	99	238	149	35	1	44	104	243	143	37	1	53	116	246	147	33	1	41	108	246	140	32	1	47	105	244	143	34	1	50	112	247	148	35	1	54	106	248	141	36	
219	135	23	2	70	83	214	132	24	3	73	82	218	128	22	4	55	85	225	119	21	3	60	89	232	123	24	3	56	86	216	118	23	2	61	80	217	123	25	2	57	77	233	129	22	2	64	76	227	135	26	2	69	80	235	120	23	2	64	91	225	122	25	2	57	81	227	136	23	4	62	77	232	130	25	4	58	80	229	138	22	4	57	76	223	129	21	3	64	91	214	130	23	3	68	82	
252	206	12	1	7	172	254	194	11	1	9	184	252	188	11	1	8	173	251	196	16	1	9	165	251	200	13	1	8	169	253	207	14	1	9	173	252	206	17	1	5	184	253	212	15	1	6	173	254	203	10	1	9	168	253	210	12	1	8	169	251	186	17	1	8	181	252	195	12	1	10	174	254	208	10	1	8	178	252	206	12	1	6	184	251	205	13	1	5	180	251	212	16	1	6	166	
