116
116
249	237	184	35	10	6	12	47	62	96	120	39	21	41	50	197	237	254	246	193	101	43	21	40	115	73	52	46	13	6	12	37	181	226	253	209	161	66	54	134	173	208	167	143	30	8	4	9	29	146	169	203	177	130	58	76	154	223	250	236	186	35	10	6	12	47	62	96	120	39	23	42	50	197	240	254	244	193	97	43	21	39	115	73	52	46	13	6	12	37	180	223	252	210	161	66	53	131	171	208	167	143	29	7	4	8	29	143	167	203	175	130	58	73	151	223	
206	164	139	31	8	2	9	28	149	170	199	178	125	57	80	156	219	251	230	187	32	11	7	12	48	59	84	115	37	24	42	49	193	242	254	248	189	105	44	16	40	108	67	50	45	15	4	11	35	182	228	253	215	157	62	55	135	174	203	162	137	31	8	1	10	26	149	170	197	178	120	56	80	156	216	251	233	187	34	11	7	12	48	60	91	117	38	24	42	49	195	242	254	248	191	105	44	18	40	112	69	51	45	15	5	11	36	182	228	253	215	159	64	55	135	174	
114	71	52	46	13	6	12	36	179	223	252	211	160	65	53	131	171	207	166	141	29	7	4	8	28	143	167	201	175	128	58	73	151	221	249	235	184	34	10	6	12	46	61	94	118	38	21	41	50	196	237	255	247	192	102	44	20	40	114	71	52	46	14	6	12	36	181	226	253	208	160	65	54	134	173	207	166	141	31	8	3	9	28	146	169	201	177	128	58	77	154	221	250	235	186	34	10	6	12	47	61	94	118	38	23	42	50	196	240	255	243	192	97	43	20	39	
48	60	91	117	38	24	42	49	195	241	254	248	191	104	44	18	40	112	69	51	45	15	5	11	36	182	227	253	213	159	64	55	135	174	206	164	140	31	8	3	9	28	148	170	199	178	125	57	79	156	219	251	230	187	32	11	7	12	48	59	84	115	37	24	42	49	193	241	254	248	189	104	44	16	40	108	66	51	45	14	4	11	35	182	227	253	213	157	62	55	135	173	203	162	137	31	8	1	9	26	148	170	197	178	120	55	79	156	215	251	233	187	34	11	7	12	
28	146	169	201	177	127	57	76	154	220	250	234	186	34	10	6	12	47	61	93	118	38	22	42	50	196	240	255	245	192	98	43	19	39	113	71	52	46	13	6	12	36	180	224	252	211	160	65	53	132	172	207	165	141	30	7	3	9	28	144	168	201	176	127	57	74	152	220	250	234	184	34	10	6	12	47	61	93	118	38	22	41	50	196	238	255	246	192	101	43	19	40	113	71	52	46	13	6	12	36	181	226	253	208	160	65	54	134	172	207	165	141	30	8	3	9	
35	183	228	254	212	158	63	55	136	174	204	162	138	32	8	1	10	26	149	170	198	179	122	56	81	156	217	251	233	188	33	11	7	12	48	60	90	117	37	25	42	49	195	242	254	249	191	106	44	18	40	111	69	51	45	15	5	11	36	183	228	254	212	159	64	55	136	174	206	164	139	32	8	2	10	28	149	170	199	179	125	57	81	156	219	251	231	188	33	11	7	12	48	59	87	116	37	25	42	49	194	242	254	249	189	106	44	17	40	110	67	51	45	15	5	11	
50	197	238	254	246	192	101	43	20	40	114	72	52	46	13	6	12	37	181	225	253	209	161	65	54	134	172	207	166	142	30	8	4	9	29	146	169	202	177	129	58	76	154	222	250	236	185	34	10	6	12	47	61	95	119	38	22	41	50	197	239	254	244	192	98	43	20	39	114	72	52	46	13	6	12	37	180	224	252	210	161	65	53	132	171	207	166	142	30	7	4	9	29	144	168	202	176	129	58	74	152	222	250	236	184	34	10	6	12	47	61	95	119	38	22	41	
81	157	218	251	231	188	33	11	7	12	48	59	86	116	37	25	42	49	194	242	254	249	189	106	44	17	40	109	67	51	45	15	5	11	35	183	229	254	214	158	62	55	136	174	204	162	138	32	8	1	10	26	150	170	198	179	121	56	81	157	216	251	233	188	33	11	7	12	48	60	90	117	37	25	42	49	195	242	254	249	190	106	44	18	40	111	69	51	45	15	5	11	36	183	229	254	214	159	63	55	136	174	205	164	139	32	8	2	10	27	150	170	199	179	124	57	
53	132	171	207	166	142	29	7	4	9	29	144	167	202	176	129	58	74	152	222	249	236	184	35	10	6	12	47	61	95	119	38	22	41	50	197	237	254	245	193	100	43	21	39	114	72	52	46	13	6	12	37	181	225	253	208	161	66	54	133	172	207	166	142	30	8	4	9	29	145	168	202	177	129	58	75	153	222	250	236	185	35	10	6	12	47	61	95	119	39	22	41	50	197	239	254	244	193	98	43	21	39	114	72	52	46	13	6	12	37	180	224	252	210	161	66	
44	18	40	111	68	51	45	14	5	11	35	182	227	253	214	158	63	54	135	173	205	163	139	31	8	2	9	27	148	170	198	178	123	56	79	155	218	251	230	187	33	11	7	12	48	59	85	116	37	24	42	49	194	241	254	248	189	104	44	17	40	109	67	51	45	14	5	11	35	182	227	253	214	158	62	54	135	173	204	162	138	31	8	1	9	26	148	170	198	178	121	56	79	155	216	251	232	187	33	11	7	12	48	60	89	116	37	24	42	49	195	241	254	248	190	104	
10	6	12	47	61	93	118	38	22	41	50	196	239	255	244	192	97	43	19	39	113	70	52	46	13	6	12	36	180	223	252	210	160	65	53	131	171	206	165	141	29	7	3	9	28	143	167	200	176	127	57	74	152	220	249	234	184	34	10	6	12	47	61	93	118	38	22	41	50	196	237	255	245	192	100	43	19	39	113	70	52	46	13	6	12	36	181	225	253	208	160	65	54	133	172	206	165	141	30	7	3	9	28	145	168	200	177	127	57	75	153	220	250	234	185	34	
8	1	9	26	148	170	197	178	121	56	79	156	216	251	232	187	33	11	7	12	48	59	88	116	37	24	42	49	195	241	254	248	190	105	44	17	40	110	68	51	45	15	5	11	35	182	227	253	212	158	63	55	135	174	205	163	139	31	8	2	9	27	148	170	198	178	123	56	79	156	218	251	230	187	32	11	7	12	48	59	85	115	37	24	42	49	194	241	254	248	189	104	44	17	40	109	67	50	45	15	5	11	35	182	227	253	212	158	62	55	135	174	204	162	137	31	
13	6	12	36	180	224	252	208	160	65	53	132	172	207	165	141	30	7	3	9	28	144	168	201	176	128	58	75	153	221	250	235	185	34	10	6	12	47	61	94	118	38	22	41	50	196	238	254	243	192	97	43	20	39	113	71	52	46	13	6	12	36	179	223	252	209	160	65	53	131	171	207	165	141	29	7	3	8	28	143	167	201	175	127	58	73	151	221	249	235	184	34	10	6	12	46	61	94	118	38	21	41	50	196	237	254	245	192	99	43	20	39	113	71	52	46	
37	24	42	49	193	242	254	248	189	106	44	16	40	108	66	51	44	15	4	11	35	183	228	254	213	157	62	55	136	174	203	162	137	32	8	1	10	26	149	170	197	179	120	55	81	156	215	251	231	188	33	11	7	12	48	59	87	116	37	24	42	49	194	242	254	248	190	106	44	17	40	110	68	51	45	15	5	11	35	183	228	254	213	158	63	55	136	174	204	163	138	32	8	2	10	27	149	170	198	179	122	56	81	156	217	251	230	188	32	11	7	12	48	59	84	115	
176	129	58	74	152	221	250	235	184	34	10	6	12	47	61	95	119	38	22	41	50	197	238	254	246	192	100	43	20	39	114	72	52	46	13	6	12	37	181	225	253	208	161	65	54	133	172	207	166	142	30	8	4	9	29	145	168	202	177	129	58	76	153	221	250	235	185	34	10	6	12	47	61	95	119	38	22	41	50	197	239	254	245	192	99	43	20	39	114	72	52	46	13	6	12	37	180	224	252	209	161	65	53	132	172	207	166	142	30	7	4	9	28	144	168	202	
214	159	63	54	134	173	205	163	139	31	8	2	9	27	147	169	199	178	124	56	77	155	218	250	231	186	33	11	7	12	48	59	87	116	37	23	42	49	194	240	254	247	189	103	44	17	40	110	67	51	45	14	5	11	35	182	226	253	214	158	63	54	134	173	204	162	138	31	8	1	9	27	147	169	198	178	122	56	77	155	217	250	232	186	33	11	7	12	48	60	89	116	37	23	42	49	195	240	254	247	190	103	44	18	40	111	68	51	45	14	5	11	36	182	226	253	
245	191	100	43	19	39	112	70	51	46	13	5	12	36	181	225	253	210	159	64	54	133	172	206	165	140	30	8	3	9	28	145	168	200	177	126	57	75	153	220	250	234	185	34	10	6	12	47	60	92	117	38	22	41	50	196	239	254	245	191	99	43	19	39	112	70	51	45	13	5	12	36	180	225	252	209	159	64	53	133	172	206	164	140	30	7	3	9	28	145	168	200	176	126	57	75	153	219	250	234	185	34	10	6	12	47	60	92	117	38	22	41	50	196	238	254	
232	186	33	10	6	12	47	59	88	116	37	23	42	49	194	240	254	247	190	102	44	17	40	110	68	51	45	14	5	11	35	181	226	253	211	158	63	54	134	173	205	163	138	31	8	2	9	27	146	169	198	177	123	56	77	154	217	250	232	186	33	10	6	12	47	60	89	116	37	23	42	49	195	240	254	247	190	102	44	17	40	111	68	51	45	14	5	11	35	181	226	253	211	158	63	54	134	173	205	163	139	31	8	2	9	27	146	169	198	177	123	56	77	154	218	250	
164	140	30	7	3	9	28	144	168	199	176	125	57	75	153	219	250	233	185	34	10	6	12	47	60	91	117	38	22	41	49	195	238	255	244	191	98	43	18	39	112	69	52	45	13	5	11	36	180	224	252	209	159	64	53	132	171	206	164	140	30	7	3	9	28	144	168	199	176	125	57	74	152	219	250	233	184	34	10	6	12	47	60	91	117	38	22	41	49	196	238	255	245	191	99	43	18	39	112	69	52	45	13	5	11	36	180	224	252	210	159	64	53	132	172	206	
67	51	45	16	5	11	35	183	229	254	211	158	62	55	136	175	204	162	138	32	8	1	10	26	150	171	198	179	121	56	82	157	216	251	231	188	33	11	7	12	48	59	87	116	37	25	42	49	194	242	254	249	190	107	44	17	41	110	68	51	45	16	5	11	35	183	229	254	211	158	63	55	136	175	205	163	138	32	8	2	10	27	150	171	198	179	123	56	82	157	217	251	231	188	33	11	7	12	48	59	86	116	37	25	42	49	194	242	254	249	189	107	44	17	41	109	
61	96	119	39	23	42	50	197	240	254	245	193	99	43	21	39	115	72	53	46	13	6	12	37	180	224	252	208	161	66	53	132	172	207	166	142	30	7	4	9	29	144	168	202	176	130	58	75	153	222	250	236	185	35	10	6	12	47	61	96	119	39	22	41	50	197	238	254	246	193	101	43	21	40	115	72	53	46	13	6	12	37	181	226	253	209	161	66	54	134	172	207	166	142	30	8	4	9	29	146	169	202	177	130	58	76	154	222	250	236	186	35	10	6	12	47	
150	171	198	179	122	56	83	157	217	252	233	188	34	11	7	12	48	60	91	117	38	25	43	49	195	243	254	249	191	108	44	18	41	112	69	51	45	16	5	11	36	183	229	254	214	159	64	55	137	175	206	164	139	32	8	2	10	28	151	171	199	179	125	57	83	157	219	252	231	188	33	11	7	12	48	59	87	116	37	25	43	49	194	243	254	249	190	107	44	17	41	110	68	51	45	16	5	11	35	183	229	254	214	158	63	55	137	175	205	163	138	32	8	2	10	27	
181	226	253	209	161	66	54	134	173	208	167	143	31	8	4	9	29	146	169	203	177	130	58	77	154	222	250	236	186	35	10	6	12	47	62	96	120	39	23	42	50	197	240	254	246	193	101	43	21	40	115	73	52	46	13	6	12	37	181	225	253	211	161	66	54	133	172	208	167	143	30	8	4	9	29	145	169	203	177	130	58	76	154	222	250	236	185	35	10	6	12	47	62	96	120	39	22	41	50	197	239	254	246	193	102	43	21	40	115	73	52	46	14	6	12	37	
195	241	254	247	190	103	44	18	40	111	69	50	45	14	5	11	36	182	227	253	215	159	63	54	135	173	205	163	139	31	8	2	9	27	147	169	199	178	124	57	78	155	218	251	233	187	34	11	7	12	48	60	91	117	38	23	42	49	195	241	254	247	191	103	44	18	40	112	69	50	45	14	5	11	36	182	227	253	215	159	64	54	135	173	206	164	140	31	8	2	9	28	147	169	199	178	125	57	78	155	219	251	232	187	33	11	7	12	48	60	90	116	37	23	42	49	
151	220	249	234	183	34	10	6	12	46	61	93	117	38	21	41	50	196	237	254	243	191	97	43	19	39	113	70	52	46	13	6	12	36	179	223	252	210	160	64	53	131	171	206	165	140	29	7	3	8	28	143	167	200	175	127	57	73	151	220	249	234	184	34	10	6	12	46	60	93	117	38	21	41	50	196	237	254	243	191	96	43	19	39	113	70	52	46	13	6	12	36	179	223	252	211	160	64	53	130	171	206	165	140	29	7	3	8	28	143	167	200	175	126	57	73	
136	174	203	162	137	31	8	1	10	26	149	170	197	178	120	56	80	156	215	251	230	187	32	11	7	12	48	58	83	115	37	24	42	49	193	242	254	248	188	105	44	16	40	108	66	50	44	15	4	11	35	182	228	253	212	157	62	55	136	174	203	161	137	31	8	1	10	25	149	170	197	178	120	55	80	156	215	251	230	187	32	11	7	12	48	59	84	115	37	24	42	49	193	242	254	248	189	105	44	16	40	108	66	51	45	15	4	11	35	182	228	253	212	157	62	55	
20	39	114	71	52	46	13	6	12	36	180	223	252	208	160	65	53	131	171	207	166	141	29	7	4	8	28	143	167	201	175	128	58	73	151	221	249	235	184	34	10	6	12	47	61	94	118	38	21	41	50	196	237	254	245	192	99	43	20	39	114	71	52	46	13	6	12	36	180	224	252	208	160	65	53	132	172	207	166	141	30	7	4	9	28	144	168	201	176	128	58	75	152	221	250	235	184	34	10	6	12	47	61	94	118	38	22	41	50	196	238	254	244	192	97	43	
7	12	48	59	87	116	37	24	42	49	194	242	254	248	189	106	44	17	40	110	68	51	45	15	5	11	35	183	228	254	213	158	63	55	136	174	204	163	138	32	8	2	10	27	149	170	198	179	122	56	81	156	217	251	230	188	32	11	7	12	48	59	84	115	37	24	42	49	193	242	254	248	189	106	44	16	40	108	67	51	45	15	4	11	35	183	228	254	213	157	62	55	136	174	203	162	137	32	8	1	10	26	149	170	197	179	121	56	81	156	216	251	231	188	33	11	
4	9	29	145	168	202	177	129	58	75	153	222	250	235	185	34	10	6	12	47	61	95	119	38	22	41	50	197	239	254	246	192	102	43	20	40	114	72	52	46	14	6	12	37	181	226	253	209	161	65	54	134	173	207	166	142	31	8	4	9	29	146	169	202	177	129	58	77	154	221	250	235	186	34	10	6	12	47	61	95	119	38	23	42	50	197	240	254	246	192	100	43	20	39	114	72	52	46	13	6	12	37	181	225	253	208	161	65	54	133	172	207	166	142	30	8	
5	11	36	182	228	253	214	159	64	55	135	174	206	164	139	31	8	2	9	28	148	170	199	178	125	57	79	156	219	251	232	187	33	11	7	12	48	60	89	116	37	24	42	49	195	241	254	248	190	105	44	18	40	111	68	51	45	15	5	11	36	182	228	253	214	158	63	55	135	174	205	163	139	31	8	2	9	27	148	170	198	178	123	56	79	156	218	251	233	187	34	11	7	12	48	60	91	117	38	24	42	49	195	241	254	248	191	105	44	18	40	112	69	51	45	15	
22	41	50	196	237	255	246	192	101	43	20	40	113	71	52	46	13	6	12	36	181	226	253	211	160	65	54	134	172	207	165	141	30	8	3	9	28	146	169	201	177	128	58	76	154	221	250	235	186	34	10	6	12	47	61	94	118	38	22	42	50	196	240	255	244	192	98	43	20	39	113	71	52	46	13	6	12	36	180	223	252	210	160	65	53	131	171	207	165	141	29	7	3	9	28	144	167	201	176	128	58	74	152	221	249	235	184	34	10	6	12	47	61	94	118	38	
125	57	79	155	219	251	230	187	33	11	7	12	48	59	85	116	37	24	42	49	194	241	254	248	189	104	44	17	40	109	67	51	45	14	5	11	35	182	227	253	213	158	62	54	135	173	204	162	137	31	8	1	9	26	148	170	197	178	121	56	79	155	216	251	233	187	33	11	7	12	48	60	90	117	37	24	42	49	195	241	254	248	190	104	44	18	40	111	69	51	45	14	5	11	36	182	227	253	213	159	64	54	135	173	206	164	139	31	8	2	9	28	148	170	199	178	
160	65	53	131	171	207	165	141	29	7	3	9	28	143	167	201	176	127	57	74	152	220	249	234	184	34	10	6	12	47	61	93	118	38	22	41	50	196	237	255	244	192	97	43	19	39	113	70	53	46	13	6	12	36	180	223	252	208	160	65	53	131	171	206	165	141	29	7	3	8	28	143	167	201	175	127	57	73	151	220	249	234	184	34	10	6	12	47	61	93	118	38	21	41	50	196	237	255	244	192	98	43	19	39	113	70	53	46	13	6	12	36	180	223	252	210	
189	107	44	16	41	109	67	51	45	16	5	11	35	183	229	254	212	157	62	55	137	175	203	162	137	32	8	1	10	26	150	171	197	179	121	56	83	157	216	251	230	188	33	11	7	12	48	59	85	116	37	25	43	49	194	243	254	249	189	107	44	17	41	109	67	51	45	16	5	11	35	183	229	254	212	158	62	55	137	175	204	162	137	32	8	1	10	26	150	171	197	179	121	56	83	157	216	251	230	188	32	11	7	12	48	59	85	115	37	25	43	49	193	243	254	249	
185	35	10	6	12	47	62	96	120	39	22	41	50	197	239	254	245	193	99	43	21	39	115	73	53	46	13	6	12	37	180	225	253	208	161	66	53	133	172	208	167	142	30	7	4	9	29	145	168	203	176	130	58	75	153	222	250	236	185	35	10	6	12	47	62	96	120	39	22	41	50	197	239	254	246	193	101	43	21	40	115	73	53	46	13	6	12	37	181	225	253	208	161	66	54	133	172	208	167	142	30	8	4	9	29	145	169	203	177	130	58	76	154	222	250	236	
138	32	8	2	10	27	150	171	198	179	123	56	82	157	217	251	232	188	33	11	7	12	48	60	90	117	37	25	42	49	195	243	254	249	190	107	44	18	41	111	69	51	45	16	5	11	36	183	229	254	215	159	63	55	136	175	205	164	139	32	8	2	10	27	150	171	199	179	124	57	82	157	218	251	232	188	33	11	7	12	48	59	88	116	37	25	42	49	194	243	254	249	190	107	44	17	41	110	68	51	45	16	5	11	35	183	229	254	215	158	63	55	136	175	205	163	
52	46	13	6	12	37	181	225	253	209	161	66	54	133	172	207	167	142	30	8	4	9	29	145	168	202	177	130	58	76	153	222	250	236	185	35	10	6	12	47	62	96	119	39	22	41	50	197	239	254	246	193	101	43	21	40	115	72	52	46	13	6	12	37	181	226	253	210	161	66	54	134	172	207	167	142	30	8	4	9	29	146	169	202	177	130	58	76	154	222	250	236	186	35	10	6	12	47	62	96	119	39	22	42	50	197	240	254	246	193	100	43	21	39	115	72	
90	117	37	23	42	49	195	241	254	247	190	103	44	18	40	111	69	51	45	14	5	11	36	182	227	253	215	159	63	54	135	173	206	164	139	31	8	2	9	27	147	169	199	178	124	57	78	155	219	250	232	186	33	11	7	12	48	60	89	116	37	23	42	49	195	241	254	247	190	103	44	18	40	111	68	51	45	14	5	11	36	182	227	253	214	159	63	54	135	173	205	163	139	31	8	2	9	27	147	169	198	178	124	56	78	155	218	250	233	186	33	11	7	12	48	60	
168	200	176	126	57	74	152	220	250	234	184	34	10	6	12	47	60	92	117	38	22	41	50	196	238	254	244	191	98	43	19	39	112	70	52	46	13	5	12	36	180	224	252	210	159	64	53	132	172	206	165	140	30	7	3	9	28	144	168	200	176	126	57	74	152	220	250	234	184	34	10	6	12	47	60	92	117	38	22	41	50	196	238	254	244	191	98	43	19	39	112	70	52	46	13	5	12	36	180	224	252	210	159	64	53	132	172	206	165	140	30	7	3	9	28	144	
227	253	211	158	62	54	135	173	204	162	138	31	8	1	9	26	147	169	198	178	122	56	78	155	217	251	231	187	33	11	7	12	48	59	86	116	37	23	42	49	194	241	254	247	189	104	44	17	40	109	67	51	45	14	5	11	35	182	227	253	212	158	62	54	135	173	204	162	138	31	8	1	9	26	148	170	198	178	122	56	78	155	217	251	231	187	33	11	7	12	48	59	86	116	37	23	42	49	194	241	254	247	189	104	44	17	40	110	67	51	45	14	5	11	35	182	
239	254	245	191	99	43	19	39	113	70	52	46	13	6	12	36	180	224	252	209	160	64	53	132	172	206	165	140	30	7	3	9	28	144	168	200	176	127	57	75	153	220	250	234	185	34	10	6	12	47	61	93	117	38	22	41	50	196	238	254	245	191	99	43	19	39	113	70	52	46	13	6	12	36	181	225	253	209	160	64	53	133	172	206	165	140	30	7	3	9	28	145	168	200	176	127	57	75	153	220	250	234	185	34	10	6	12	47	61	93	117	38	22	41	50	196	
217	251	232	188	33	11	7	12	48	59	88	116	37	25	42	49	195	242	254	249	190	106	44	17	40	110	68	51	45	15	5	11	35	183	229	254	212	158	63	55	136	174	205	163	138	32	8	2	10	27	150	170	198	179	123	56	81	156	217	251	231	188	33	11	7	12	48	59	87	116	37	25	42	49	194	242	254	249	190	106	44	17	40	110	68	51	45	15	5	11	35	183	229	254	212	158	63	55	136	174	204	163	138	32	8	2	10	27	150	170	198	179	122	56	81	156	
172	207	166	142	30	8	4	9	29	146	169	202	177	129	58	76	154	222	250	236	186	34	10	6	12	47	61	95	119	38	22	42	50	197	240	254	246	192	100	43	21	39	114	72	52	46	13	6	12	37	181	225	253	209	161	66	54	133	172	207	166	142	30	8	4	9	29	145	168	202	177	129	58	75	153	222	250	236	185	34	10	6	12	47	61	95	119	38	22	41	50	197	239	254	246	192	101	43	20	40	114	72	52	46	13	6	12	37	181	226	253	209	161	66	54	134	
40	111	68	50	45	15	5	11	36	182	228	253	214	158	63	55	136	174	205	163	139	31	8	2	10	27	149	170	198	178	123	56	80	156	218	251	233	187	33	11	7	12	48	60	90	117	38	24	42	49	195	242	254	248	191	105	44	18	40	111	69	51	45	15	5	11	36	182	228	253	214	159	64	55	136	174	206	164	139	31	8	2	10	28	149	170	199	178	125	57	80	156	219	251	232	187	33	11	7	12	48	60	89	116	37	24	42	49	195	242	254	248	190	105	44	18	
12	47	61	94	118	38	21	41	50	196	237	255	244	192	98	43	20	39	114	71	52	46	13	6	12	36	180	224	252	210	160	65	53	132	171	207	166	141	30	7	4	9	28	144	167	201	176	128	58	74	152	221	249	235	184	34	10	6	12	47	61	94	118	38	22	41	50	196	237	255	244	192	97	43	20	39	114	71	52	46	13	6	12	36	180	223	252	210	160	65	53	131	171	207	166	141	29	7	4	8	28	143	167	201	175	128	58	73	151	221	249	235	184	34	10	6	
9	26	147	169	198	177	121	56	77	155	216	250	230	186	32	10	7	12	48	59	84	115	37	23	42	49	193	240	254	247	189	102	44	16	40	108	67	51	45	14	4	11	35	181	226	253	213	157	62	54	134	173	203	162	137	31	8	1	9	26	147	169	197	178	121	56	77	155	216	250	231	186	33	10	7	12	48	59	85	116	37	23	42	49	194	240	254	247	189	102	44	17	40	109	67	51	45	14	5	11	35	181	226	253	213	158	62	54	134	173	204	162	138	31	8	1	
12	36	180	224	252	208	159	64	53	133	172	206	164	140	30	7	3	9	28	145	168	200	176	126	57	75	153	219	250	233	185	34	10	6	12	47	60	92	117	38	22	41	50	196	238	255	244	191	98	43	19	39	112	70	52	45	13	5	12	36	180	223	252	208	159	64	53	132	171	206	164	140	29	7	3	9	28	144	167	200	176	126	57	74	152	219	249	233	184	34	10	6	12	47	60	92	117	38	22	41	50	196	237	255	245	191	99	43	19	39	112	70	52	45	13	5	
42	49	194	242	254	248	189	106	44	17	40	109	67	51	45	15	5	11	35	183	228	254	211	158	62	55	136	174	204	162	138	32	8	1	10	26	149	170	197	179	121	56	80	156	216	251	231	188	33	11	7	12	48	59	88	116	37	24	42	49	194	242	254	248	190	106	44	17	40	110	68	51	45	15	5	11	35	183	228	254	211	158	63	55	136	174	205	163	138	32	8	2	10	27	149	170	198	179	123	56	80	156	217	251	230	188	33	11	7	12	48	59	85	116	37	24	
58	76	153	221	250	235	185	34	10	6	12	47	61	95	118	38	22	41	50	197	239	254	246	192	101	43	20	40	114	71	52	46	13	6	12	37	181	225	253	208	160	65	54	133	172	207	166	142	30	8	4	9	28	145	169	201	177	129	58	76	154	221	250	235	185	34	10	6	12	47	61	95	118	38	22	41	50	197	239	254	246	192	100	43	20	39	114	71	52	46	13	6	12	37	181	225	253	209	160	65	54	133	172	207	166	141	30	8	4	9	28	145	168	201	177	128	
63	55	136	174	205	164	139	32	8	2	10	27	149	170	199	179	124	57	81	156	218	251	232	188	33	11	7	12	48	60	89	116	37	25	42	49	195	242	254	249	190	106	44	18	40	111	68	50	45	15	5	11	36	183	228	254	213	159	63	55	136	174	205	163	139	32	8	2	10	27	149	170	198	179	124	56	81	156	218	251	232	188	33	11	7	12	48	60	90	117	37	25	42	49	195	242	254	248	190	106	44	18	40	111	69	51	45	15	5	11	36	183	228	254	213	159	
97	43	20	39	114	72	52	46	13	6	12	37	179	223	252	210	161	65	53	131	171	207	166	142	29	7	4	8	29	143	167	202	175	129	58	73	151	222	249	235	183	34	10	6	12	46	61	95	119	38	21	41	50	197	237	254	245	192	99	43	20	39	114	72	52	46	13	6	12	37	180	224	252	210	161	65	53	132	172	207	166	142	30	7	4	9	29	144	168	202	176	129	58	74	152	222	250	235	184	34	10	6	12	47	61	95	119	38	22	41	50	197	238	254	243	192	
33	11	7	12	48	59	87	116	37	23	42	49	194	241	254	247	189	104	44	17	40	110	67	50	45	14	5	11	35	182	227	253	214	158	63	54	135	173	204	163	138	31	8	1	9	27	148	170	198	178	122	56	78	155	217	251	230	187	32	11	7	12	48	59	84	115	37	23	42	49	193	241	254	248	189	104	44	16	40	108	66	50	44	14	4	11	35	182	227	253	214	157	62	54	135	173	203	162	137	31	8	1	9	26	148	170	197	178	120	55	78	155	215	251	231	187	
29	7	3	8	28	143	167	200	175	127	57	73	151	220	249	234	184	34	10	6	12	46	61	93	118	38	21	41	50	196	237	255	243	191	97	43	19	39	113	70	52	46	13	6	12	36	179	223	252	209	160	64	53	131	171	206	165	141	29	7	3	8	28	143	167	200	175	127	57	73	151	220	249	234	183	34	10	6	12	46	61	93	118	38	21	41	50	196	237	255	243	191	97	43	19	39	113	70	52	46	13	6	12	36	180	223	252	208	160	64	53	131	171	206	165	141	
44	14	4	11	35	182	227	253	212	157	62	54	135	173	203	161	137	31	8	1	9	25	147	169	197	178	120	55	78	155	215	250	230	186	32	11	7	12	48	59	84	115	37	23	42	49	193	241	254	247	189	103	44	16	40	108	67	51	45	14	4	11	35	182	227	253	212	157	62	54	135	173	203	162	137	31	8	1	9	26	147	169	197	178	120	56	78	155	216	250	230	186	32	11	7	12	48	59	84	115	37	23	42	49	193	241	254	247	189	103	44	16	40	108	66	51	
117	38	23	42	50	196	240	254	247	191	102	43	19	40	112	70	53	46	14	5	12	36	181	226	253	208	159	64	54	134	173	206	165	140	31	8	3	9	28	146	169	200	177	126	57	77	154	220	250	234	186	34	10	6	12	47	60	92	117	38	23	42	50	196	240	254	247	191	102	44	19	40	113	70	53	46	14	5	12	36	181	226	253	208	160	64	54	134	173	206	165	140	31	8	3	9	28	146	169	200	177	126	57	77	154	220	250	234	186	34	10	6	12	47	60	92	
199	179	125	57	83	157	219	252	233	188	34	11	7	12	49	60	91	117	38	25	43	49	195	243	254	249	191	108	44	18	41	112	69	51	45	16	5	11	36	183	230	254	212	159	64	55	137	175	206	164	140	32	8	3	10	28	151	171	199	179	125	57	83	157	219	252	233	188	34	11	7	12	49	60	91	117	38	25	43	49	195	243	254	249	191	108	44	18	41	112	69	51	45	16	5	11	36	183	229	254	212	159	64	55	137	175	206	164	140	32	8	3	10	28	151	171	
252	211	161	66	53	132	172	208	167	143	30	7	4	9	29	144	168	203	176	130	58	74	152	223	250	236	184	35	10	6	12	47	62	96	120	39	22	41	50	197	238	254	246	193	101	43	21	40	115	73	53	46	13	6	12	37	181	226	253	211	161	66	54	134	172	208	167	143	30	8	4	9	29	146	169	203	177	130	58	76	154	223	250	236	186	35	10	6	12	47	62	96	120	39	23	42	50	197	240	254	245	193	99	43	21	39	115	73	53	46	13	6	12	37	180	224	
254	249	191	107	44	18	41	112	69	51	45	16	5	11	36	183	229	254	215	159	64	55	137	175	206	164	139	32	8	2	10	28	150	171	199	179	125	57	82	157	219	251	231	188	33	11	7	12	48	59	87	116	37	25	42	49	194	243	254	249	189	107	44	17	41	110	67	51	45	16	5	11	35	183	229	254	215	158	63	55	137	175	204	162	138	32	8	1	10	27	150	171	198	179	122	56	82	157	217	251	233	188	34	11	7	12	48	60	90	117	38	25	42	49	195	243	
250	236	184	35	10	6	12	47	62	96	119	39	22	41	50	197	238	254	244	193	98	43	21	39	115	72	52	46	13	6	12	37	180	223	252	211	161	66	53	131	171	207	167	142	29	7	4	9	29	143	167	203	176	130	58	74	152	222	249	236	184	35	10	6	12	47	62	96	119	39	22	41	50	197	237	254	244	193	98	43	21	39	115	72	52	46	13	6	12	37	180	224	252	209	161	66	53	132	171	207	167	142	30	7	4	9	29	144	168	202	176	130	58	74	152	222	
204	162	137	31	8	1	9	26	148	170	197	178	121	56	79	156	216	251	231	187	33	11	7	12	48	59	86	116	37	24	42	49	194	241	254	248	189	104	44	17	40	109	67	51	45	15	5	11	35	182	227	253	215	158	62	55	135	174	204	162	138	31	8	1	9	26	148	170	198	178	121	56	79	156	216	251	230	187	33	11	7	12	48	59	85	116	37	24	42	49	194	241	254	248	189	104	44	17	40	109	67	51	45	15	5	11	35	182	227	253	215	158	62	55	135	174	
113	71	52	46	13	6	12	36	181	225	253	208	160	65	54	133	172	207	165	141	30	8	3	9	28	145	169	201	177	127	58	76	154	221	250	234	185	34	10	6	12	47	61	93	118	38	22	41	50	196	239	254	245	192	99	43	19	39	113	71	52	46	13	6	12	36	180	224	252	208	160	65	53	133	172	207	165	141	30	7	3	9	28	144	168	201	176	127	58	75	153	221	250	235	185	34	10	6	12	47	61	93	118	38	22	41	50	196	238	254	246	192	101	43	20	40	
48	59	88	116	37	24	42	49	194	242	254	248	190	105	44	17	40	110	68	51	45	15	5	11	35	182	228	253	213	158	63	55	135	174	205	163	138	31	8	2	9	27	148	170	198	178	123	56	80	156	217	251	232	187	33	11	7	12	48	60	89	116	37	24	42	49	195	242	254	248	190	105	44	18	40	111	69	51	45	15	5	11	36	182	228	253	213	159	63	55	135	174	205	163	139	31	8	2	9	27	149	170	199	178	124	57	80	156	218	251	231	187	33	11	7	12	
28	145	168	201	176	128	58	75	153	221	250	235	185	34	10	6	12	47	61	94	118	38	22	41	50	196	239	254	245	192	100	43	20	39	114	71	52	46	13	6	12	36	181	225	253	209	160	65	54	133	172	207	166	141	30	8	3	9	28	145	168	201	177	128	58	75	153	221	250	235	185	34	10	6	12	47	61	94	118	38	22	41	50	196	239	254	245	192	99	43	20	39	114	71	52	46	13	6	12	36	180	225	253	210	160	65	53	133	172	207	166	141	30	7	3	9	
35	183	229	254	213	158	63	55	136	174	205	163	139	32	8	2	10	27	150	170	198	179	123	56	82	157	218	251	232	188	33	11	7	12	48	59	88	116	37	25	42	49	195	242	254	249	190	107	44	17	40	110	68	51	45	16	5	11	35	183	229	254	213	158	63	55	136	174	205	163	138	32	8	2	10	27	150	171	198	179	123	56	82	157	217	251	232	188	33	11	7	12	48	60	88	116	37	25	42	49	195	242	254	249	190	107	44	17	40	110	68	50	45	16	5	11	
50	197	237	254	244	193	98	43	21	39	114	72	52	46	13	6	12	37	180	224	252	209	161	66	53	132	171	207	166	142	30	7	4	9	29	144	168	202	176	129	58	74	152	222	250	236	184	35	10	6	12	47	61	95	119	39	22	41	50	197	238	254	243	193	97	43	21	39	114	72	52	46	13	6	12	37	180	223	252	209	161	66	53	131	171	207	166	142	29	7	4	8	29	143	167	202	175	129	58	73	151	222	249	236	184	35	10	6	12	46	61	95	119	39	21	41	
77	155	216	250	230	186	32	10	7	12	48	59	84	115	37	23	42	49	193	240	254	247	189	103	44	16	40	108	66	51	45	14	4	11	35	182	226	253	214	157	62	54	134	173	203	162	137	31	8	1	9	26	147	169	197	178	120	56	77	155	215	250	231	186	33	10	7	12	48	59	86	116	37	23	42	49	194	240	254	247	189	103	44	17	40	109	67	51	45	14	5	11	35	182	226	253	214	158	62	54	134	173	204	162	138	31	8	1	9	26	147	169	198	178	122	56	
54	134	173	206	164	140	31	8	3	9	28	146	169	200	177	126	57	76	154	219	250	234	186	34	10	6	12	47	60	92	117	38	23	42	50	196	240	255	244	191	98	43	19	39	112	70	52	45	13	5	12	36	180	224	252	208	159	64	53	132	171	206	164	140	30	7	3	9	28	144	168	200	176	126	57	74	152	219	250	234	184	34	10	6	12	47	60	92	117	38	22	41	50	196	238	255	246	191	102	43	19	40	112	70	52	45	14	5	12	36	181	226	253	209	159	64	
44	17	40	109	67	51	45	14	5	11	35	181	226	253	211	158	62	54	134	173	204	162	138	31	8	1	9	26	147	169	198	177	122	56	77	155	216	250	233	186	34	10	6	12	47	60	91	117	38	23	42	49	195	240	254	247	191	102	44	18	40	112	69	51	45	14	5	11	36	181	226	253	211	159	64	54	134	173	206	164	139	31	8	2	9	28	147	169	199	177	125	57	77	155	219	250	231	186	33	10	7	12	47	59	86	116	37	23	42	49	194	240	254	247	189	102	
10	6	12	47	60	91	117	38	22	42	49	196	239	255	245	191	99	43	18	39	112	69	52	45	13	5	11	36	180	225	253	209	159	64	53	133	172	206	164	140	30	7	3	9	28	145	168	199	176	125	57	75	153	219	250	233	185	34	10	6	12	47	60	91	117	38	22	41	49	196	239	255	246	191	101	43	18	40	112	69	52	45	13	5	11	36	181	225	253	211	159	64	54	134	172	206	164	140	30	8	3	9	28	146	169	199	177	125	57	76	154	219	250	233	186	34	
8	2	10	27	149	170	198	179	123	56	81	156	217	251	233	188	33	11	7	12	48	60	90	117	37	24	42	49	195	242	254	248	190	106	44	18	40	111	69	51	45	15	5	11	36	183	228	254	211	159	63	55	136	174	205	164	139	32	8	2	10	27	149	170	199	179	124	57	81	156	218	251	232	188	33	11	7	12	48	59	88	116	37	24	42	49	194	242	254	248	190	106	44	17	40	110	68	51	45	15	5	11	35	183	228	254	211	158	63	55	136	174	205	163	138	32	
13	6	12	37	180	223	252	209	161	65	53	131	171	207	166	142	29	7	4	8	29	143	167	202	175	129	58	73	151	221	249	235	184	34	10	6	12	47	61	95	119	38	21	41	50	197	237	254	246	192	100	43	20	40	114	72	52	46	13	6	12	37	181	225	253	210	161	65	54	133	172	207	166	142	30	8	4	9	29	145	169	202	177	129	58	76	154	221	250	235	185	34	10	6	12	47	61	95	119	38	22	41	50	197	239	254	244	192	97	43	20	39	114	72	52	46	
37	24	42	49	195	242	254	248	190	105	44	18	40	111	68	51	45	15	5	11	36	182	228	253	214	159	63	55	136	174	205	163	139	32	8	2	10	27	149	170	199	178	124	57	80	156	218	251	230	187	32	11	7	12	48	59	85	115	37	24	42	49	193	242	254	248	189	105	44	17	40	109	67	51	45	15	5	11	35	182	228	253	214	157	62	55	136	174	204	162	137	32	8	1	10	26	149	170	197	179	121	56	80	156	216	251	232	187	33	11	7	12	48	60	89	116	
176	128	58	75	153	221	250	235	185	34	10	6	12	47	61	94	118	38	22	41	50	196	238	254	246	192	101	43	20	40	114	71	52	46	13	6	12	37	181	225	253	210	160	65	54	134	172	207	166	141	30	8	4	9	28	146	169	201	177	128	58	76	154	221	250	235	186	34	10	6	12	47	61	94	118	38	22	42	50	196	240	254	245	192	99	43	20	39	114	71	52	46	13	6	12	37	180	224	252	208	160	65	53	132	172	207	166	141	30	7	4	9	28	144	168	201	
213	159	63	55	135	173	205	164	139	31	8	2	9	27	148	170	199	178	124	57	79	155	218	251	231	187	33	11	7	12	48	59	87	116	37	24	42	49	194	241	254	248	190	104	44	17	40	110	68	51	45	14	5	11	35	182	227	253	213	158	63	55	135	173	205	163	138	31	8	2	9	27	148	170	198	178	122	56	79	156	217	251	233	187	33	11	7	12	48	60	90	117	37	24	42	49	195	241	254	248	190	104	44	18	40	111	69	51	45	14	5	11	36	182	227	253	
246	192	100	43	19	39	113	71	52	46	13	6	12	36	181	225	253	210	160	65	54	133	172	207	165	141	30	8	3	9	28	145	168	201	177	127	57	75	153	220	250	234	185	34	10	6	12	47	61	93	118	38	22	41	50	196	239	255	244	192	98	43	19	39	113	71	52	46	13	6	12	36	180	224	252	209	160	65	53	132	172	207	165	141	30	7	3	9	28	144	168	201	176	127	57	74	152	220	250	234	184	34	10	6	12	47	61	93	118	38	22	41	50	196	238	255	
231	188	33	11	7	12	48	59	86	116	37	25	42	49	194	243	254	249	189	107	44	17	41	109	67	51	45	16	5	11	35	183	229	254	212	158	62	55	136	175	204	162	138	32	8	1	10	26	150	171	198	179	122	56	82	157	217	251	232	188	33	11	7	12	48	60	89	116	37	25	42	49	195	243	254	249	190	107	44	18	41	111	68	50	45	16	5	11	36	183	229	254	212	159	63	55	136	175	205	163	139	32	8	2	10	27	150	171	198	179	124	56	82	157	218	251	
166	142	30	7	4	9	29	144	168	202	176	130	58	74	152	222	250	236	184	35	10	6	12	47	62	96	119	39	22	41	50	197	238	254	244	193	97	43	21	39	115	72	53	46	13	6	12	37	180	223	252	209	161	66	53	131	171	207	166	142	29	7	4	8	29	143	167	202	175	130	58	73	151	222	249	236	184	35	10	6	12	47	62	96	119	39	21	41	50	197	237	254	244	193	98	43	21	39	115	72	53	46	13	6	12	37	180	224	252	210	161	66	53	132	171	207	
67	51	45	16	4	11	35	183	229	254	214	157	62	55	137	175	203	162	137	32	8	1	10	26	151	171	197	179	121	56	83	157	216	252	231	188	33	11	7	12	48	59	86	116	37	25	43	49	194	243	254	249	189	108	44	17	41	109	67	50	45	16	5	11	35	183	229	254	214	158	62	55	137	175	204	162	138	32	8	1	10	26	151	171	198	179	121	56	83	157	216	252	230	188	32	11	7	12	48	59	84	115	37	25	43	49	193	243	254	249	189	108	44	16	41	108	
62	96	120	39	22	41	50	197	239	254	243	193	97	43	21	39	115	73	52	46	13	6	12	37	180	223	252	208	161	66	53	131	171	208	167	143	29	7	4	8	29	143	167	203	175	130	58	73	151	222	249	236	184	35	10	6	12	46	62	96	120	39	21	41	50	197	237	254	245	193	100	43	21	39	115	73	52	46	13	6	12	37	181	225	253	208	161	66	54	133	172	208	167	143	30	7	4	9	29	145	168	203	176	130	58	75	153	223	250	236	185	35	10	6	12	47	
147	169	197	178	120	56	78	155	215	251	232	187	33	11	7	12	48	59	88	116	37	23	42	49	195	241	254	247	190	103	44	17	40	110	68	51	45	14	5	11	35	182	227	253	215	158	63	54	135	173	205	163	139	31	8	2	9	27	147	169	198	178	123	56	78	155	218	251	230	187	32	11	7	12	48	59	84	115	37	23	42	49	193	241	254	247	189	103	44	16	40	108	66	51	45	14	4	11	35	182	227	253	215	157	62	54	135	173	203	162	137	31	8	1	9	26	
181	226	253	208	160	64	54	134	172	206	165	140	30	8	3	9	28	146	169	200	177	126	57	76	154	220	250	234	186	34	10	6	12	47	60	92	117	38	22	42	50	196	240	254	245	191	99	43	19	39	113	70	52	46	13	5	12	36	180	224	252	209	160	64	53	132	172	206	165	140	30	7	3	9	28	144	168	200	176	126	57	75	152	220	250	234	185	34	10	6	12	47	60	92	117	38	22	41	50	196	238	254	246	191	101	43	19	40	113	70	52	46	13	5	12	36	
194	241	254	247	189	104	44	17	40	110	68	51	45	14	5	11	35	182	227	253	212	158	63	54	135	173	204	163	138	31	8	2	9	27	148	170	198	178	122	56	78	155	217	251	233	187	33	11	7	12	48	60	90	117	37	23	42	49	195	241	254	247	190	104	44	18	40	111	69	51	45	14	5	11	36	182	227	253	212	159	63	54	135	173	205	164	139	31	8	2	9	27	148	170	199	178	124	57	78	155	218	251	231	187	33	11	7	12	48	59	87	116	37	23	42	49	
151	220	249	234	184	34	10	6	12	47	61	93	117	38	22	41	50	196	237	254	245	191	99	43	19	39	113	70	52	46	13	6	12	36	180	224	252	209	160	64	53	132	172	206	165	140	30	7	3	9	28	144	168	200	176	127	57	75	153	220	250	234	185	34	10	6	12	47	61	93	117	38	22	41	50	196	238	254	244	191	97	43	19	39	113	70	52	46	13	6	12	36	180	223	252	210	160	64	53	131	171	206	165	141	29	7	3	8	28	143	167	200	175	127	57	74	
136	174	204	163	138	32	8	2	10	27	150	170	198	179	122	56	81	156	217	251	230	188	32	11	7	12	48	59	85	115	37	25	42	49	194	242	254	249	189	106	44	17	40	109	67	51	45	15	5	11	35	183	229	254	212	157	62	55	136	174	204	162	137	32	8	1	10	26	150	170	197	179	121	56	81	156	216	251	231	188	33	11	7	12	48	59	87	116	37	25	42	49	194	242	254	249	190	106	44	17	40	110	68	51	45	15	5	11	35	183	229	254	212	158	63	55	
20	39	114	72	52	46	13	6	12	37	180	224	252	209	161	66	53	132	172	207	166	142	30	7	4	9	29	144	168	202	176	129	58	74	152	222	250	236	184	34	10	6	12	47	61	95	119	38	22	41	50	197	238	254	246	192	101	43	20	40	114	72	52	46	13	6	12	37	181	226	253	208	161	65	54	134	172	207	166	142	30	8	4	9	29	146	169	202	177	129	58	76	154	222	250	236	186	34	10	6	12	47	61	95	119	38	22	42	50	197	240	254	244	192	98	43	
7	12	48	60	90	117	37	24	42	49	195	241	254	248	191	105	44	18	40	111	69	51	45	15	5	11	36	182	228	253	214	159	64	55	135	174	206	164	139	31	8	2	9	28	148	170	199	178	125	57	79	156	219	251	231	187	33	11	7	12	48	59	86	116	37	24	42	49	194	241	254	248	189	105	44	17	40	110	67	51	45	15	5	11	35	182	228	253	214	158	63	55	135	174	204	162	138	31	8	1	9	26	148	170	198	178	122	56	79	156	217	251	233	187	33	11	
3	9	28	145	168	201	177	128	58	76	154	221	250	235	185	34	10	6	12	47	61	94	118	38	22	41	50	196	239	255	247	192	102	43	20	40	113	71	52	46	14	6	12	36	181	226	253	210	160	65	54	134	173	207	165	141	31	8	3	9	28	146	169	201	177	128	58	77	154	221	250	235	186	34	10	6	12	47	61	94	118	38	23	42	50	196	240	255	246	192	100	43	20	40	113	71	52	46	13	6	12	36	181	225	253	209	160	65	54	133	172	207	165	141	30	8	
5	11	36	182	227	253	213	159	64	54	134	173	206	164	140	31	8	3	9	28	147	169	199	178	125	57	77	155	219	250	232	186	33	11	7	12	48	60	89	116	37	23	42	49	195	240	254	247	190	103	44	18	40	111	68	51	45	14	5	11	36	182	227	253	213	159	63	54	134	173	205	163	139	31	8	2	9	27	147	169	199	178	124	57	77	155	218	250	233	186	34	11	7	12	48	60	91	117	38	23	42	49	195	240	254	247	191	103	44	18	40	112	69	50	45	14	
21	41	50	196	237	255	246	191	101	43	19	40	112	70	53	46	13	5	12	36	181	226	253	211	159	64	54	134	172	206	165	140	30	8	3	9	28	146	169	200	177	126	57	76	154	220	250	234	186	34	10	6	12	47	60	92	117	38	23	42	50	196	240	255	243	191	97	43	19	39	112	70	53	46	13	5	12	36	179	223	252	210	159	64	53	131	171	206	165	140	29	7	3	8	28	143	167	200	175	126	57	73	151	220	249	234	183	34	10	6	12	46	60	92	117	38	
125	57	83	157	219	251	230	188	32	11	7	12	48	59	84	115	37	25	43	49	193	243	254	249	189	107	44	16	41	108	66	50	44	16	4	11	35	183	229	254	211	157	62	55	137	175	203	161	137	32	8	1	10	26	150	171	197	179	120	55	83	157	215	252	233	188	33	11	7	12	48	60	90	117	38	25	43	49	195	243	254	249	191	107	44	18	41	112	69	51	45	16	5	11	36	183	229	254	211	159	64	55	137	175	206	164	139	32	8	2	10	28	150	171	199	179	
161	66	53	131	171	208	167	143	29	7	4	8	29	143	167	203	175	130	58	73	151	222	249	236	183	35	10	6	12	46	62	96	120	39	21	41	50	197	237	254	245	193	99	43	21	39	115	73	52	46	13	6	12	37	180	225	252	208	161	66	53	133	172	208	167	143	30	7	4	9	29	145	168	203	176	130	58	75	153	222	250	236	185	35	10	6	12	47	62	96	120	39	22	41	50	197	239	254	243	193	97	43	21	39	115	73	52	46	13	6	12	37	179	223	252	210	
190	107	44	17	41	110	68	51	45	16	5	11	35	183	229	254	215	158	63	55	136	174	205	163	138	32	8	2	10	27	150	171	198	179	123	56	82	157	217	251	230	188	32	11	7	12	48	59	84	115	37	25	42	49	193	242	254	249	189	107	44	16	41	108	66	51	44	16	4	11	35	183	229	254	215	157	62	55	136	174	203	162	137	32	8	1	10	26	150	171	197	179	120	55	82	157	215	251	232	188	33	11	7	12	48	59	88	116	37	25	42	49	194	242	254	249	
186	35	10	6	12	47	61	95	119	39	23	42	50	197	240	254	244	193	98	43	21	39	114	72	52	46	13	6	12	37	180	224	252	209	161	66	53	132	171	207	166	142	30	7	4	9	29	144	168	202	176	129	58	74	152	222	250	236	184	35	10	6	12	47	61	95	119	39	22	41	50	197	238	254	246	193	102	43	21	40	115	72	52	46	14	6	12	37	181	226	253	208	161	66	54	134	173	207	166	142	31	8	4	9	29	146	169	202	177	129	58	76	154	222	250	236	
138	31	8	1	9	26	148	170	198	178	121	56	78	155	216	251	233	187	34	11	7	12	48	60	91	117	38	23	42	49	195	241	254	248	191	104	44	18	40	112	69	51	45	14	5	11	36	182	227	253	214	159	64	54	135	173	206	164	139	31	8	2	9	28	148	170	199	178	125	57	78	155	219	251	231	187	33	11	7	12	48	59	86	116	37	23	42	49	194	241	254	248	189	104	44	17	40	109	67	51	45	14	5	11	35	182	227	253	214	158	62	54	135	173	204	162	
52	46	13	6	12	36	181	225	253	208	160	64	53	133	172	206	165	141	30	7	3	9	28	145	168	200	176	127	57	75	153	220	250	234	185	34	10	6	12	47	61	93	118	38	22	41	50	196	239	254	244	191	98	43	19	39	113	70	52	46	13	6	12	36	180	224	252	211	160	64	53	132	171	206	165	141	30	7	3	9	28	144	168	200	176	127	57	74	152	220	250	234	184	34	10	6	12	47	61	93	118	38	22	41	50	196	237	254	245	192	100	43	19	39	113	70	
86	116	37	24	42	49	194	242	254	248	189	106	44	17	40	109	67	51	45	15	5	11	35	183	228	254	212	158	62	55	136	174	204	162	138	32	8	1	10	26	149	170	198	179	121	56	81	156	216	251	232	188	33	11	7	12	48	59	88	116	37	24	42	49	195	242	254	248	190	106	44	17	40	110	68	51	45	15	5	11	35	183	228	254	212	158	63	55	136	174	205	163	138	32	8	2	10	27	149	170	198	179	123	56	80	156	217	251	231	188	33	11	7	12	48	59	
168	202	176	129	58	74	152	221	250	235	184	34	10	6	12	47	61	95	118	38	22	41	50	197	238	254	245	192	100	43	20	39	114	71	52	46	13	6	12	37	181	225	253	208	160	65	53	133	172	207	166	142	30	7	4	9	28	145	168	202	176	129	58	75	153	221	250	235	185	34	10	6	12	47	61	95	118	38	22	41	50	197	239	254	244	192	98	43	20	39	114	71	52	46	13	6	12	37	180	224	252	209	161	65	53	132	171	207	166	142	30	7	4	9	28	144	
228	253	213	158	63	55	136	174	205	163	139	32	8	2	10	27	149	170	198	179	123	56	80	156	218	251	231	188	33	11	7	12	48	59	86	116	37	24	42	49	194	242	254	248	189	106	44	17	40	109	67	51	45	15	5	11	35	182	228	253	213	158	62	55	136	174	204	162	138	32	8	1	10	26	149	170	198	179	122	56	80	156	216	251	232	188	33	11	7	12	48	59	88	116	37	24	42	49	195	242	254	248	190	105	44	17	40	110	68	51	45	15	5	11	35	182	
239	254	244	192	97	43	20	39	114	71	52	46	13	6	12	37	180	223	252	209	160	65	53	131	171	207	166	141	29	7	4	8	28	143	167	201	175	128	58	74	151	221	249	235	184	34	10	6	12	47	61	94	118	38	21	41	50	197	237	254	245	192	100	43	20	39	114	71	52	46	13	6	12	37	181	225	253	208	160	65	54	133	172	207	166	141	30	8	4	9	28	145	168	201	177	128	58	75	153	221	250	235	185	34	10	6	12	47	61	94	118	38	22	41	50	197	
216	250	232	186	33	10	7	12	47	60	89	116	37	23	42	49	195	240	254	247	190	102	44	18	40	111	68	51	45	14	5	11	35	181	226	253	213	158	63	54	134	173	205	163	139	31	8	2	9	27	147	169	198	177	123	56	77	155	218	250	230	186	32	10	7	12	48	59	85	115	37	23	42	49	194	240	254	247	189	102	44	17	40	109	67	51	45	14	5	11	35	181	226	253	213	157	62	54	134	173	204	162	137	31	8	1	9	26	147	169	197	177	121	56	77	155	
172	206	164	140	30	7	3	9	28	144	168	199	176	126	57	75	153	219	250	233	185	34	10	6	12	47	60	91	117	38	22	41	50	196	238	255	244	191	97	43	19	39	112	69	52	45	13	5	11	36	180	223	252	210	159	64	53	131	171	206	164	140	29	7	3	8	28	143	167	199	175	126	57	74	152	219	249	233	184	34	10	6	12	47	60	91	117	38	22	41	50	196	237	255	245	191	99	43	19	39	112	69	52	45	13	5	11	36	180	224	252	208	159	64	53	132	
40	109	67	51	45	15	5	11	35	182	228	253	211	157	62	55	135	174	204	162	137	31	8	1	9	26	148	170	197	178	121	56	79	156	216	251	231	187	33	11	7	12	48	59	87	116	37	24	42	49	194	241	254	248	190	105	44	17	40	110	68	51	45	15	5	11	35	182	228	253	211	158	63	55	135	174	205	163	138	31	8	2	9	27	148	170	198	178	122	56	79	156	217	251	230	187	32	11	7	12	48	59	85	115	37	24	42	49	194	241	254	248	189	105	44	17	
12	47	61	94	118	38	22	41	50	196	238	255	246	192	100	43	20	39	114	71	52	46	13	6	12	36	181	225	253	208	160	65	54	133	172	207	166	141	30	8	3	9	28	145	168	201	177	128	58	76	154	221	250	235	185	34	10	6	12	47	61	94	118	38	22	41	50	196	239	255	245	192	98	43	20	39	113	71	52	46	13	6	12	36	180	224	252	209	160	65	53	132	172	207	166	141	30	7	3	9	28	144	168	201	176	128	58	74	152	221	250	235	184	34	10	6	
10	27	149	170	199	178	124	56	80	156	218	251	231	187	33	11	7	12	48	59	87	116	37	24	42	49	194	242	254	248	189	105	44	17	40	110	67	51	45	15	5	11	35	182	228	253	213	158	63	55	136	174	204	162	138	31	8	1	10	26	149	170	198	178	122	56	80	156	217	251	232	187	33	11	7	12	48	60	89	116	37	24	42	49	195	242	254	248	190	105	44	18	40	111	68	51	45	15	5	11	36	182	228	253	213	159	63	55	136	174	205	163	139	31	8	2	
12	36	181	226	253	210	160	65	54	134	173	207	166	141	31	8	4	9	28	146	169	201	177	128	58	77	154	221	250	235	186	34	10	6	12	47	61	94	118	38	23	42	50	196	240	254	246	192	100	43	20	39	114	71	52	46	13	6	12	36	181	225	253	209	160	65	54	133	172	207	166	141	30	8	4	9	28	145	168	201	177	128	58	76	154	221	250	235	185	34	10	6	12	47	61	94	118	38	22	41	50	196	239	254	247	192	102	43	20	40	114	71	52	46	14	6	
42	49	195	241	254	247	190	103	44	18	40	111	68	51	45	14	5	11	36	182	227	253	213	159	63	54	135	173	205	163	139	31	8	2	9	27	147	169	199	178	124	56	78	155	218	251	233	187	34	11	7	12	48	60	91	117	38	23	42	49	195	241	254	247	191	103	44	18	40	112	69	50	45	14	5	11	36	182	227	253	213	159	64	54	135	173	206	164	140	31	8	3	9	28	147	169	199	178	125	57	78	155	219	251	232	187	33	11	7	12	48	60	89	116	37	23	
57	76	153	220	250	234	185	34	10	6	12	47	61	93	117	38	22	41	50	196	239	254	243	191	97	43	19	39	113	70	53	46	13	6	12	36	179	223	252	210	160	64	53	130	171	206	165	140	29	7	3	8	28	143	167	200	175	127	57	73	151	220	249	234	183	34	10	6	12	46	61	93	117	38	21	41	50	196	237	254	246	191	100	43	19	39	113	70	53	46	13	6	12	36	181	225	253	211	160	64	54	133	172	206	165	140	30	8	3	9	28	145	168	200	177	127	
62	55	137	175	203	161	137	32	8	1	10	25	150	171	197	179	120	55	82	157	215	251	232	188	33	11	7	12	48	60	89	116	37	25	42	49	195	243	254	249	190	107	44	18	41	111	68	51	45	16	5	11	36	183	229	254	212	159	63	55	137	175	205	163	139	32	8	2	10	27	150	171	198	179	124	56	83	157	218	251	230	188	32	11	7	12	48	59	84	115	37	25	43	49	193	243	254	249	188	107	44	16	41	108	66	50	44	16	4	11	35	183	229	254	212	157	
99	43	21	39	115	72	53	46	13	6	12	37	180	224	252	208	161	66	53	133	172	208	167	142	30	7	4	9	29	145	168	203	176	130	58	75	153	222	250	236	185	35	10	6	12	47	62	96	119	39	22	41	50	197	238	254	244	193	97	43	21	39	115	72	53	46	13	6	12	37	180	223	252	210	161	66	53	131	171	207	167	142	29	7	4	8	29	143	167	203	175	130	58	73	151	222	249	236	184	35	10	6	12	47	62	96	120	39	21	41	50	197	237	254	245	193	
32	11	7	12	48	59	85	115	37	25	42	49	193	243	254	249	189	107	44	16	41	108	67	51	45	16	5	11	35	183	229	254	215	157	62	55	136	175	203	162	137	32	8	1	10	26	150	171	197	179	121	56	82	157	216	251	232	188	33	11	7	12	48	59	88	116	37	25	42	49	194	243	254	249	190	107	44	17	41	110	68	51	45	16	5	11	35	183	229	254	215	158	63	55	136	175	205	163	138	32	8	2	10	27	150	171	198	179	123	56	82	157	217	251	230	188	
29	7	4	9	29	143	167	202	175	130	58	74	152	222	249	236	184	35	10	6	12	47	62	96	119	39	22	41	50	197	237	254	246	193	101	43	21	40	115	72	52	46	13	6	12	37	181	226	253	208	161	66	54	134	172	207	167	142	30	8	4	9	29	146	169	202	177	130	58	76	154	222	250	236	186	35	10	6	12	47	62	96	119	39	22	42	50	197	240	254	244	193	97	43	21	39	115	72	52	46	13	6	12	37	180	223	252	209	161	66	53	131	171	207	167	142	
45	14	5	11	36	182	226	253	214	159	63	54	134	173	205	164	139	31	8	2	9	27	147	169	199	178	124	57	77	155	218	250	230	186	32	10	7	12	48	59	85	115	37	23	42	49	194	240	254	247	189	102	44	17	40	109	67	51	45	14	5	11	35	181	226	253	214	158	62	54	134	173	204	162	137	31	8	1	9	26	147	169	197	178	121	56	77	155	216	250	233	186	33	10	7	12	48	60	90	117	37	23	42	49	195	240	254	247	190	102	44	18	40	111	69	51	
117	38	22	41	50	196	239	254	244	191	98	43	19	39	112	70	52	45	13	5	12	36	180	224	252	210	159	64	53	132	172	206	164	140	30	7	3	9	28	144	168	200	176	126	57	74	152	219	250	233	184	34	10	6	12	47	60	92	117	38	22	41	50	196	238	254	246	191	101	43	19	40	112	70	52	45	13	5	12	36	181	225	253	208	159	64	54	133	172	206	164	140	30	8	3	9	28	146	169	200	177	126	57	76	154	219	250	233	185	34	10	6	12	47	60	92	
198	178	122	56	78	155	217	251	232	187	33	11	7	12	48	60	90	117	37	23	42	49	195	241	254	247	190	103	44	18	40	111	69	51	45	14	5	11	36	182	227	253	211	159	63	54	135	173	205	164	139	31	8	2	9	27	147	169	199	178	124	57	78	155	218	251	231	187	33	11	7	12	48	59	86	116	37	23	42	49	194	241	254	247	189	103	44	17	40	109	67	51	45	14	5	11	35	182	227	253	211	158	62	54	135	173	204	162	138	31	8	1	9	26	147	169	
253	209	160	64	54	133	172	206	165	140	30	8	3	9	28	145	168	200	177	126	57	75	153	220	250	234	185	34	10	6	12	47	60	92	117	38	22	41	50	196	239	254	244	191	98	43	19	39	113	70	53	46	13	5	12	36	180	224	252	210	160	64	53	132	171	206	165	140	30	7	3	9	28	144	168	200	176	126	57	74	152	220	250	234	184	34	10	6	12	47	60	92	117	38	22	41	50	196	238	254	245	191	100	43	19	39	113	70	53	46	13	5	12	36	181	225	
254	249	189	108	44	17	41	109	67	50	45	16	5	11	35	183	229	254	212	158	62	55	137	175	204	162	138	32	8	1	10	26	151	171	198	179	122	56	83	157	216	252	232	188	33	11	7	12	48	60	89	116	37	25	43	49	195	243	254	249	190	108	44	18	41	111	68	51	45	16	5	11	36	183	230	254	212	158	63	55	137	175	205	163	139	32	8	2	10	27	151	171	198	179	123	56	83	157	218	252	231	188	33	11	7	12	49	59	86	116	37	25	43	49	194	243	
