160
160
25	40	65	104	234	214	197	182	4	12	24	39	63	101	231	212	195	180	1	11	21	37	58	95	228	209	193	178	7	13	26	42	68	109	240	219	202	186	6	12	25	40	65	104	232	213	196	181	8	14	27	42	70	111	231	212	196	181	1	11	22	37	58	96	233	213	197	182	3	11	22	38	60	98	229	210	194	179	8	14	27	43	71	111	237	217	200	184	2	11	22	37	59	97	231	212	196	181	1	11	22	37	59	96	230	211	195	180	8	14	27	42	70	111	234	214	197	182	8	14	27	42	69	110	241	221	203	188	7	13	26	41	68	108	240	220	202	187	7	13	26	41	67	107	239	218	201	186	6	12	25	40	64	103	241	221	203	188	6	13	
122	168	156	140	246	8	15	30	48	80	119	166	153	136	245	10	20	35	44	74	114	162	150	131	250	10	20	35	53	87	125	171	159	144	248	8	15	30	49	82	122	168	155	139	245	10	20	36	55	90	127	172	160	146	252	9	15	30	44	74	115	163	150	131	249	10	20	35	46	77	117	164	152	134	246	9	18	34	55	91	128	173	160	147	252	8	15	30	45	76	116	164	151	133	244	9	18	34	45	75	115	163	150	132	253	10	19	34	55	90	127	172	160	146	246	9	16	31	54	89	126	172	159	145	252	8	15	30	53	87	125	171	158	143	248	8	15	29	52	86	124	170	158	143	247	8	14	29	49	82	121	168	155	139	244	9	18	33	50	83	
196	181	3	11	23	38	61	99	228	210	193	179	8	14	27	43	70	111	222	204	189	175	8	14	27	43	71	111	237	217	199	184	3	11	23	38	61	99	231	212	195	181	8	14	28	43	72	113	239	218	201	186	4	11	23	38	61	100	223	205	189	175	8	14	27	43	70	111	225	207	191	177	7	13	26	41	67	108	240	219	202	186	3	11	23	38	61	99	224	206	190	176	7	13	26	41	67	107	223	205	190	175	8	13	27	42	69	109	239	219	201	186	4	12	24	39	62	101	238	218	200	185	2	11	22	37	60	98	236	216	199	183	2	11	22	37	59	97	235	215	198	183	1	11	21	37	58	95	231	212	195	180	7	13	26	41	67	107	232	213	
14	29	46	78	118	165	152	135	251	11	21	36	55	90	127	172	160	146	255	9	18	33	55	91	128	173	160	146	244	9	16	31	46	78	118	165	152	135	242	9	18	34	57	93	129	174	161	148	251	8	14	29	47	78	118	165	152	135	245	11	21	36	55	90	127	172	160	146	243	9	16	32	52	86	124	170	158	143	250	8	14	29	46	78	118	165	152	135	246	11	21	36	52	86	124	170	158	143	251	10	20	35	53	88	126	171	159	144	243	8	15	30	47	79	119	166	153	136	249	9	17	32	45	76	116	164	151	133	245	9	16	32	45	76	116	164	151	133	244	9	17	32	44	74	114	162	150	131	248	10	19	34	51	85	124	170	157	142	252	8	
59	96	226	208	192	177	8	14	29	44	74	114	239	219	201	186	7	13	26	41	67	107	240	219	202	186	5	12	24	39	63	102	227	208	192	177	7	13	26	41	67	108	241	221	203	187	2	11	22	37	59	96	227	208	192	178	8	14	29	44	74	114	239	219	201	186	6	12	25	39	64	103	235	216	199	183	1	11	21	37	58	95	227	208	192	177	8	14	28	44	74	114	235	215	198	183	8	14	27	43	71	111	237	217	200	184	3	11	22	38	60	98	228	209	193	178	6	12	25	40	65	104	225	206	191	176	5	12	24	39	64	102	224	206	190	176	6	13	25	40	65	105	222	204	189	175	7	13	26	42	68	109	234	215	198	182	1	11	22	37	
150	132	249	10	19	34	58	95	130	175	162	149	249	8	14	29	52	85	124	170	157	142	247	8	15	30	48	80	120	167	154	137	251	11	21	36	52	86	124	170	158	143	251	9	16	31	45	75	115	163	150	132	243	9	18	34	58	95	130	175	162	149	248	8	15	30	49	81	121	168	155	138	255	10	21	36	44	74	114	162	149	131	242	9	17	33	58	95	130	175	162	149	254	9	17	32	55	91	128	173	160	146	247	9	15	30	46	77	117	164	151	134	248	10	20	36	50	83	122	168	156	140	247	10	20	35	49	81	121	167	154	138	250	10	20	35	50	83	122	168	156	140	251	10	21	36	53	88	125	171	159	144	250	9	15	31	45	75	115	163	
8	13	27	42	69	109	242	222	204	189	2	11	22	37	59	97	234	215	198	183	3	11	23	38	61	99	229	210	194	179	8	14	28	44	73	114	235	216	199	183	5	12	24	39	63	102	224	205	190	176	7	13	26	41	68	108	242	222	204	189	3	11	23	38	61	99	230	211	195	180	8	14	28	44	73	113	222	204	189	175	6	13	25	40	65	105	242	222	204	189	6	12	25	40	65	104	240	219	202	186	3	11	23	38	61	100	225	207	191	177	8	14	28	43	72	112	232	213	196	181	8	14	28	43	72	112	230	211	195	180	8	14	27	43	71	111	232	213	196	181	8	14	28	44	73	113	237	217	200	184	4	11	23	38	62	100	223	205	190	176	
53	88	126	171	159	144	243	9	16	32	45	75	115	163	151	132	242	9	17	33	46	78	118	165	152	135	252	9	18	34	58	94	130	175	162	149	249	8	14	29	48	80	120	167	154	137	247	10	19	34	52	87	125	170	158	143	250	9	16	32	46	78	118	165	152	135	250	10	18	34	57	94	130	174	161	149	245	9	17	32	50	83	122	169	156	140	248	9	18	33	50	83	122	168	156	139	248	9	16	31	47	78	118	165	152	135	249	9	17	33	56	93	129	174	161	148	251	8	14	29	56	92	128	173	161	147	253	9	17	33	55	91	128	173	160	146	254	9	16	32	57	93	130	174	161	148	243	9	16	31	47	79	119	166	153	136	248	10	20	36	
237	217	200	184	5	12	24	39	64	102	224	206	190	176	6	13	25	40	65	105	227	208	192	177	7	13	26	41	68	108	242	222	204	188	1	11	22	37	58	96	229	210	194	179	8	13	26	42	69	109	236	216	199	183	5	12	24	39	64	102	227	208	192	177	7	13	26	41	68	108	241	221	203	188	6	12	25	40	65	103	232	213	196	181	7	13	26	41	67	106	231	212	196	181	4	12	24	39	63	101	227	208	192	178	6	13	25	40	66	105	241	220	203	187	1	11	21	37	58	95	240	220	202	187	7	13	25	40	66	106	240	219	202	186	5	12	24	39	64	103	241	221	203	188	5	12	24	39	64	102	228	209	193	178	8	14	28	43	72	112	
245	9	16	31	49	81	121	167	154	138	250	10	19	34	50	83	123	169	156	140	250	10	20	36	52	87	125	171	158	143	246	9	16	32	44	74	114	163	150	131	246	10	20	35	53	88	125	171	159	144	255	9	16	31	49	81	121	167	154	138	253	10	19	35	53	87	125	171	158	143	247	8	15	29	49	82	122	168	155	139	249	10	20	35	51	85	124	170	157	142	250	8	15	30	48	80	119	166	153	136	245	9	18	34	50	84	123	169	156	140	255	9	16	31	44	74	114	162	149	131	248	9	18	33	51	84	123	169	157	141	246	9	15	31	49	81	121	167	155	138	246	8	15	30	48	81	120	167	154	137	253	10	20	35	56	93	129	174	161	148	
24	39	63	102	230	211	195	180	7	13	26	42	68	109	232	213	196	181	8	14	28	43	72	113	236	216	199	183	5	12	24	39	64	103	223	205	189	175	8	14	27	43	71	111	237	217	200	184	4	12	24	39	63	101	230	211	195	180	8	14	27	42	69	110	236	216	199	184	2	11	22	37	60	97	231	212	195	181	8	14	27	42	70	111	234	215	198	182	2	11	22	37	60	98	228	210	194	179	7	13	26	41	67	108	232	213	196	181	5	12	24	39	63	102	222	204	189	175	7	13	26	41	67	107	233	214	197	182	4	11	23	38	62	100	230	211	195	180	3	11	22	38	60	98	229	211	194	179	8	14	27	43	71	111	241	220	203	187	5	12	
120	167	154	137	254	10	19	35	53	87	125	171	158	144	252	9	15	31	57	93	129	174	161	148	247	8	14	29	49	81	121	167	155	138	254	10	19	34	55	91	128	173	160	146	252	8	15	30	48	80	120	166	154	136	248	10	20	35	54	89	126	172	159	145	244	9	16	31	45	76	116	164	151	133	251	9	18	34	55	90	127	172	160	146	253	9	16	31	45	76	116	164	151	133	244	10	20	36	52	86	125	170	158	143	251	11	21	36	48	80	120	167	154	137	244	10	19	35	52	86	124	170	157	142	242	8	15	30	47	79	119	166	153	135	249	9	18	34	46	77	117	164	152	134	250	10	19	34	55	91	127	173	160	146	246	8	15	30	48	80	
194	179	8	14	27	42	70	110	236	216	199	184	4	11	23	38	62	100	241	221	203	187	2	11	22	37	59	96	230	211	195	180	8	13	27	42	69	109	240	219	202	186	2	11	22	37	60	97	228	210	194	179	8	14	27	43	71	111	238	217	200	185	5	12	24	39	63	102	225	206	191	176	7	13	26	41	68	108	239	219	201	186	4	12	24	39	62	101	225	206	191	176	8	14	28	43	72	112	235	216	199	183	8	14	28	44	73	113	229	210	194	179	8	14	27	42	70	110	235	215	198	183	3	11	23	38	60	98	227	209	193	178	7	13	26	41	67	108	225	207	191	177	8	13	27	42	69	109	239	219	201	186	3	11	23	38	61	99	229	210	
18	33	54	90	127	172	160	145	248	8	15	30	47	79	119	166	153	135	246	9	17	32	45	75	115	163	150	132	250	10	20	35	53	88	126	171	159	144	249	9	16	31	45	76	116	164	151	133	244	10	21	36	55	91	128	173	160	146	246	8	14	29	48	80	120	167	154	137	252	10	20	36	52	87	125	170	158	143	248	8	14	29	47	79	119	166	153	136	247	10	19	34	56	92	129	174	161	147	253	8	14	29	57	94	130	174	162	149	247	9	18	33	54	89	126	172	159	145	252	9	16	32	46	77	117	165	152	134	251	11	21	36	52	86	124	170	158	143	248	10	20	36	53	88	126	171	159	144	245	8	14	29	46	78	118	165	152	135	252	9	
67	107	239	218	201	185	3	11	23	38	60	98	227	209	193	178	6	12	25	40	65	104	223	205	190	176	8	14	27	42	70	111	237	217	200	184	4	12	24	39	62	101	225	206	191	176	8	14	28	44	73	113	239	219	201	186	1	11	21	37	58	95	229	210	194	179	8	14	28	43	72	112	236	216	199	183	2	11	22	37	59	97	228	209	193	178	8	13	27	42	69	109	240	220	202	187	1	11	21	37	58	95	242	221	203	188	7	13	26	41	67	107	238	218	201	185	5	12	24	39	64	102	226	207	191	177	8	14	28	44	74	114	235	216	199	183	8	14	28	43	72	112	237	217	200	184	2	11	22	37	59	96	226	208	192	177	7	13	26	41	
157	142	248	8	14	29	46	77	117	165	152	134	245	10	20	35	49	82	122	168	155	139	253	10	19	35	55	90	127	172	160	146	243	8	15	30	47	79	119	166	153	136	245	9	18	33	57	94	130	174	161	148	248	8	15	30	44	74	114	162	150	131	250	9	18	33	56	92	128	173	161	147	243	9	16	31	45	75	115	163	151	132	244	10	21	36	54	89	126	172	159	145	251	9	16	32	44	74	114	163	150	131	249	9	17	33	51	85	124	170	157	142	248	8	15	30	49	81	121	167	154	138	249	10	19	34	58	94	130	175	162	149	244	8	14	29	56	92	128	173	161	147	252	9	15	30	45	75	115	163	150	132	249	9	17	32	52	85	124	170	
1	11	21	37	58	95	226	207	191	177	8	14	27	43	71	111	231	212	195	181	8	14	27	42	69	110	239	219	201	186	3	11	23	38	60	98	228	209	193	178	7	13	26	41	67	107	241	221	203	188	3	11	23	38	61	99	222	204	189	175	7	13	26	41	67	107	240	220	202	187	5	12	24	39	64	102	224	205	190	176	8	14	28	43	72	113	238	217	200	185	5	12	24	39	64	102	223	205	189	175	6	13	25	40	66	105	234	215	198	183	2	11	22	37	60	98	230	211	195	180	7	13	26	42	68	109	242	222	204	189	1	11	21	37	58	96	240	220	202	187	4	11	23	38	62	100	224	205	190	176	6	13	25	40	65	104	234	215	198	183	
44	74	114	162	150	131	244	10	21	36	55	91	128	173	160	146	250	9	18	33	54	89	126	172	159	145	245	9	16	31	46	77	117	164	152	134	248	9	17	33	52	85	124	170	157	142	250	9	16	32	46	77	117	165	152	134	252	9	17	32	51	85	124	170	157	142	247	8	15	30	48	81	120	167	154	137	253	10	19	35	57	93	129	174	161	148	251	8	15	30	49	81	121	167	154	138	246	10	19	35	51	84	123	169	156	141	242	9	16	31	46	77	116	164	151	133	250	10	21	36	53	88	125	171	159	144	247	9	16	31	44	74	114	163	150	131	250	9	17	33	47	78	118	165	152	135	247	9	18	33	50	83	122	168	156	140	243	10	19	35	
222	204	189	175	8	14	28	43	73	113	240	219	202	186	7	13	26	41	67	107	238	218	200	185	5	12	24	39	63	102	226	207	191	177	7	13	25	40	66	106	235	215	198	183	6	12	25	40	64	103	226	207	191	177	6	12	25	40	65	104	234	215	198	182	3	11	23	38	61	99	229	211	194	179	8	14	27	42	70	110	241	221	203	187	3	11	23	38	60	98	230	211	195	180	8	14	27	42	70	110	233	214	197	182	5	12	24	39	63	101	225	207	191	177	8	14	28	43	72	113	237	217	200	184	5	12	24	39	64	102	223	205	189	175	6	13	25	40	65	105	227	208	192	178	7	13	26	41	66	106	232	213	196	181	8	14	27	42	69	110	
250	9	17	32	57	93	129	174	161	148	251	9	16	32	51	85	124	170	157	142	243	8	15	30	48	80	120	167	154	137	252	10	21	36	51	84	123	169	157	141	253	10	20	36	49	82	121	168	155	138	251	9	17	33	50	83	122	168	156	139	242	10	21	36	46	77	117	165	152	134	251	10	19	34	54	90	127	172	160	145	249	9	16	32	46	77	117	165	152	134	243	9	18	34	55	90	127	172	160	146	248	9	15	30	48	80	120	166	154	136	252	10	19	35	57	93	129	174	161	148	246	8	14	29	48	81	120	167	154	137	255	10	19	34	50	83	123	169	156	140	244	10	20	35	51	85	124	169	157	142	255	11	21	36	54	89	126	172	159	145	
25	40	65	104	241	221	203	188	6	12	25	40	64	103	234	215	198	182	2	11	22	37	60	98	229	210	194	179	8	14	28	43	72	113	233	214	197	182	8	14	28	43	72	112	230	212	195	180	6	13	25	40	66	105	231	212	196	181	8	14	28	43	72	113	226	207	192	177	8	13	27	42	69	109	239	218	201	185	5	12	24	39	64	103	226	207	191	177	7	13	26	41	68	108	239	218	201	185	4	11	23	38	61	100	228	210	194	179	8	14	27	42	70	110	241	221	203	187	2	11	22	37	59	97	229	211	194	179	8	14	27	42	69	110	232	213	196	181	8	14	27	43	71	111	234	214	197	182	8	14	28	44	73	113	238	218	200	185	6	12	
122	168	155	139	253	9	15	31	49	82	121	168	155	138	247	9	15	30	46	76	116	164	151	133	251	9	18	34	57	93	129	174	161	148	250	9	17	32	56	92	129	174	161	147	249	8	15	30	51	84	123	169	156	141	246	10	19	35	57	93	129	174	161	148	254	9	17	33	54	88	126	171	159	144	248	9	15	31	49	81	121	167	155	138	247	10	20	35	52	87	125	171	158	143	249	8	15	29	47	78	118	165	152	135	251	10	20	36	54	90	127	172	160	145	245	9	16	31	45	75	115	163	151	132	251	10	20	35	54	89	126	172	159	145	247	9	16	32	55	91	127	173	160	146	250	9	16	31	57	94	130	175	162	149	250	8	15	30	50	82	
196	181	4	11	23	38	62	100	230	212	195	180	4	11	23	38	61	100	225	207	191	176	7	13	26	41	68	108	241	221	203	187	6	12	25	40	65	103	240	220	202	187	3	11	23	38	61	99	233	214	197	182	8	14	27	42	70	110	241	221	203	188	7	13	25	40	66	106	238	217	200	184	4	11	23	38	62	100	230	211	195	180	8	14	27	43	71	111	236	216	199	183	2	11	22	37	59	97	227	208	192	178	8	14	28	43	72	112	238	218	201	185	4	11	23	38	62	100	224	205	190	176	8	14	27	43	71	111	238	217	200	185	6	12	25	40	64	103	239	219	201	186	5	12	24	39	63	101	242	222	204	188	2	11	22	37	60	97	231	212	
20	35	47	79	119	166	153	136	246	10	19	35	47	78	118	165	152	135	255	11	21	36	52	87	125	170	158	143	248	8	15	29	49	82	122	168	155	139	244	8	14	29	46	78	118	165	152	135	243	10	19	34	55	90	127	172	160	146	250	8	15	30	51	84	123	169	157	141	244	8	14	29	47	79	119	166	153	136	245	10	18	34	55	91	128	173	160	146	255	9	16	31	45	76	115	163	151	132	252	10	19	34	56	92	128	173	161	147	247	8	14	29	47	79	119	166	153	136	253	9	18	33	55	90	127	173	160	146	245	8	15	30	49	82	121	168	155	138	253	8	15	29	48	80	120	166	154	137	243	9	17	32	45	76	116	164	151	133	246	10	
71	112	228	209	193	178	8	14	27	42	70	110	227	208	192	178	8	14	28	44	73	113	236	216	199	183	2	11	22	37	59	97	231	212	195	181	1	11	21	37	58	95	226	208	192	177	7	13	26	42	68	109	239	218	201	185	3	11	23	38	61	99	233	214	197	182	1	11	22	37	59	96	228	209	193	178	7	13	26	41	68	108	239	219	201	186	4	12	23	39	62	101	224	206	190	176	8	13	27	42	69	109	240	220	202	187	1	11	22	37	59	96	228	209	193	178	7	13	26	41	67	107	239	219	201	186	3	11	23	38	60	98	231	212	195	180	2	11	22	37	60	97	229	210	194	179	6	12	25	40	65	104	225	206	191	176	8	14	27	43	
160	147	249	9	18	33	54	90	127	172	160	145	252	9	17	33	57	94	130	174	162	149	248	9	16	31	45	76	116	164	151	132	246	10	19	34	44	74	114	162	150	131	247	10	19	35	53	88	125	171	159	144	253	8	14	29	46	78	118	165	152	135	247	9	16	32	45	75	115	163	150	131	249	11	21	36	53	87	125	171	158	144	251	8	14	29	47	79	119	166	153	136	248	11	21	36	53	88	126	171	159	144	244	9	16	32	45	75	115	163	150	132	250	9	17	32	51	85	124	170	157	142	243	9	16	31	46	77	117	164	152	134	251	9	18	34	45	76	116	164	151	133	247	10	19	35	50	82	122	168	155	139	248	9	18	34	56	92	128	173	
7	13	26	41	67	107	239	218	201	185	6	13	25	40	65	105	242	222	204	188	5	12	24	39	63	101	224	206	190	176	8	13	27	42	69	109	222	204	189	175	8	14	27	42	70	110	237	217	200	184	1	11	22	37	59	96	227	208	192	177	5	12	24	39	64	103	223	205	190	175	8	14	28	44	73	113	236	216	199	184	1	11	21	37	58	95	228	209	193	178	8	14	28	44	73	113	237	217	200	184	5	12	24	39	64	103	223	205	190	176	6	12	25	40	65	104	234	215	198	182	5	12	24	39	63	101	226	207	191	177	7	13	26	41	67	107	224	206	191	176	8	14	27	42	70	110	231	212	196	181	7	13	26	41	68	108	240	219	202	186	
51	85	124	170	157	142	251	8	14	29	50	83	123	169	156	140	245	8	14	29	48	80	120	166	154	137	244	10	20	35	53	88	126	171	159	144	249	9	17	33	54	89	127	172	159	145	251	9	16	31	45	75	115	163	150	132	247	9	18	33	49	81	121	168	155	138	251	10	19	34	57	94	130	175	162	149	253	8	15	30	44	74	114	162	150	131	246	9	17	32	57	94	130	174	162	149	245	9	17	33	49	81	121	167	155	138	254	9	17	33	50	83	122	168	156	140	247	10	19	34	48	80	120	166	154	136	248	10	20	36	52	86	124	170	158	143	242	10	21	36	54	89	126	172	159	145	251	8	14	29	52	87	125	170	158	143	252	9	17	32	
234	215	198	182	2	11	22	37	59	97	232	213	196	181	1	11	21	37	58	95	229	210	194	179	8	14	27	43	71	111	237	217	200	184	6	13	25	40	65	105	238	218	201	185	5	12	24	39	63	102	223	205	190	176	7	13	26	41	67	107	230	211	195	180	7	13	26	42	68	109	242	222	204	188	3	11	23	38	61	99	222	204	189	175	6	12	25	40	65	104	241	221	203	188	6	13	25	40	65	105	230	211	195	180	7	13	25	40	66	106	231	213	196	181	8	14	27	42	69	110	229	210	194	179	8	14	28	43	72	112	235	215	198	183	8	14	28	44	73	113	238	218	201	185	1	11	22	37	59	96	236	216	199	183	6	12	25	40	65	104	
244	8	15	30	45	75	115	163	151	132	242	9	18	34	44	74	114	162	150	131	249	10	19	34	55	91	128	173	160	146	253	9	15	30	50	83	122	169	156	140	255	9	15	31	48	80	120	167	154	137	245	11	21	36	52	85	124	170	157	142	250	10	20	36	53	88	125	171	159	144	246	9	16	31	46	78	118	165	152	135	242	9	18	33	50	83	122	168	156	140	252	9	18	33	50	83	122	168	156	140	250	8	15	30	51	84	123	169	157	141	243	11	21	36	54	89	126	172	159	145	249	9	17	32	56	93	129	174	161	148	250	9	16	31	57	93	129	174	161	148	251	9	15	31	45	75	115	163	150	131	245	10	20	36	50	83	122	168	156	140	
23	38	61	99	224	206	190	176	7	13	26	41	67	108	222	204	189	175	7	13	26	42	68	109	240	219	202	186	4	11	23	38	62	100	232	213	196	181	4	11	23	38	62	100	229	210	194	179	8	14	28	44	73	114	234	215	198	183	8	14	28	43	72	112	237	217	200	184	5	12	24	39	63	102	227	208	192	177	7	13	26	41	66	106	232	213	196	181	7	13	26	41	67	107	232	213	196	181	3	11	23	38	61	99	233	214	197	182	8	14	28	44	73	114	238	217	200	185	6	12	25	40	65	104	241	220	203	187	4	12	23	39	62	101	241	221	203	188	4	11	23	38	62	100	223	205	189	175	8	14	28	43	72	112	232	213	196	181	3	11	
117	165	152	134	247	10	21	36	52	86	124	170	158	143	248	10	20	35	53	87	125	171	158	144	252	9	16	32	47	78	118	165	153	135	242	10	21	36	47	79	119	166	153	136	244	10	20	35	58	94	130	175	162	149	252	9	17	33	56	92	129	173	161	147	245	8	15	30	48	80	120	167	154	137	250	10	19	34	51	85	123	169	157	142	251	10	20	36	52	86	124	170	158	142	249	8	15	29	46	77	117	165	152	134	247	10	19	35	58	94	130	175	162	149	252	8	15	29	50	82	122	168	155	139	252	8	14	29	47	79	119	166	153	136	248	9	17	33	47	79	118	166	153	135	244	9	18	33	56	92	129	174	161	148	248	9	16	31	46	77	
192	177	8	14	28	44	73	113	235	216	199	183	8	14	27	43	71	112	236	216	199	184	5	12	24	39	64	102	227	208	192	178	8	14	28	44	73	113	228	209	193	178	8	14	27	43	71	111	242	222	204	188	6	13	25	40	65	105	240	220	202	187	3	11	22	38	60	98	229	210	194	179	8	13	27	42	69	109	234	214	197	182	8	14	28	43	72	112	235	215	198	183	2	11	22	37	60	97	226	207	192	177	8	14	27	42	70	110	242	222	204	188	2	11	22	37	60	97	231	212	196	181	1	11	21	37	58	95	228	209	193	178	7	13	25	40	66	106	227	209	193	178	7	13	26	41	67	107	241	220	202	187	4	12	24	39	63	101	226	207	
19	35	57	94	130	174	161	149	250	9	17	32	56	92	128	173	160	147	251	9	16	31	49	81	121	167	155	138	247	9	18	34	57	94	130	174	162	149	250	9	18	33	55	91	127	173	160	146	250	8	15	29	50	83	122	168	156	140	243	9	15	30	46	77	117	164	151	134	252	10	20	35	54	89	126	172	159	145	248	9	17	32	56	92	128	173	161	147	244	9	16	31	45	76	116	164	151	133	243	10	20	36	54	89	127	172	160	145	251	9	16	31	45	76	116	164	151	133	248	10	20	35	44	74	114	162	150	131	244	10	19	35	51	84	123	169	157	141	246	9	17	32	52	86	124	170	158	142	253	8	15	30	48	80	119	166	153	136	250	10	
70	110	241	221	203	188	6	13	25	40	65	104	240	219	202	186	4	12	24	39	63	101	230	211	195	180	7	13	26	41	67	108	241	221	203	188	7	13	26	41	66	106	239	219	201	186	2	11	22	37	60	97	232	213	196	181	4	11	23	38	62	100	225	207	191	177	8	14	27	43	71	111	238	217	200	185	6	12	25	40	65	104	240	220	202	187	5	12	24	39	63	101	224	206	191	176	8	14	28	43	72	112	238	218	201	185	5	12	24	39	63	102	225	206	191	176	8	14	28	43	72	112	223	204	189	175	8	14	27	42	70	110	233	214	197	182	6	12	25	40	65	104	235	215	198	183	3	11	23	38	61	99	228	210	193	179	8	14	27	42	
160	146	254	9	16	32	50	83	122	168	156	140	253	8	15	30	47	79	119	166	153	136	245	10	20	36	52	86	124	170	158	143	249	8	14	29	51	85	124	169	157	142	248	8	15	30	45	76	116	164	151	133	247	9	16	32	47	78	118	165	153	135	255	9	18	34	55	91	128	173	160	146	244	8	14	29	49	82	122	168	155	139	247	8	15	30	48	80	120	166	154	136	250	10	19	35	57	93	129	174	161	148	252	9	17	33	48	80	120	167	154	137	245	9	17	32	56	92	128	173	161	147	246	9	17	33	54	89	127	172	160	145	254	8	15	29	49	82	122	168	155	139	252	10	20	35	46	78	117	165	152	134	250	9	17	33	55	90	127	172	
5	12	24	39	64	103	232	213	196	181	3	11	23	38	61	99	228	209	193	179	8	14	28	43	72	112	235	216	199	183	1	11	22	37	59	96	234	214	197	182	3	11	23	38	61	99	224	206	191	176	6	12	25	40	65	103	227	209	193	178	7	13	26	41	68	108	240	219	202	186	2	11	22	37	59	96	231	212	195	181	2	11	22	37	60	98	229	210	194	179	8	14	27	42	70	110	241	220	203	187	6	13	25	40	66	105	229	210	194	179	6	13	25	40	65	104	240	220	202	187	7	13	26	41	66	106	238	218	201	185	2	11	22	37	59	97	231	212	195	181	8	14	27	43	71	111	226	208	192	177	7	13	25	41	66	106	239	218	201	185	
49	81	121	167	155	138	248	8	15	29	46	78	118	165	152	135	246	9	18	34	56	92	129	174	161	148	250	8	15	30	45	75	115	163	150	131	246	9	16	32	46	78	117	165	152	134	246	9	18	34	49	82	121	168	155	139	251	10	20	35	52	86	125	170	158	143	249	9	16	32	45	75	115	163	150	132	254	10	21	36	45	76	116	164	151	133	253	10	19	34	55	90	127	172	160	145	254	9	15	31	51	84	123	169	156	141	245	8	14	29	50	83	122	168	156	140	255	9	18	34	51	84	123	169	157	141	251	9	16	32	45	76	116	164	151	133	249	10	19	34	55	91	128	173	160	147	249	9	16	32	51	84	123	169	157	141	243	8	14	29	
230	211	195	180	2	11	22	37	60	97	226	208	192	177	7	13	26	41	68	108	241	220	203	187	3	11	23	38	61	99	223	205	189	175	5	12	24	39	64	103	226	208	192	177	7	13	26	41	67	107	231	212	195	180	8	14	27	43	71	111	236	216	199	183	5	12	24	39	64	102	224	205	190	176	8	14	28	43	72	113	225	206	191	176	8	13	26	42	69	109	239	218	201	185	4	11	23	38	62	100	233	214	197	182	1	11	21	36	58	95	232	213	196	181	7	13	26	41	67	107	233	214	197	182	5	12	24	39	64	102	224	206	190	176	7	13	26	42	68	109	240	219	202	186	5	12	24	39	64	103	233	214	197	182	1	11	21	37	58	95	
249	9	18	33	45	76	116	164	151	133	244	10	19	34	52	87	125	170	158	143	254	8	14	29	46	78	118	165	152	135	253	10	20	35	49	81	121	168	155	138	252	10	20	36	52	86	124	170	158	143	253	10	19	34	55	91	128	173	160	147	248	8	14	29	48	81	120	167	154	137	247	10	19	34	57	93	129	174	161	148	249	9	18	33	53	88	126	171	159	144	247	8	14	29	47	79	119	166	153	135	247	9	16	32	44	74	114	162	149	130	248	10	20	35	52	86	124	170	158	143	249	9	15	31	49	81	120	167	154	137	247	11	21	36	53	88	125	171	159	144	243	8	15	30	49	81	121	167	155	138	246	11	21	36	44	74	114	162	150	131	
26	41	67	107	224	206	190	176	8	13	27	42	69	109	236	216	199	183	2	11	22	37	59	96	227	208	192	177	8	14	27	43	71	111	230	211	195	180	8	14	28	43	72	112	235	215	198	183	8	14	27	42	69	110	240	219	202	186	1	11	21	37	58	95	230	211	194	180	8	13	26	42	69	109	241	221	203	187	7	13	26	41	67	107	237	217	200	184	1	11	22	37	59	96	227	209	193	178	6	12	25	40	65	103	222	204	189	175	8	14	27	43	71	111	235	215	198	183	4	11	23	38	62	100	230	211	194	180	8	14	28	44	73	113	237	217	200	184	3	11	22	38	60	98	230	211	195	180	8	14	28	44	73	114	223	205	189	175	7	13	
124	170	157	142	245	10	20	36	54	89	126	172	159	145	250	9	16	31	45	75	115	163	150	132	243	10	19	34	55	91	128	173	160	147	250	10	18	34	56	92	129	173	161	147	249	9	17	33	54	89	126	172	159	145	246	9	15	31	44	74	114	162	150	131	243	10	21	36	53	88	125	171	159	144	250	9	16	32	51	85	124	170	157	142	244	9	16	31	45	75	115	163	150	132	245	9	18	33	49	82	121	168	155	139	249	10	19	34	55	91	128	173	160	147	250	8	15	30	47	79	119	166	153	135	243	10	19	34	57	94	130	174	162	149	245	9	16	31	46	77	116	164	151	134	247	9	18	34	58	94	130	175	162	149	252	10	19	34	52	86	
198	183	8	14	28	43	72	113	238	217	200	185	5	12	24	39	64	102	223	205	190	176	8	13	27	42	69	109	240	219	202	186	7	13	26	41	68	108	240	220	202	187	6	13	25	40	65	105	238	217	200	185	4	11	23	38	62	100	222	204	189	175	8	14	28	44	73	113	237	217	200	184	6	12	25	40	64	103	234	215	198	182	5	12	24	39	64	102	223	205	190	176	7	13	26	41	66	106	231	212	195	180	8	13	27	42	69	109	240	219	202	186	3	11	23	38	60	98	227	209	193	178	8	13	27	42	69	109	242	222	204	188	5	12	24	39	63	102	225	207	191	177	7	13	26	41	68	108	242	222	204	188	7	13	26	42	68	109	235	215	
15	31	57	93	129	174	161	148	252	9	15	31	48	81	120	167	154	137	247	11	21	36	54	88	126	171	159	144	249	9	17	33	53	87	125	171	158	143	243	8	15	30	50	83	123	169	156	140	243	8	14	29	47	79	119	166	153	136	249	10	19	34	57	94	130	174	161	149	251	8	15	30	49	82	121	168	155	138	246	8	15	30	48	81	120	167	154	137	251	11	21	36	51	85	124	170	157	142	251	10	20	35	54	88	126	171	159	144	253	9	16	31	46	77	117	164	152	134	246	10	21	36	54	89	126	172	159	145	250	8	15	30	48	80	120	167	154	137	250	10	20	36	53	87	125	171	158	143	251	8	14	29	53	87	125	171	158	144	247	9	
62	100	241	220	203	187	4	11	23	38	62	100	229	211	194	179	8	14	28	44	74	114	237	217	200	184	6	13	25	40	65	105	236	216	199	184	3	11	22	38	60	98	232	213	196	181	1	11	22	37	59	96	228	209	193	178	7	13	26	42	68	109	241	221	203	188	2	11	22	37	60	98	230	212	195	180	3	11	23	38	61	99	229	211	194	179	8	14	28	44	73	114	234	215	198	182	8	14	28	43	72	112	237	217	200	184	5	12	24	39	63	102	226	207	191	177	8	14	28	43	72	113	238	217	200	185	3	11	23	38	61	99	229	210	194	179	8	14	28	43	72	112	236	216	199	183	2	11	22	37	59	97	236	216	199	184	4	11	23	38	
153	135	251	9	17	33	47	79	119	166	153	136	247	10	20	35	58	95	130	175	162	149	251	9	16	32	50	83	122	168	156	140	245	9	16	31	46	77	117	164	151	134	248	9	16	32	45	75	115	163	150	132	251	10	21	36	53	87	125	171	159	144	252	9	16	31	45	76	116	164	151	133	244	9	17	33	46	78	117	165	152	134	252	10	19	35	58	94	130	175	162	149	249	9	17	32	56	92	128	173	161	147	244	8	15	30	48	80	120	167	154	137	243	9	18	34	57	93	129	174	161	148	253	8	14	29	46	78	118	165	152	135	252	10	19	35	56	92	129	174	161	148	255	9	16	31	45	75	115	163	151	132	244	9	17	32	47	79	118	166	
6	13	25	40	66	105	228	209	193	178	8	14	27	43	71	111	242	222	204	189	6	12	25	40	64	103	232	213	196	181	4	12	24	39	62	101	225	207	191	177	5	12	24	39	64	103	223	205	190	176	8	14	28	43	72	113	237	216	199	184	5	12	24	39	63	101	225	206	191	176	7	13	25	40	66	106	226	208	192	177	8	14	27	42	70	110	242	222	204	188	6	12	25	40	65	104	240	220	202	187	3	11	22	38	60	98	229	211	194	179	7	13	26	41	68	108	241	221	203	187	1	11	22	37	59	96	227	208	192	177	8	14	27	42	70	110	241	220	202	187	5	12	24	39	64	102	224	205	190	176	6	13	25	40	65	104	227	209	193	178	
50	83	123	169	156	140	246	10	19	35	55	91	127	173	160	146	251	8	15	30	49	82	121	168	155	138	247	8	15	29	47	79	119	166	153	136	255	9	18	33	49	81	121	167	155	138	252	10	19	35	57	93	129	174	161	148	245	9	16	32	48	80	120	167	154	137	246	10	19	35	51	84	123	169	157	141	251	10	20	36	54	89	127	172	159	145	246	9	15	31	49	82	122	168	155	139	248	9	15	30	46	77	116	164	151	133	247	10	21	36	53	87	125	171	158	143	252	9	16	31	45	75	115	163	150	132	248	9	17	32	54	90	127	172	160	145	248	8	14	29	48	81	120	167	154	137	245	10	19	35	50	83	122	168	156	140	253	10	20	35	
232	213	196	181	8	14	27	42	70	110	239	219	201	186	3	11	23	38	61	99	231	212	195	180	2	11	22	37	60	97	228	209	193	178	7	13	26	41	66	106	230	211	195	180	8	14	27	42	70	110	241	221	203	187	5	12	24	39	64	103	229	210	194	179	8	14	27	42	70	110	233	214	197	182	8	14	28	43	72	112	238	218	201	185	4	11	23	38	62	100	231	212	195	181	4	11	23	38	61	100	225	207	191	177	8	14	28	44	73	113	236	216	199	183	5	12	24	39	63	101	223	205	190	176	6	13	25	40	65	104	238	218	201	185	1	11	21	36	58	95	229	211	194	179	8	14	27	42	70	110	232	213	196	181	8	14	27	43	71	112	
242	8	15	30	54	89	126	172	159	145	255	8	14	29	46	78	117	165	152	134	245	9	17	33	45	76	116	164	151	133	251	10	20	36	51	85	123	169	157	141	250	11	21	36	54	89	127	172	160	145	247	9	15	30	49	81	121	167	155	138	248	9	18	34	54	89	126	172	159	145	254	9	16	31	56	92	128	173	161	147	243	8	14	29	47	79	119	166	153	136	255	10	20	35	47	78	118	165	152	135	253	10	19	34	57	94	130	174	161	149	251	8	14	29	48	80	120	166	154	136	245	9	18	33	50	83	122	168	156	140	244	9	18	34	44	74	114	162	149	130	242	10	19	34	54	90	127	172	160	145	249	9	15	30	56	92	128	173	161	147	
22	37	60	97	238	218	201	185	1	11	21	37	58	95	226	208	192	177	6	13	25	40	66	105	224	206	191	176	8	14	28	43	72	113	234	214	197	182	8	14	28	44	73	113	238	218	201	185	3	11	23	38	61	99	230	211	195	180	7	13	26	41	67	107	238	218	201	185	4	12	23	39	62	101	240	220	202	187	1	11	21	37	58	95	228	209	193	178	8	14	27	43	71	111	227	208	192	178	7	13	26	42	68	108	241	221	203	188	2	11	22	37	59	96	229	210	194	179	7	13	26	41	66	106	232	213	196	181	7	13	26	41	67	107	222	204	189	175	8	13	26	42	69	109	239	218	201	185	4	11	23	38	61	100	240	220	202	187	2	11	
116	164	151	133	249	9	16	31	44	74	114	162	149	131	243	9	17	32	51	84	123	169	156	141	253	10	20	35	57	93	129	174	161	148	246	8	14	29	57	94	130	174	162	149	244	8	15	29	47	78	118	165	152	135	254	10	20	35	52	86	124	170	158	143	250	8	15	30	47	79	119	166	153	136	247	9	18	34	44	74	114	162	149	131	249	10	19	34	55	90	127	172	160	146	243	9	17	33	53	87	125	171	158	144	249	9	16	32	45	75	115	163	150	132	247	10	19	35	51	85	124	169	157	142	249	10	20	35	52	86	124	170	158	143	249	9	17	32	53	88	125	171	159	144	250	8	15	30	47	78	118	165	152	135	247	9	16	32	45	76	
191	176	5	12	24	39	63	102	222	204	189	175	6	12	25	40	65	104	233	214	197	182	8	14	27	42	70	111	241	220	203	187	1	11	21	37	58	95	242	221	204	188	2	11	22	37	60	97	227	208	192	178	8	14	27	43	71	111	235	215	198	183	3	11	23	38	61	99	228	209	193	178	7	13	26	41	68	108	222	204	189	175	7	13	26	42	68	109	239	219	201	186	6	13	25	40	65	105	236	216	199	184	5	12	24	39	64	102	224	205	190	176	8	14	27	42	70	110	234	214	197	182	8	14	27	43	71	112	235	215	198	183	6	12	25	40	65	104	237	217	200	184	3	11	22	38	60	98	227	208	192	178	6	12	24	39	64	103	225	206	
18	34	48	80	120	167	154	137	246	9	18	33	50	83	122	168	156	140	249	10	19	34	55	90	127	172	160	146	244	9	16	31	44	74	114	162	150	131	248	10	19	34	45	76	116	164	151	133	250	9	18	34	55	90	127	172	160	146	243	8	14	29	46	78	118	165	152	135	245	10	20	35	52	86	125	170	158	143	250	9	17	32	53	88	125	171	159	144	247	8	15	30	50	83	122	169	156	140	250	8	14	29	49	81	121	167	154	138	245	10	19	34	55	90	127	172	160	146	249	9	16	32	56	92	128	173	161	147	254	8	15	30	50	82	122	168	156	139	252	9	16	31	46	77	117	164	152	134	252	10	21	36	49	81	121	168	155	138	250	10	
68	108	229	210	194	179	7	13	26	41	67	107	232	213	196	181	8	13	27	42	69	109	239	219	201	186	5	12	24	39	63	101	222	204	189	175	7	13	26	42	68	109	225	206	191	176	7	13	26	41	68	108	239	219	201	186	2	11	22	37	59	97	226	208	192	177	8	14	27	43	71	111	236	216	199	183	6	12	25	40	65	104	237	217	200	184	2	11	22	37	60	98	232	213	196	181	1	11	21	37	58	95	230	211	195	180	8	13	27	42	69	109	239	218	201	185	6	12	25	40	64	103	240	220	202	186	2	11	22	37	60	98	231	212	196	181	4	12	24	39	63	101	225	207	191	177	8	14	28	43	73	113	230	211	195	180	7	13	26	41	
158	144	252	11	21	36	52	86	124	170	158	142	249	10	20	36	53	88	126	171	159	144	246	8	15	30	48	80	120	167	154	137	250	9	17	33	53	87	125	171	159	144	253	9	17	32	53	87	125	171	158	143	247	9	16	31	45	75	115	163	151	132	253	11	21	36	55	91	127	173	160	146	251	8	15	29	50	83	122	168	156	139	253	9	16	31	46	76	116	164	151	133	252	9	18	33	44	74	114	163	150	131	246	10	20	35	53	88	126	171	159	144	255	8	15	30	49	82	121	168	155	138	251	9	15	30	45	76	116	164	151	133	247	10	21	36	48	80	119	166	153	136	246	10	20	35	57	93	129	174	161	148	250	9	18	33	53	87	125	171	
8	14	28	44	73	113	235	215	198	183	8	14	28	43	72	112	237	217	200	184	3	11	23	38	60	98	229	210	194	179	6	13	25	40	66	105	237	217	200	184	6	12	25	40	65	104	236	216	199	184	5	12	24	39	64	102	224	206	190	176	8	14	28	44	74	114	239	219	201	186	2	11	22	37	59	97	231	212	196	181	5	12	24	39	63	101	225	207	191	176	7	13	26	41	67	107	223	205	189	175	8	14	27	43	71	111	237	217	200	184	3	11	23	38	61	99	230	212	195	180	4	11	23	38	61	100	225	206	191	176	8	14	28	44	73	113	228	210	193	179	8	14	27	43	71	111	241	221	203	188	7	13	26	41	67	107	236	216	199	184	
57	94	130	174	162	149	250	9	17	32	56	92	128	173	161	147	252	9	15	31	46	77	117	165	152	134	252	9	18	33	50	83	123	169	156	140	243	9	15	30	50	83	122	168	156	140	246	9	15	31	48	81	120	167	154	137	250	10	19	34	58	95	130	175	162	149	248	9	17	33	45	76	116	164	151	133	246	10	21	36	48	80	120	166	154	137	245	10	20	36	52	85	124	170	157	142	245	10	21	36	55	91	127	173	160	146	251	8	15	30	46	78	118	165	152	135	244	11	21	36	47	78	118	165	152	135	243	10	19	35	57	93	129	174	161	148	244	9	18	33	55	91	128	173	160	146	249	9	17	33	52	85	124	170	157	142	245	8	14	29	
241	221	203	188	6	12	25	40	65	104	240	220	202	187	4	11	23	38	62	100	226	207	191	177	7	13	26	41	67	107	232	213	196	181	4	11	23	38	62	100	231	213	196	181	4	11	23	38	62	100	229	211	194	179	8	13	26	42	69	109	242	222	204	189	6	13	25	40	66	105	224	206	190	176	8	14	28	44	73	113	229	210	194	179	8	14	28	43	72	112	235	215	198	183	8	14	28	44	73	113	239	219	201	186	3	11	23	38	60	98	227	208	192	177	8	14	28	44	73	114	227	208	192	178	8	14	27	42	70	110	241	221	203	188	7	13	26	41	66	106	239	219	202	186	6	13	25	40	65	105	235	215	198	183	1	11	22	37	59	96	
249	9	18	33	50	82	122	168	155	139	245	8	15	29	47	79	119	166	153	135	249	10	21	36	51	85	124	170	157	142	247	10	20	36	47	78	118	165	153	135	249	10	20	35	47	79	119	166	153	136	251	10	21	36	53	88	126	171	159	144	246	9	17	32	50	84	123	169	156	141	242	9	16	32	57	94	130	174	161	149	248	9	17	33	56	92	129	174	161	147	250	9	16	32	57	93	129	174	161	148	253	9	16	31	46	77	117	164	152	134	247	9	17	32	58	94	130	175	162	149	248	9	17	33	54	89	126	172	159	145	251	9	16	32	51	85	124	169	157	142	253	8	14	29	50	83	123	169	156	140	243	9	15	31	45	75	115	163	150	132	
26	41	66	106	231	212	196	181	2	11	22	37	59	97	227	209	193	178	8	14	28	44	73	113	234	215	198	182	8	14	28	43	72	112	227	208	192	178	8	14	27	43	71	111	228	209	193	178	8	14	28	43	72	113	237	217	200	184	6	12	25	40	65	103	232	213	197	182	5	12	24	39	64	103	241	221	203	188	7	13	26	41	66	106	240	220	202	187	5	12	24	39	64	103	241	221	203	188	5	12	24	39	63	102	225	207	191	177	6	12	25	40	65	104	242	222	204	188	7	13	25	40	66	106	238	218	201	185	5	12	24	39	64	102	234	214	197	182	2	11	22	37	59	97	232	213	196	181	4	11	23	38	62	100	223	205	190	175	7	13	
123	169	157	141	243	8	15	30	45	75	115	163	151	132	250	9	18	34	57	93	130	174	161	148	245	8	14	29	56	92	128	173	161	147	253	9	18	34	56	91	128	173	160	147	252	9	18	33	57	93	129	174	161	148	245	9	15	30	49	82	122	168	155	139	249	8	14	29	49	81	121	167	155	138	252	9	18	33	51	84	123	169	157	141	249	8	15	29	49	81	121	167	155	138	248	8	15	30	48	80	120	167	154	137	242	9	18	33	50	83	122	168	156	140	252	9	18	34	51	84	123	169	157	141	253	8	14	29	49	81	121	167	154	138	249	8	15	30	45	75	115	163	151	132	246	9	16	32	47	79	119	166	153	136	255	10	20	35	51	84	
197	182	3	11	23	38	61	99	224	206	190	176	7	13	26	41	68	108	241	221	203	188	1	11	22	37	59	96	240	220	202	187	7	13	26	41	68	108	240	219	202	186	7	13	26	41	66	106	241	221	203	187	4	11	23	38	62	100	231	212	195	181	1	11	21	37	58	95	230	211	195	180	7	13	26	41	67	107	233	214	197	182	2	11	22	37	59	97	230	211	195	180	3	11	23	38	60	98	229	210	194	179	7	13	26	41	66	106	232	213	196	181	7	13	26	41	67	107	233	214	197	182	1	11	21	37	58	95	230	211	195	180	3	11	23	38	61	99	224	205	190	176	5	12	24	39	64	103	228	209	193	178	8	14	27	43	71	111	233	214	
16	32	46	78	117	165	152	134	253	10	20	35	52	87	125	171	158	143	242	9	16	31	45	74	115	163	150	131	251	9	17	33	52	86	125	170	158	143	245	8	15	29	51	85	123	169	157	142	242	8	14	29	47	78	118	165	153	135	252	9	18	33	44	74	114	162	150	131	255	10	19	35	52	86	124	170	157	142	244	9	16	31	45	76	116	163	151	132	243	10	19	34	46	77	117	165	152	134	247	10	19	35	51	85	124	170	157	142	250	10	20	36	52	86	124	170	158	143	246	9	16	31	44	74	114	163	150	131	246	9	18	34	46	78	118	165	152	135	248	10	18	34	49	81	121	167	155	138	251	10	19	35	55	91	127	173	160	146	247	9	
64	102	226	208	192	177	8	14	27	43	71	111	236	216	199	183	5	12	24	39	63	102	223	205	189	175	6	13	25	40	66	105	236	216	199	183	2	11	22	37	59	97	234	214	197	182	1	11	21	37	58	96	227	208	192	178	7	13	26	41	66	106	223	204	189	175	8	14	27	42	69	110	235	215	198	183	4	12	24	39	63	101	224	206	190	176	8	13	27	42	69	109	226	207	191	177	8	14	27	42	70	110	234	215	198	182	8	14	28	43	72	112	235	215	198	183	4	12	24	39	62	101	223	205	189	175	7	13	26	41	68	108	227	208	192	177	7	13	26	41	68	108	230	211	195	180	8	14	27	42	69	110	239	219	201	186	5	12	24	39	
154	137	251	10	19	34	55	91	127	173	160	146	247	9	16	32	48	80	120	167	154	137	255	10	19	34	51	84	123	169	156	141	247	8	15	30	45	75	115	163	151	132	248	9	16	32	44	74	114	163	150	131	253	10	19	34	51	85	124	169	157	142	243	10	20	35	54	89	126	172	159	145	247	8	15	30	48	80	119	166	153	136	254	10	20	35	53	88	126	171	159	144	253	9	17	33	54	89	126	172	159	145	252	8	15	29	56	93	129	174	161	148	245	8	14	29	47	79	119	166	153	136	249	10	20	36	52	86	125	170	158	143	252	10	20	35	53	87	125	171	158	143	250	11	21	36	54	89	126	172	159	145	247	8	15	30	48	81	120	167	
8	14	27	42	69	109	239	219	201	186	5	12	24	39	64	103	229	210	194	179	8	13	26	42	69	109	233	214	197	182	3	11	23	38	61	99	224	206	190	176	6	12	25	39	64	103	223	205	189	175	8	13	27	42	69	109	234	214	197	182	8	14	27	43	71	111	238	218	200	185	2	11	22	37	60	98	228	210	193	179	8	14	27	43	71	111	237	217	200	184	6	13	25	40	66	105	238	218	201	185	2	11	22	37	59	97	241	220	203	187	1	11	22	37	59	96	228	209	193	178	8	14	28	43	72	112	236	216	199	183	8	14	27	43	71	112	236	216	199	184	8	14	28	44	73	114	238	218	200	185	2	11	22	37	60	98	229	211	194	180	
54	89	126	172	159	145	246	9	15	31	49	81	121	167	155	138	251	10	19	35	53	88	125	171	159	144	244	9	16	32	46	78	118	165	152	134	252	11	21	36	49	82	121	168	155	138	250	10	20	35	54	88	126	172	159	144	247	8	15	30	56	91	128	173	160	147	248	9	16	31	46	76	116	164	151	133	250	10	19	35	55	91	128	173	160	147	247	9	15	31	50	84	123	169	156	141	249	9	17	32	45	76	116	164	151	133	247	9	16	32	45	75	115	163	150	131	251	10	19	35	56	92	129	174	161	147	248	9	16	32	56	92	128	173	160	147	243	9	17	32	58	94	130	175	162	149	245	9	15	30	45	76	116	164	151	133	250	10	21	36	
238	217	200	185	4	11	23	38	62	100	230	211	195	180	8	14	27	42	70	110	237	217	200	184	5	12	24	39	64	102	226	208	192	177	8	14	28	44	73	114	230	211	195	180	8	14	27	43	71	111	238	217	200	184	3	11	23	38	61	99	240	219	202	186	4	12	24	39	62	101	225	207	191	177	8	14	27	42	70	110	240	219	202	186	4	11	23	38	62	100	233	213	197	182	6	12	25	40	65	103	224	206	190	176	5	12	24	39	64	103	223	205	190	175	8	14	27	42	70	110	240	220	202	187	5	12	24	39	64	103	240	219	202	186	6	12	25	40	65	104	242	222	204	188	3	11	23	38	61	99	225	206	191	176	8	14	28	43	72	113	
245	8	14	29	47	79	118	166	153	135	250	11	21	36	54	90	127	172	160	145	247	8	15	30	49	81	121	167	154	137	249	10	19	35	58	94	130	175	162	149	246	9	18	33	55	91	128	173	160	146	247	9	16	31	46	77	117	165	152	134	251	9	17	32	47	79	119	166	153	136	251	10	21	36	54	90	127	172	160	145	246	8	14	29	47	79	118	166	153	135	250	11	21	36	49	82	121	168	155	139	245	10	20	36	49	81	121	167	155	138	253	10	19	34	55	90	127	172	160	146	242	8	15	30	49	81	121	167	155	138	245	8	15	30	50	82	122	168	155	139	254	8	14	29	47	78	118	165	152	135	252	9	17	33	57	93	129	174	161	148	
21	37	58	95	227	209	193	178	8	14	28	44	74	114	239	218	201	185	3	11	23	38	61	99	230	211	195	180	8	14	27	42	70	110	242	222	204	188	7	13	26	41	67	107	240	219	202	186	5	12	24	39	63	101	226	207	191	177	6	12	25	40	65	104	228	209	193	178	8	14	28	44	73	113	238	218	201	185	1	11	22	37	59	96	227	209	193	178	8	14	28	44	73	114	231	212	195	180	8	14	28	43	72	112	230	211	195	180	8	13	26	42	69	109	239	218	201	186	3	11	23	38	60	98	230	211	195	180	3	11	22	38	60	98	231	212	196	181	1	11	21	37	58	95	227	208	192	178	6	13	25	40	66	105	241	221	203	187	1	11	
114	162	150	131	248	9	17	33	58	95	130	175	162	149	245	8	14	29	46	77	117	165	152	134	249	10	20	36	54	89	126	172	159	145	243	9	16	31	52	86	124	170	157	142	255	8	15	30	48	80	120	167	154	137	249	11	21	36	50	83	122	168	156	140	245	9	18	34	57	93	129	174	161	148	244	9	16	32	45	75	115	163	150	131	251	9	17	33	58	94	130	175	162	149	244	8	14	29	56	92	128	173	161	147	250	9	17	33	53	88	126	171	159	144	247	9	16	31	46	77	117	165	152	134	255	9	17	33	46	77	116	164	151	133	251	9	18	33	44	74	114	162	150	131	249	9	18	33	51	84	123	169	156	141	242	9	16	31	44	74	
189	175	6	13	25	40	66	105	242	222	204	189	1	11	22	37	59	96	226	207	192	177	8	14	28	43	72	113	238	218	201	185	4	12	24	39	63	101	235	215	198	183	2	11	22	37	60	98	229	210	194	179	8	14	28	44	73	113	232	213	196	181	7	13	26	41	67	107	241	221	203	188	5	12	24	39	64	102	223	205	189	175	7	13	25	40	66	106	242	222	204	188	1	11	22	37	59	96	240	220	202	187	7	13	25	40	66	106	237	217	200	184	5	12	24	39	63	102	226	207	191	177	6	13	25	40	65	105	225	207	191	177	7	13	26	41	67	107	222	204	189	175	7	13	26	41	67	107	233	214	197	182	5	12	24	39	63	101	222	204	
18	33	51	84	123	169	157	141	254	9	16	31	45	75	115	163	150	132	252	9	18	33	57	93	129	174	161	148	253	8	15	29	48	79	119	166	153	136	251	9	17	32	45	76	116	164	151	133	245	9	18	34	57	94	130	174	162	149	244	8	14	29	52	86	124	170	158	143	249	8	15	30	48	81	120	167	154	137	252	9	18	34	51	84	123	169	157	141	246	9	16	32	45	75	115	163	150	132	255	9	18	34	51	84	123	169	157	141	243	8	15	30	48	80	120	167	154	137	252	9	18	33	50	83	122	169	156	140	250	10	21	36	51	85	124	170	157	142	247	10	19	35	52	86	124	170	158	142	246	10	20	35	48	80	120	166	154	136	253	9	
67	107	233	214	197	182	4	12	24	39	63	101	223	205	190	176	7	13	26	41	66	106	241	221	203	187	2	11	22	37	59	97	228	210	193	179	6	12	25	40	65	104	225	206	191	176	7	13	26	41	68	108	242	221	203	188	2	11	22	37	59	96	235	215	198	183	3	11	23	38	61	99	229	211	194	180	7	13	26	41	67	107	233	214	197	182	5	12	24	39	64	102	223	205	190	176	7	13	26	41	67	107	233	214	197	182	3	11	22	38	60	98	229	210	194	179	7	13	26	41	67	107	232	213	196	181	8	14	28	44	73	113	234	215	198	182	8	14	27	42	70	110	235	215	198	183	8	14	28	43	71	112	229	210	194	179	7	13	26	41	
157	142	249	10	20	35	48	80	119	166	153	136	248	9	17	33	51	85	124	170	157	142	243	9	16	31	45	76	116	164	151	133	249	10	19	34	50	83	122	168	156	139	244	10	20	36	52	87	125	171	158	143	252	9	16	32	45	75	115	163	150	132	254	10	20	36	46	78	117	165	152	134	253	10	19	34	52	86	124	170	158	143	243	10	20	36	49	81	121	167	154	138	251	10	19	35	52	86	124	170	158	143	247	9	16	31	46	77	117	164	152	134	250	11	21	36	51	85	124	170	157	142	248	10	19	35	57	94	130	174	162	149	247	9	16	32	55	90	127	172	160	146	243	9	16	31	56	92	128	173	161	147	248	10	18	34	52	85	124	170	
8	14	27	43	71	112	228	210	194	179	6	13	25	40	66	105	234	215	198	182	5	12	24	39	63	101	224	206	190	176	7	13	26	42	68	108	231	212	196	181	8	14	28	43	72	112	236	216	199	183	5	12	24	39	64	102	223	205	190	176	8	14	28	43	72	112	226	207	192	177	8	14	27	42	69	109	235	215	198	183	8	14	28	43	72	112	230	211	195	180	8	14	27	42	70	110	235	215	198	183	4	12	24	39	62	101	225	207	191	177	8	14	28	44	73	113	234	215	198	182	8	14	27	42	70	110	241	221	203	188	5	12	24	39	64	102	239	218	201	185	4	12	24	39	63	101	240	220	202	187	7	13	26	41	68	108	234	215	198	183	
56	92	128	173	160	147	243	10	19	34	50	83	123	169	156	140	247	10	20	35	48	80	120	166	154	136	250	10	19	35	53	87	125	171	158	144	247	8	14	29	56	92	129	173	161	147	251	9	15	31	49	81	121	167	154	138	250	9	18	34	56	92	128	173	161	147	248	9	17	32	54	89	126	172	159	145	247	9	15	31	56	93	129	174	161	148	253	8	15	30	55	90	127	172	160	146	248	8	15	30	47	79	119	166	153	136	252	10	19	35	57	94	130	174	162	149	245	8	15	29	54	89	126	172	159	145	244	8	14	29	49	81	121	167	154	137	249	8	15	30	48	80	119	166	153	136	250	9	17	33	53	87	125	171	158	143	250	8	15	30	
240	220	202	186	7	13	26	42	68	108	232	213	196	181	8	14	27	43	71	112	229	210	194	179	8	14	27	42	70	111	236	216	199	184	1	11	22	37	59	96	240	220	202	187	4	11	23	38	62	100	230	211	195	180	7	13	26	41	68	108	240	220	202	187	6	13	25	40	65	104	238	217	200	185	4	11	23	38	62	100	241	220	203	187	3	11	23	38	61	99	239	218	201	185	3	11	23	38	61	99	228	209	193	178	8	14	27	42	69	110	242	221	204	188	2	11	22	37	59	97	238	218	200	185	1	11	22	37	59	96	230	211	194	180	2	11	22	37	60	97	228	210	194	179	6	13	25	40	66	105	236	216	199	184	3	11	23	38	61	99	
245	9	17	33	53	87	125	171	158	144	251	8	15	30	56	92	128	173	161	147	250	9	17	33	55	90	127	172	160	146	245	9	16	32	45	75	115	163	150	132	250	9	17	33	47	79	119	166	153	135	248	10	19	34	53	87	125	171	158	143	246	9	16	31	50	83	122	168	156	140	243	8	14	29	47	79	119	166	153	136	250	9	17	32	46	77	117	165	152	134	249	10	18	34	46	78	118	165	152	135	249	10	21	36	54	89	126	172	159	145	246	9	16	32	45	76	116	164	151	132	251	9	17	32	45	75	115	163	150	132	253	10	19	34	45	76	116	164	151	133	252	10	20	36	50	83	123	169	156	140	255	8	14	29	46	77	117	165	152	134	
25	40	66	105	236	216	199	184	3	11	23	38	61	99	240	220	202	187	6	13	25	40	66	105	239	219	201	186	5	12	24	39	64	103	223	205	190	176	6	13	25	40	66	105	227	209	193	178	8	14	27	42	69	109	236	216	199	184	4	12	24	39	62	101	232	213	196	181	1	11	21	37	58	95	228	209	193	178	6	12	25	40	65	104	226	207	192	177	7	13	26	41	68	108	226	208	192	177	8	14	28	43	72	113	238	218	200	185	5	12	24	39	64	102	224	206	190	176	6	12	25	40	65	104	223	205	190	176	8	13	26	42	69	109	225	206	191	176	8	14	28	43	72	112	232	213	196	181	2	11	22	37	59	96	226	207	192	177	6	13	
123	169	156	140	252	8	14	29	46	78	117	165	152	134	244	9	18	34	50	84	123	169	156	141	247	9	15	30	49	81	121	167	155	138	254	10	21	36	51	84	123	169	156	141	246	10	19	35	54	89	126	172	159	145	242	8	15	30	47	79	119	166	153	136	251	9	18	33	44	74	114	162	150	131	251	10	20	35	50	83	122	168	156	140	248	9	18	33	53	87	125	171	158	144	242	9	17	32	57	93	129	174	161	148	244	8	14	29	49	81	121	167	154	137	253	10	20	35	50	82	122	168	155	139	249	10	20	36	53	88	125	171	159	144	244	9	17	33	57	93	129	174	161	148	248	9	15	30	45	75	115	163	150	132	246	11	21	36	50	84	
196	181	2	11	22	37	59	96	226	208	192	177	7	13	26	41	68	108	233	213	197	182	4	11	23	38	61	100	230	211	195	180	8	14	28	43	72	113	233	214	197	182	8	14	27	42	70	110	238	217	200	185	3	11	23	38	61	99	228	209	193	179	7	13	26	41	66	106	222	204	189	175	8	14	27	43	71	111	232	213	196	181	7	13	26	41	66	106	236	216	199	184	6	12	25	40	65	104	241	221	203	187	1	11	21	37	58	95	230	211	195	180	8	14	27	43	71	111	231	212	196	181	8	14	28	43	72	112	237	217	200	184	6	13	25	40	66	105	241	220	203	187	4	11	23	38	62	100	223	205	190	176	8	14	28	44	73	113	232	213	
16	31	45	75	115	163	151	132	246	10	20	36	52	86	125	170	158	143	255	8	14	29	47	78	118	165	152	135	252	10	19	34	57	93	129	174	161	148	247	8	15	30	55	90	127	172	160	145	253	8	14	29	46	78	117	165	152	134	252	10	20	35	51	85	124	170	157	142	249	11	21	36	55	91	127	173	160	146	246	8	15	29	51	85	124	170	157	142	245	8	14	29	50	83	122	168	156	139	253	9	16	31	44	74	114	162	150	131	251	9	18	34	55	91	128	173	160	146	243	9	16	31	56	92	128	173	161	147	246	9	15	31	51	84	123	169	156	141	250	9	16	32	47	78	118	165	153	135	244	10	19	35	57	94	130	174	162	149	251	9	
63	102	224	205	190	176	8	14	28	43	72	113	235	216	199	183	1	11	21	37	58	95	227	208	192	178	8	13	26	42	69	109	241	221	203	188	3	11	23	38	61	99	239	218	201	185	1	11	21	37	58	95	226	208	192	177	8	14	27	43	71	111	234	215	198	182	8	14	28	44	73	113	239	219	201	186	2	11	22	37	60	97	234	215	197	182	1	11	21	37	58	96	231	212	196	181	5	12	24	39	63	101	223	204	189	175	7	13	26	41	67	108	239	219	201	186	4	12	24	39	62	101	240	220	202	187	4	11	23	38	62	100	233	214	197	182	6	12	25	40	65	103	227	208	192	178	8	14	27	42	70	110	242	221	203	188	5	12	24	39	
154	137	247	10	19	35	57	93	129	174	161	148	250	9	16	31	44	74	114	162	150	131	249	11	21	36	53	88	126	171	159	144	242	9	16	31	46	77	117	165	152	134	252	9	17	32	44	74	114	162	150	131	249	10	20	36	55	91	127	173	160	146	245	8	14	29	58	94	130	175	162	149	245	9	16	31	45	76	116	164	151	133	250	10	21	36	44	74	114	163	150	131	251	10	20	36	48	80	120	166	154	137	250	10	19	35	52	86	125	170	158	143	247	8	15	30	47	79	119	166	153	136	252	9	18	33	47	79	118	166	153	135	251	10	20	35	49	82	121	168	155	139	245	9	18	34	54	89	126	172	159	145	249	9	16	32	48	80	120	167	
8	14	27	42	70	110	241	220	203	187	5	12	24	39	64	102	222	204	189	175	8	14	28	44	73	113	237	217	200	184	5	12	24	39	63	101	226	207	192	177	6	12	25	40	65	104	222	204	189	175	8	14	28	43	72	113	239	219	201	186	2	11	22	37	59	97	242	222	204	188	5	12	24	39	63	102	225	206	191	176	8	14	28	44	73	113	223	205	189	175	8	14	28	43	72	112	229	210	194	179	8	14	27	42	70	110	235	216	199	183	3	11	23	38	60	98	228	209	193	178	7	13	26	41	66	106	227	209	193	178	8	14	27	43	71	111	231	212	195	180	7	13	26	41	67	108	238	218	201	185	5	12	24	39	64	102	229	210	194	179	
54	90	127	172	160	145	249	9	15	31	48	81	120	167	154	137	248	10	19	35	57	94	130	174	162	149	246	8	15	30	48	80	120	167	154	137	250	10	20	35	50	83	122	168	156	140	243	9	18	33	57	93	129	174	161	148	247	9	16	31	45	75	115	163	151	132	253	9	17	32	48	80	120	167	154	137	255	9	18	34	57	94	130	174	161	149	252	9	16	32	56	92	128	173	161	147	246	9	17	33	55	90	127	172	160	145	245	9	16	32	46	77	117	164	152	134	250	10	19	34	51	85	124	169	157	142	248	9	17	32	55	91	128	173	160	147	247	8	14	29	52	86	124	170	158	143	250	8	15	30	49	81	121	167	154	138	243	9	18	34	
239	218	201	185	4	11	23	38	62	100	229	211	194	179	8	14	27	42	70	110	242	221	204	188	3	11	22	38	60	98	229	210	194	179	8	14	27	43	71	111	232	213	196	181	7	13	26	41	67	107	241	221	203	187	5	12	24	39	63	102	224	206	190	176	6	12	25	40	65	104	229	210	194	179	7	13	26	41	68	108	241	221	203	188	5	12	24	39	64	103	240	220	202	187	7	13	25	40	66	106	239	218	201	185	5	12	24	39	64	103	226	207	191	177	8	13	26	42	69	109	234	214	197	182	6	12	25	40	65	104	240	219	202	186	1	11	22	37	58	96	235	216	199	183	3	11	23	38	60	98	230	211	195	180	7	13	26	41	68	108	
254	8	15	30	47	79	119	166	153	136	253	9	18	33	54	89	126	172	159	145	243	9	16	31	46	77	116	164	151	134	251	9	18	33	55	91	127	173	160	146	245	9	16	31	52	85	124	170	157	142	248	9	16	32	48	80	120	167	154	137	251	10	19	35	50	82	122	168	156	139	249	10	19	34	52	87	125	170	158	143	243	9	16	31	49	81	121	167	155	138	247	9	18	33	51	84	123	169	157	141	248	8	15	30	49	81	121	167	155	138	254	10	21	36	53	88	126	171	159	144	246	8	14	29	50	83	122	168	156	140	243	8	15	30	44	74	114	163	150	131	254	10	21	36	46	77	117	164	152	134	252	10	20	35	53	87	125	171	158	143	
23	38	61	99	228	209	193	178	7	13	26	41	67	107	238	218	200	185	5	12	24	39	63	102	225	207	191	177	7	13	26	41	67	107	239	219	201	186	4	12	24	39	63	101	234	215	198	183	5	12	24	39	64	103	229	210	194	179	8	14	27	42	70	110	231	212	196	181	8	13	27	42	69	109	236	216	199	183	4	12	24	39	63	101	230	211	195	180	7	13	26	41	67	107	233	214	197	182	3	11	23	38	61	99	230	211	195	180	8	14	28	43	73	113	237	217	200	184	1	11	21	37	58	95	232	213	196	181	3	11	23	38	61	99	223	205	189	175	8	14	28	44	73	113	225	207	191	177	8	14	27	43	71	111	236	216	199	184	3	11	
118	165	152	135	248	9	17	32	52	85	124	170	157	142	245	8	15	30	48	80	120	167	154	137	253	9	17	33	51	85	124	170	157	142	248	8	14	29	48	79	119	166	153	136	249	11	21	36	49	81	121	167	155	138	255	9	17	33	54	89	126	172	159	145	243	9	15	30	54	89	126	172	159	145	247	8	15	30	48	80	119	166	153	136	248	10	19	34	52	86	124	170	158	142	254	8	15	29	46	78	117	165	152	134	252	10	18	34	57	93	129	174	161	148	247	9	16	31	44	74	114	162	150	131	255	11	21	36	46	77	117	165	152	134	252	10	19	35	57	93	129	174	161	148	242	9	18	33	55	91	128	173	160	147	250	8	14	29	46	78	
192	177	6	12	25	40	65	104	234	215	198	183	3	11	22	38	60	98	229	210	194	179	6	13	25	40	66	105	234	215	198	182	1	11	22	37	59	96	228	210	193	179	8	14	28	44	74	114	230	211	195	180	7	13	25	40	66	106	238	218	201	185	4	11	23	38	61	100	238	217	200	185	3	11	22	38	60	98	228	210	193	179	8	13	27	42	69	109	235	215	198	183	2	11	22	37	60	97	226	208	192	177	7	13	26	41	68	108	241	221	203	188	5	12	24	39	64	102	222	204	189	175	8	14	28	44	74	114	226	207	192	177	8	14	27	42	70	110	241	221	203	188	7	13	26	41	66	106	240	219	202	186	1	11	21	37	58	95	226	208	
20	36	50	82	122	168	155	139	242	10	21	36	46	77	117	164	152	134	251	10	20	35	51	84	123	169	156	141	249	10	20	36	45	75	115	163	150	131	253	10	19	35	58	95	130	175	162	149	251	8	15	30	51	84	123	169	157	141	246	8	15	30	47	78	118	165	152	135	248	9	17	33	46	77	117	164	151	134	252	10	20	35	53	88	126	171	159	144	249	9	15	30	45	76	116	164	151	133	245	11	21	36	53	87	125	171	158	143	243	8	14	29	48	81	120	167	154	137	250	10	19	35	58	94	130	175	162	149	250	9	18	34	54	89	126	172	159	145	246	9	16	32	51	84	123	169	157	141	248	9	16	31	44	74	114	162	150	131	246	10	
72	112	231	212	196	181	8	14	28	44	73	113	225	207	191	177	8	14	27	43	71	111	233	214	197	182	8	14	28	43	72	112	223	205	189	175	8	14	27	42	70	110	242	222	204	189	3	11	23	38	61	99	233	214	197	182	2	11	22	37	60	97	227	208	192	178	6	13	25	40	66	105	225	207	191	177	8	14	27	43	71	111	237	217	200	184	4	11	23	38	62	100	224	206	190	176	8	14	28	44	73	114	236	216	199	184	2	11	22	37	59	96	229	211	194	179	8	14	27	42	70	110	242	222	204	188	7	13	26	41	68	108	238	218	201	185	5	12	24	39	64	103	234	214	197	182	4	12	23	39	62	101	222	204	189	175	8	14	28	43	
161	147	250	9	18	33	57	93	130	174	161	148	250	9	17	33	56	91	128	173	160	147	248	8	14	29	56	92	129	174	161	147	244	9	17	33	54	89	126	172	159	145	248	8	15	29	46	77	117	165	152	134	244	10	20	35	45	76	116	164	151	133	249	10	21	36	51	84	123	169	156	141	250	10	20	36	55	90	127	173	160	146	246	8	14	29	47	78	118	165	153	135	243	10	19	35	58	94	130	175	162	149	248	9	16	31	45	75	115	163	150	132	251	9	18	34	55	90	127	172	160	146	243	9	16	32	52	86	125	170	158	143	245	9	16	31	49	81	121	167	155	138	249	8	14	29	47	79	119	166	153	136	244	9	17	32	56	92	129	174	
7	13	26	41	66	106	241	221	203	188	6	13	25	40	65	105	240	219	202	186	2	11	22	37	59	96	240	220	202	187	6	13	25	40	66	105	238	218	201	185	2	11	22	37	60	97	226	207	192	177	8	14	27	43	71	111	225	206	191	176	8	14	28	44	73	113	233	214	197	182	8	14	28	43	72	112	239	219	201	186	2	11	22	37	59	96	227	208	192	178	8	14	27	42	70	110	242	222	204	188	5	12	24	39	63	101	224	205	190	176	7	13	26	41	67	107	239	218	201	185	6	12	25	40	64	103	235	216	199	183	5	12	24	39	63	101	230	211	195	180	2	11	22	37	59	97	228	209	193	178	6	12	25	40	65	104	240	220	202	187	
51	84	123	169	157	141	252	8	14	29	50	83	122	169	156	140	247	9	16	32	45	75	115	163	150	132	245	9	18	34	50	83	123	169	156	140	250	9	16	32	45	76	116	164	151	133	246	10	19	34	56	91	128	173	160	147	248	9	18	34	57	93	130	174	161	148	252	9	16	32	56	92	129	174	161	148	245	9	16	31	45	75	115	163	150	132	253	10	21	36	54	90	127	172	160	145	250	9	16	32	48	80	120	166	154	137	251	10	20	35	52	86	124	170	158	143	245	8	15	30	49	82	121	168	155	139	248	8	15	29	48	80	120	166	154	137	248	9	17	33	45	75	115	163	151	132	253	10	19	34	50	83	122	168	156	140	251	9	18	34	
234	214	197	182	1	11	22	37	59	96	232	213	196	181	5	12	24	39	64	103	224	205	190	176	7	13	26	41	67	107	232	213	196	181	5	12	24	39	64	102	224	206	190	176	8	13	26	42	69	109	240	219	202	186	7	13	26	41	67	107	241	221	203	188	6	12	25	40	64	103	241	220	202	187	5	12	24	39	64	102	224	205	190	176	8	14	28	43	72	113	238	218	201	185	6	12	25	40	64	103	229	210	194	179	8	14	27	43	71	111	235	215	198	183	3	11	23	38	61	99	231	212	195	180	2	11	22	37	60	97	229	210	194	179	7	13	25	40	66	106	224	205	190	176	7	13	26	42	68	109	232	213	196	181	7	13	26	41	67	107	
244	8	15	30	45	75	115	163	150	131	245	10	19	35	49	81	121	167	155	138	250	10	19	34	52	86	124	170	158	143	255	8	15	30	49	81	121	167	154	138	243	9	18	34	53	88	126	171	159	144	250	9	17	32	52	86	124	170	158	143	251	9	16	31	49	82	121	168	155	138	242	8	14	29	48	81	120	167	154	137	250	10	19	34	57	93	129	174	161	148	250	9	17	33	49	82	121	168	155	139	253	9	17	33	55	91	128	173	160	146	246	9	16	31	46	78	118	165	152	135	252	10	19	34	45	76	116	164	151	133	253	10	20	36	51	84	123	169	157	141	251	10	20	35	53	88	125	171	159	144	249	11	21	36	52	86	124	170	158	143	
23	38	61	99	223	205	189	175	8	14	27	42	70	110	230	211	195	180	7	13	26	42	68	108	235	215	198	183	3	11	23	38	61	99	230	211	195	180	7	13	26	41	68	108	237	217	200	184	6	12	25	40	65	104	235	215	198	183	4	12	24	39	63	101	230	212	195	180	1	11	21	37	58	95	229	211	194	179	7	13	26	42	68	108	241	221	203	187	6	13	25	40	66	105	231	212	195	180	7	13	26	41	66	106	240	219	202	186	4	12	24	39	63	101	226	208	192	177	8	13	27	42	69	109	224	206	190	176	8	14	28	43	72	112	233	214	197	182	8	14	27	43	71	112	237	217	200	184	8	14	28	44	73	114	235	215	198	183	3	11	
117	165	152	134	248	10	20	35	54	89	126	172	159	145	254	8	15	30	53	87	125	171	158	144	252	9	16	31	46	78	117	165	152	134	247	10	21	36	52	87	125	170	158	143	253	9	15	31	49	82	122	168	155	139	252	8	14	29	48	79	119	166	153	136	246	10	19	34	44	74	114	163	150	131	253	10	19	35	53	87	125	171	158	144	244	9	17	32	50	84	123	169	156	141	246	8	14	29	51	84	123	169	157	141	244	8	15	29	48	80	119	166	153	136	253	10	20	36	53	88	126	171	159	144	249	9	17	33	56	93	129	174	161	148	250	8	15	30	56	92	128	173	161	147	246	9	17	32	58	94	130	175	162	149	245	9	16	31	46	77	
192	177	8	14	27	43	71	111	238	218	201	185	2	11	22	37	60	98	236	216	199	184	5	12	24	39	63	101	226	208	192	177	8	14	28	44	73	113	236	216	199	183	4	11	23	38	62	100	231	212	196	181	1	11	21	37	58	95	228	210	193	179	8	13	26	42	69	109	223	205	189	175	8	14	27	42	70	110	236	216	199	184	6	12	25	40	65	103	233	213	197	182	1	11	21	37	58	95	233	214	197	182	2	11	22	37	60	97	228	210	193	179	8	14	28	43	72	112	237	217	200	184	6	13	25	40	66	105	241	220	203	187	2	11	22	37	60	98	240	220	202	187	6	12	25	40	65	104	242	222	204	188	4	12	24	39	63	101	226	207	
19	35	55	91	128	173	160	146	251	9	15	31	45	76	116	164	151	133	243	11	21	36	48	80	120	166	154	136	242	10	20	35	57	94	130	174	161	148	250	9	16	31	47	79	119	166	153	136	245	10	20	36	44	74	114	162	149	131	243	10	20	35	53	88	125	171	159	144	251	9	17	33	54	89	127	172	159	145	247	9	15	31	49	82	122	168	155	139	248	8	15	30	44	74	114	162	149	131	249	10	20	36	45	76	116	164	151	133	249	10	19	34	56	93	129	174	161	148	248	8	14	29	51	84	123	169	156	141	244	9	16	31	46	77	116	164	151	133	244	9	18	33	50	82	122	168	155	139	252	8	15	30	48	80	119	166	153	136	255	10	
70	110	240	219	202	186	4	11	23	38	62	100	225	206	191	176	8	14	28	44	74	114	229	210	194	179	8	14	27	43	71	111	241	221	203	188	5	12	24	39	63	102	228	209	193	178	8	14	28	43	72	112	222	204	189	175	8	14	27	43	71	111	237	217	200	184	6	13	25	40	65	105	238	218	201	185	4	11	23	38	62	100	231	212	195	180	3	11	23	38	61	98	222	204	189	175	8	14	28	43	72	112	225	206	191	176	8	13	26	42	69	109	241	220	203	187	1	11	22	37	59	96	233	214	197	182	4	12	24	39	62	101	225	207	191	177	7	13	26	41	67	107	231	212	196	181	2	11	22	37	60	98	228	210	193	179	8	14	27	42	
159	145	249	9	16	31	47	79	119	166	153	135	247	9	18	34	58	95	130	175	162	149	249	9	17	33	55	90	127	172	160	146	249	8	14	29	48	80	120	167	154	137	248	10	20	35	56	93	129	174	161	148	249	9	18	33	55	91	128	173	160	146	254	8	15	30	50	83	122	169	156	140	246	8	15	30	47	79	119	166	153	136	252	9	18	33	46	77	117	165	152	134	254	10	19	34	56	92	128	173	161	147	248	9	18	33	53	88	126	171	159	144	250	9	16	32	45	75	115	163	150	132	246	10	20	35	47	79	119	166	153	136	247	10	19	35	52	86	124	170	157	142	251	9	15	30	46	76	116	164	151	133	247	9	17	33	54	89	126	172	
5	12	24	39	63	102	227	209	193	178	7	13	26	41	67	108	242	222	204	189	7	13	26	41	66	106	239	219	201	186	1	11	21	37	58	95	229	210	194	179	8	14	27	43	71	111	241	220	203	187	7	13	26	41	66	106	240	219	202	186	3	11	23	38	61	99	232	213	196	181	3	11	23	38	61	99	228	209	193	178	7	13	26	41	67	107	226	207	191	177	8	13	27	42	69	109	240	220	202	187	7	13	26	41	67	107	237	217	200	184	5	12	24	39	64	102	223	205	190	176	8	14	27	43	71	111	228	209	193	178	8	14	27	42	69	110	235	215	198	183	4	11	23	38	61	100	225	206	191	176	6	13	25	40	66	105	238	218	200	185	
48	80	120	167	154	137	243	9	17	33	52	86	124	170	158	143	252	9	17	32	51	84	123	169	157	141	248	9	15	31	44	74	114	162	150	131	252	9	18	34	55	90	127	173	160	146	251	8	14	29	51	85	123	169	157	141	247	9	16	31	46	77	117	165	152	134	244	10	20	36	46	78	118	165	152	134	251	11	21	36	52	85	124	170	157	142	249	10	20	35	54	88	126	171	159	144	243	9	15	31	52	85	124	170	157	142	255	8	15	30	49	81	121	167	155	138	245	9	18	34	55	91	128	173	160	146	251	9	17	32	54	89	126	172	159	145	255	9	16	31	47	78	118	165	152	135	243	10	18	34	51	84	123	169	156	141	250	8	14	29	
229	210	194	179	7	13	25	40	66	106	235	216	199	183	6	12	25	40	65	104	233	214	197	182	4	11	23	38	62	100	222	204	189	175	7	13	26	41	68	108	239	219	201	186	2	11	22	37	59	97	234	214	197	182	5	12	24	39	63	102	226	207	191	177	8	14	28	43	72	112	226	208	192	177	8	14	28	44	73	114	234	215	198	183	8	14	27	43	71	111	237	217	200	184	4	11	23	38	62	100	234	215	198	183	3	11	23	38	61	99	230	211	195	180	7	13	26	41	67	108	239	219	201	186	6	13	25	40	65	104	238	218	200	185	5	12	24	39	64	102	227	208	192	178	7	13	26	41	68	108	233	214	197	182	2	11	22	37	59	96	
246	10	21	36	51	84	123	169	157	141	251	10	20	36	50	82	122	168	156	139	246	8	14	29	47	79	119	166	153	135	251	10	19	34	53	87	125	171	158	143	244	8	15	30	45	75	115	163	151	132	246	9	16	32	48	80	120	167	154	137	250	10	19	34	56	93	129	174	161	148	249	9	18	33	58	94	130	175	162	149	244	8	14	29	56	91	128	173	160	147	247	9	16	31	47	79	119	166	153	136	251	9	17	33	46	78	118	165	152	135	242	10	21	36	52	86	124	170	158	143	254	9	15	31	50	83	122	168	156	140	249	8	14	29	48	81	120	167	154	137	247	10	21	36	53	87	125	171	158	143	249	10	20	35	45	75	115	163	150	132	
28	44	73	113	233	214	197	182	8	14	28	43	72	112	231	212	196	181	2	11	22	37	59	96	227	209	193	178	8	14	27	42	69	110	236	216	199	184	3	11	23	38	61	99	224	205	190	176	6	12	25	40	64	103	229	210	194	179	8	13	27	42	69	109	241	220	203	187	7	13	26	41	67	106	242	222	204	188	2	11	22	37	59	96	240	219	202	186	5	12	24	39	63	101	228	209	193	178	6	13	25	40	65	105	227	208	192	177	8	14	28	44	73	113	235	216	199	183	4	11	23	38	62	100	232	213	196	181	1	11	22	37	58	96	229	211	194	180	8	14	28	44	73	113	236	216	199	184	8	14	27	43	71	112	223	205	190	176	8	14	
129	174	161	148	253	9	16	32	56	92	129	173	161	147	244	9	15	30	45	75	115	163	150	132	253	10	20	36	54	89	126	172	159	145	246	9	16	32	46	78	117	165	152	134	249	9	18	33	49	82	121	168	155	138	252	11	21	36	54	88	126	172	159	144	248	8	15	29	51	85	124	170	157	142	247	9	16	31	45	75	115	163	150	132	251	9	17	32	48	80	120	167	154	137	250	11	21	36	50	83	122	168	156	140	246	10	20	35	57	94	130	174	161	148	251	9	16	31	47	79	118	166	153	135	243	11	21	36	44	74	115	163	150	131	245	10	20	35	57	94	130	174	161	148	249	8	14	29	56	92	128	173	160	147	244	9	18	34	57	93	
203	188	6	12	25	40	64	103	240	220	202	187	4	11	23	38	61	100	223	205	190	176	8	14	28	43	72	112	238	217	200	185	6	12	25	39	64	103	226	208	192	177	7	13	26	41	66	106	230	212	195	180	8	14	28	44	73	113	238	217	200	184	2	11	22	37	59	97	234	215	198	182	5	12	24	39	63	102	223	205	190	176	6	12	25	40	65	104	229	210	194	179	8	14	28	44	73	113	232	213	196	181	8	14	27	43	71	111	241	221	203	188	5	12	24	39	63	102	227	209	193	178	8	14	28	44	73	113	223	205	189	175	8	14	27	43	71	111	241	221	203	188	1	11	21	36	58	95	240	219	202	186	7	13	26	41	67	108	241	221	
16	31	49	82	121	168	155	139	247	8	14	29	47	78	118	165	152	135	250	10	19	35	56	93	129	174	161	148	244	9	17	33	49	81	121	168	155	138	251	10	20	36	51	85	124	170	157	142	255	10	19	35	57	94	130	175	162	149	249	9	15	30	45	75	115	163	151	132	253	9	16	32	48	80	120	167	154	137	255	10	19	35	50	83	122	168	156	140	242	9	17	33	57	94	130	174	162	149	245	8	15	30	55	90	127	172	160	146	250	8	14	29	48	80	120	167	154	137	247	10	19	34	57	94	130	174	162	149	252	9	18	34	55	90	127	173	160	146	251	9	15	31	44	74	114	162	149	130	254	9	17	32	52	86	124	170	158	143	252	9	
63	101	231	212	195	180	1	11	21	37	58	95	227	208	192	178	8	14	27	42	70	110	241	220	203	187	6	13	25	40	66	105	230	211	195	180	8	14	28	43	72	112	234	215	198	182	8	14	27	42	70	110	242	222	204	188	4	11	23	38	61	100	224	206	190	176	6	12	25	40	65	103	229	210	194	179	8	14	27	42	70	110	232	213	196	181	7	13	25	41	66	106	242	221	203	188	3	11	23	38	61	99	239	219	201	186	1	11	21	37	58	95	229	210	194	179	7	13	26	42	68	109	242	221	204	188	7	13	26	41	67	107	239	219	201	186	4	11	23	38	62	100	222	204	189	175	6	12	25	40	65	104	235	216	199	183	4	12	24	39	
153	136	244	9	18	33	44	74	114	162	150	131	248	9	18	34	54	90	127	172	160	145	246	9	16	32	51	84	123	169	156	141	254	8	15	30	56	92	129	173	161	147	247	9	17	32	54	90	127	172	160	145	242	8	15	29	47	78	118	165	152	135	245	9	17	33	49	82	121	168	155	139	249	10	19	34	55	90	127	172	160	146	246	9	16	31	51	84	123	169	157	141	253	8	14	29	46	77	117	165	152	134	252	9	16	32	44	74	114	163	150	131	247	10	19	35	53	87	125	171	159	144	250	8	14	29	52	86	124	170	158	142	250	8	15	30	47	79	119	166	153	136	246	9	17	33	50	82	122	168	155	139	250	8	15	30	47	79	119	166	
7	13	26	41	67	107	222	204	189	175	7	13	26	41	68	108	239	218	201	185	6	12	25	40	65	103	233	214	197	182	2	11	22	37	60	98	240	220	202	187	6	13	25	40	65	104	239	218	201	185	2	11	22	37	60	97	227	208	192	178	6	13	25	40	66	105	231	212	195	180	7	13	26	42	68	109	239	218	201	185	4	12	23	39	62	101	233	214	197	182	1	11	22	37	59	96	226	207	191	177	5	12	24	39	64	103	223	205	189	175	8	14	27	42	70	110	237	217	200	184	2	11	22	37	59	97	235	215	198	183	3	11	23	38	61	99	228	209	193	178	6	13	25	40	66	105	231	212	196	181	3	11	22	38	60	98	228	209	193	179	
52	85	124	170	157	142	249	10	20	35	53	87	125	171	158	143	255	9	16	31	49	82	121	168	155	139	250	9	15	30	46	76	116	164	151	133	243	10	19	34	50	83	122	168	156	140	245	9	16	31	45	76	116	164	151	133	247	9	17	32	51	84	123	169	156	141	250	10	20	35	53	87	125	171	159	144	243	8	15	30	47	79	119	166	153	136	250	10	20	36	45	75	115	163	150	131	249	9	18	34	49	81	121	167	155	138	244	10	19	34	54	89	126	172	159	145	253	8	15	30	45	75	115	163	151	132	245	9	16	32	46	78	117	165	152	134	242	9	17	32	51	84	123	169	157	141	249	10	20	36	46	77	117	164	152	134	249	10	19	35	
234	215	198	183	8	14	27	43	71	111	236	216	199	184	5	12	24	39	63	101	231	212	195	180	3	11	23	38	61	99	225	207	191	176	7	13	26	42	68	108	232	213	196	181	4	12	24	39	62	101	224	206	191	176	6	12	25	40	65	104	233	214	197	182	8	14	27	43	71	111	237	217	200	184	3	11	23	38	61	99	228	209	193	178	8	14	28	43	72	112	223	205	189	175	7	13	26	41	67	108	230	211	195	180	8	13	26	42	69	109	238	218	201	185	3	11	23	38	60	98	224	206	190	176	6	12	25	39	64	103	226	208	192	177	6	12	25	40	65	104	233	214	197	182	8	14	28	43	72	112	225	207	191	177	8	14	27	42	70	110	
248	8	15	29	56	91	128	173	160	147	251	8	15	30	48	80	120	166	154	137	249	9	18	33	47	78	118	165	152	135	247	11	21	36	53	87	125	171	158	144	250	8	14	29	47	79	119	166	153	136	250	9	18	34	50	82	122	168	156	139	253	10	19	34	56	91	128	173	160	147	246	8	14	29	46	77	117	165	152	134	248	9	18	34	56	92	129	174	161	147	248	10	19	34	52	86	124	170	158	143	247	10	20	35	53	88	125	171	159	144	251	9	16	31	46	77	117	165	152	134	246	10	20	35	49	82	121	168	155	138	248	10	20	36	50	83	122	168	156	140	253	10	19	35	56	93	129	174	161	148	243	9	17	33	54	90	127	172	160	145	
22	37	59	97	240	219	202	186	3	11	23	38	61	99	229	210	194	179	7	13	26	41	67	107	227	208	192	178	8	14	28	44	73	113	236	216	199	184	1	11	22	37	59	96	228	209	193	178	7	13	26	41	67	108	231	212	196	181	8	13	26	42	69	109	240	219	202	186	1	11	21	37	58	95	226	207	192	177	7	13	26	41	68	108	240	220	202	187	7	13	26	42	68	109	235	216	199	183	8	14	28	43	72	112	237	217	200	184	4	12	24	39	62	101	226	207	191	177	8	14	27	43	71	111	230	211	195	180	8	14	28	43	72	112	232	213	196	181	8	14	27	42	70	110	241	220	203	187	6	13	25	40	66	105	239	218	201	185	2	11	
116	164	151	133	252	9	17	32	46	78	118	165	152	135	243	10	21	36	52	85	124	170	157	142	243	10	20	35	57	94	130	174	162	149	251	9	16	31	45	75	115	163	150	132	252	10	21	36	52	86	124	170	158	143	252	10	20	35	53	88	125	171	159	144	243	9	16	31	44	74	114	162	150	131	252	10	21	36	52	87	125	171	158	143	252	8	15	29	53	87	125	171	158	144	244	9	15	31	56	92	128	173	161	147	253	8	15	30	47	79	119	166	153	136	245	10	20	36	55	90	127	172	160	146	249	9	18	33	56	92	129	174	161	148	251	9	18	34	54	90	127	172	160	145	245	9	15	30	50	83	123	169	156	140	247	9	15	30	45	76	
190	176	6	12	25	40	65	104	226	208	192	177	8	14	28	44	73	113	234	215	198	183	8	14	27	43	70	111	242	221	204	188	5	12	24	39	63	101	223	205	190	175	8	14	28	43	72	113	235	216	199	183	8	14	28	43	72	112	237	217	200	184	4	12	24	39	63	101	222	204	189	175	8	14	28	43	72	113	236	216	199	183	2	11	22	37	59	97	236	216	199	184	4	11	23	38	62	100	240	220	202	187	2	11	22	37	60	98	228	209	193	178	8	14	28	43	72	112	239	219	201	186	7	13	26	41	66	106	241	220	202	187	7	13	26	41	68	108	239	218	201	185	4	11	23	38	62	100	232	213	196	181	3	11	23	38	61	100	224	206	
21	36	50	82	122	168	155	139	245	10	19	34	57	94	130	174	161	149	247	8	15	29	55	90	127	172	160	146	252	8	14	29	48	80	120	166	154	136	246	9	18	33	57	93	129	174	161	148	248	8	15	30	56	92	128	173	161	147	247	8	14	29	48	80	119	166	153	136	249	10	19	34	57	93	129	174	161	148	250	9	16	32	45	76	116	164	151	133	246	9	16	32	47	79	118	166	153	135	250	9	18	33	45	76	116	164	151	133	247	9	17	33	56	92	129	173	161	147	251	9	17	32	51	85	123	169	157	142	254	8	15	30	52	86	125	170	158	143	247	8	15	29	47	78	118	165	153	135	252	10	20	35	47	78	118	165	152	135	254	11	
73	113	231	212	196	181	8	13	26	42	69	109	241	221	203	188	2	11	22	37	59	97	239	219	201	186	1	11	21	37	58	95	229	210	194	179	7	13	26	41	67	107	241	221	203	188	3	11	22	38	60	98	240	220	202	187	1	11	22	37	59	96	228	210	194	179	8	13	27	42	69	109	241	221	203	187	5	12	24	39	64	102	224	206	190	176	6	12	25	40	64	103	227	209	193	178	7	13	26	41	66	106	225	206	191	176	6	13	25	40	65	105	240	220	202	187	6	12	25	40	65	104	234	214	197	182	2	11	22	37	60	98	236	216	199	183	2	11	22	37	59	97	227	208	193	178	8	14	27	43	71	111	227	208	192	178	8	14	28	44	
162	149	242	9	17	33	53	88	125	171	159	144	248	9	16	32	45	75	115	163	151	132	252	9	17	33	44	74	114	162	149	131	245	9	17	33	52	85	124	170	157	142	249	9	16	32	46	77	117	164	152	134	244	9	17	33	45	75	115	163	150	132	249	10	21	36	54	89	126	172	159	145	245	9	15	31	49	81	121	167	154	137	244	10	20	35	49	82	121	168	155	139	254	10	21	36	51	84	123	169	157	141	243	9	17	32	50	83	122	169	156	140	250	9	18	33	50	83	122	168	156	140	248	9	16	31	45	76	116	164	151	133	244	9	16	32	45	76	116	164	151	132	250	10	19	34	55	91	128	173	160	146	250	9	16	32	57	94	130	175	
7	13	26	41	66	106	237	217	200	184	5	12	24	39	64	102	224	206	190	176	7	13	25	41	66	106	222	204	189	175	6	13	25	40	65	105	235	215	198	183	6	12	25	40	64	103	225	207	191	177	7	13	25	41	66	106	223	205	190	176	8	14	28	44	73	113	238	217	200	185	4	11	23	38	62	100	230	211	195	180	8	14	27	43	71	111	231	212	195	180	8	14	28	44	73	113	233	214	197	182	6	12	25	40	65	103	232	213	196	181	7	13	26	41	67	107	231	212	196	181	4	12	24	39	62	101	225	206	191	176	5	12	24	39	64	103	224	206	190	176	8	13	26	42	69	109	239	219	202	186	5	12	24	39	64	103	242	222	204	188	
51	84	123	169	157	141	250	8	14	29	48	81	120	167	154	137	251	10	20	35	51	84	123	169	157	141	246	9	17	32	50	83	122	169	156	140	254	10	20	35	49	82	121	168	155	139	247	10	19	35	51	84	123	169	157	141	251	9	16	31	57	94	130	174	162	149	254	8	15	30	47	79	118	166	153	135	248	10	19	34	55	91	128	173	160	146	251	9	17	33	57	93	129	174	161	148	247	8	14	29	49	82	121	168	155	139	252	11	21	36	51	85	124	170	157	142	242	8	15	30	47	79	119	166	153	136	246	10	19	35	49	81	121	167	155	138	252	11	21	36	53	88	125	171	159	144	248	8	14	29	49	81	121	167	155	138	246	9	18	34	
233	214	197	182	1	11	22	37	59	96	230	211	194	180	8	14	27	43	71	111	233	214	197	182	6	12	25	40	65	103	232	213	196	181	8	14	27	43	71	112	231	212	195	180	8	14	27	42	69	110	233	214	197	182	5	12	24	39	63	102	241	221	203	188	2	11	22	37	60	97	227	209	193	178	8	13	26	42	69	109	240	219	202	186	6	13	25	40	66	105	241	221	203	188	2	11	22	37	59	97	231	212	195	180	8	14	28	44	73	114	234	215	198	183	3	11	23	38	61	99	228	209	193	179	8	14	27	42	70	110	230	211	195	180	8	14	28	44	73	114	237	217	200	184	1	11	22	37	59	96	230	211	195	180	7	13	26	41	68	108	
251	9	16	31	45	74	115	163	150	131	253	10	19	35	55	91	127	173	160	146	244	9	15	30	49	82	122	168	155	139	249	10	19	34	56	92	128	173	160	147	242	8	15	29	54	89	126	172	159	145	254	9	15	31	48	80	120	167	154	137	244	9	18	34	45	76	116	164	151	133	250	9	18	33	53	88	125	171	159	144	253	8	15	30	50	84	123	169	156	141	243	9	16	31	45	75	115	163	151	132	251	10	19	35	58	94	130	175	162	149	247	8	14	29	46	78	117	165	152	134	252	10	21	36	54	89	126	172	159	145	251	9	17	33	58	94	130	175	162	149	243	9	16	31	45	75	115	163	150	131	244	9	17	33	53	87	125	171	158	143	
23	39	62	101	223	205	189	175	8	14	27	42	69	110	239	219	201	186	4	11	23	38	62	100	231	212	195	180	8	13	26	42	69	109	240	220	202	186	2	11	22	37	60	97	238	218	200	185	4	11	23	38	62	100	229	210	194	179	7	13	26	41	68	108	225	206	191	176	7	13	26	41	66	106	237	217	200	184	3	11	22	38	60	98	232	213	197	182	5	12	24	39	63	102	224	206	190	176	8	14	27	42	70	110	242	222	204	188	1	11	21	36	58	95	226	208	192	177	8	14	28	44	73	113	238	218	200	185	6	13	25	40	65	105	242	222	204	188	5	12	24	39	63	102	223	205	189	175	6	13	25	40	66	105	236	216	199	183	4	12	
119	166	153	136	247	10	20	36	54	89	126	172	159	145	246	8	15	30	47	78	118	165	153	135	250	10	20	36	53	88	126	171	159	144	248	9	16	31	45	76	116	164	151	133	251	9	17	33	47	79	118	166	153	135	246	10	20	35	53	87	125	171	158	143	248	9	17	32	51	85	123	169	157	142	243	9	16	31	46	77	117	164	151	134	246	10	19	35	48	80	120	167	154	137	249	9	18	34	54	89	126	172	159	145	245	9	16	31	44	74	114	162	149	131	255	10	19	35	57	93	129	174	161	148	250	8	14	29	50	83	122	169	156	140	247	8	15	30	48	80	120	167	154	137	255	9	18	33	51	84	123	169	156	141	251	8	15	30	47	79	
193	178	8	14	28	43	72	112	238	218	200	185	2	11	22	37	60	98	227	208	192	178	8	14	28	43	72	112	237	217	200	184	4	12	23	39	62	101	224	206	191	176	6	13	25	40	66	105	227	209	193	178	8	14	27	43	71	111	236	216	199	184	6	12	25	40	65	104	234	214	197	182	5	12	24	39	63	102	225	207	191	177	8	14	27	42	70	110	229	211	194	179	7	13	26	41	68	108	238	218	201	185	4	12	24	39	63	101	222	204	189	175	8	14	27	42	70	110	241	221	203	188	1	11	22	37	59	96	232	213	196	181	3	11	23	38	61	99	229	210	194	179	7	13	26	41	67	107	233	214	197	182	3	11	22	38	60	98	228	209	
20	35	56	93	129	174	161	148	244	9	16	31	46	77	116	164	151	133	254	9	18	34	56	92	128	173	161	147	253	8	15	30	47	79	119	166	153	136	250	10	19	35	50	84	123	169	156	141	244	11	21	36	55	91	127	173	160	146	252	9	17	33	50	82	122	168	155	139	246	10	20	36	48	80	120	167	154	137	250	11	21	36	54	89	126	172	159	145	249	8	14	29	52	86	125	170	158	143	246	8	15	30	48	79	119	166	153	136	250	9	18	34	54	89	127	172	160	145	248	9	16	32	45	75	115	163	150	132	243	10	20	35	46	78	118	165	152	135	249	10	19	35	51	85	124	170	157	142	249	10	21	36	46	77	117	164	152	134	244	10	
70	111	241	220	203	187	5	12	24	39	63	101	225	207	191	177	7	13	26	41	67	108	240	220	202	187	3	11	22	38	60	98	228	209	193	178	8	14	27	42	70	110	233	213	197	182	8	14	28	44	74	114	239	219	201	186	6	13	25	40	66	105	231	212	196	181	8	14	28	43	72	112	229	210	194	179	8	14	28	44	74	114	238	218	201	185	1	11	21	37	58	95	236	216	199	183	3	11	23	38	61	99	228	210	193	179	7	13	26	41	68	108	238	218	201	185	5	12	24	39	64	102	223	205	190	176	8	14	27	43	71	112	227	208	192	177	8	14	27	42	70	110	234	215	198	182	8	14	28	44	73	113	225	207	191	177	8	14	27	43	
160	146	252	8	15	29	48	80	120	166	154	136	251	9	17	32	52	86	124	170	158	143	248	9	16	31	46	77	116	164	151	134	244	10	21	36	54	90	127	172	160	145	246	9	16	32	58	94	130	175	162	149	249	8	14	29	50	84	123	169	156	140	250	8	15	30	56	92	128	173	161	147	253	9	17	33	58	94	130	175	162	149	248	9	16	31	44	74	114	162	150	131	252	10	20	36	46	78	118	165	152	135	253	10	20	35	52	87	125	170	158	143	244	9	16	31	49	81	121	167	154	138	245	10	19	34	56	92	128	173	161	147	248	9	18	33	54	90	127	172	160	145	245	9	15	31	57	93	129	174	161	148	246	10	19	34	55	90	127	172	
2	11	22	37	60	97	229	210	194	179	6	12	25	40	65	104	235	216	198	183	4	12	24	39	63	101	225	207	191	177	8	14	28	44	73	113	238	218	201	185	5	12	24	39	64	103	242	222	204	188	1	11	21	37	58	95	232	213	196	182	3	11	23	38	61	99	240	220	202	187	7	13	25	40	66	106	242	222	204	188	4	12	23	38	62	101	222	204	189	175	8	14	28	43	72	112	227	208	192	177	8	14	27	43	71	111	236	216	199	183	5	12	24	39	63	102	230	211	195	180	7	13	26	42	68	108	240	220	202	186	7	13	26	41	67	107	238	218	201	185	4	11	23	38	62	100	241	221	203	188	7	13	26	42	68	109	239	219	201	186	
45	76	116	164	151	133	249	9	17	33	50	82	122	168	156	139	248	11	21	36	48	80	119	166	153	136	246	10	19	34	57	93	129	174	161	148	252	8	14	29	49	81	121	167	155	138	249	8	15	30	44	74	114	162	150	131	248	9	16	32	46	77	117	165	152	134	249	10	19	34	51	84	123	169	157	141	247	8	14	29	47	79	119	166	153	136	251	9	18	33	56	92	129	174	161	147	248	9	17	33	55	91	128	173	160	146	247	8	15	30	48	80	120	167	154	137	249	10	20	36	53	87	125	171	158	144	254	8	15	30	52	85	124	170	157	142	253	8	14	29	47	79	119	166	153	136	252	9	17	33	53	87	125	171	159	144	253	9	17	33	
225	206	191	176	7	13	25	40	66	106	231	212	196	181	8	14	28	44	74	114	228	210	194	179	7	13	26	42	68	108	241	221	203	188	2	11	22	37	59	96	230	211	195	180	3	11	23	38	61	99	222	204	189	175	5	12	24	39	64	103	226	207	192	177	7	13	26	42	68	109	233	214	197	182	2	11	22	37	59	96	228	209	193	178	7	13	26	41	67	107	240	220	202	187	7	13	25	40	66	106	239	219	201	186	2	11	22	37	60	97	229	210	194	179	8	14	28	43	72	112	236	216	199	184	3	11	23	38	60	98	234	215	198	183	1	11	21	36	58	95	228	209	193	178	6	13	25	40	66	105	237	217	200	184	6	13	25	40	66	105	
248	9	16	32	51	84	123	169	157	141	246	10	19	35	58	95	130	175	162	149	242	9	18	33	53	87	125	171	158	144	250	9	16	32	45	75	115	163	150	132	248	9	18	33	46	77	117	165	152	134	252	9	18	34	49	81	121	167	155	138	243	10	20	36	53	87	125	171	159	144	244	9	16	31	45	75	115	163	150	132	252	9	17	32	52	86	124	170	158	142	244	9	17	32	51	84	123	169	157	141	243	9	16	31	45	76	116	164	151	133	252	10	19	34	56	92	129	174	161	147	251	9	15	31	46	77	117	165	152	134	250	9	16	32	44	74	114	162	149	130	250	10	20	36	50	84	123	169	156	140	248	8	14	29	50	83	123	169	156	140	
25	40	64	103	233	214	197	182	8	14	27	42	70	110	242	222	204	189	7	13	26	41	66	106	236	216	199	184	5	12	24	39	64	102	223	205	190	176	7	13	26	41	67	107	226	207	192	177	7	13	26	41	67	108	230	211	195	180	8	14	28	43	72	112	237	217	200	184	4	12	24	39	62	101	224	205	190	176	6	13	25	40	65	104	235	215	198	183	6	12	25	40	65	104	233	214	197	182	5	12	24	39	63	102	225	206	191	176	8	13	27	42	69	109	241	220	202	187	4	11	23	38	62	100	226	207	191	177	6	12	25	40	65	103	222	204	189	175	8	14	28	43	72	112	232	213	197	182	2	11	22	37	59	96	232	213	196	181	6	12	
121	168	155	139	245	10	20	35	54	89	127	172	160	145	252	8	14	29	51	84	123	169	157	141	252	8	14	29	49	81	121	167	154	138	245	10	19	34	52	86	124	170	158	142	253	10	20	35	52	86	124	170	158	143	246	10	19	35	56	93	129	174	161	148	252	8	14	29	47	79	119	166	153	136	250	10	20	35	50	83	122	168	156	140	245	10	20	35	50	82	122	168	155	139	250	8	15	30	48	80	120	167	154	137	251	10	21	36	54	88	126	171	159	144	246	8	15	30	47	79	118	166	153	135	244	9	18	33	49	82	121	168	155	139	244	10	19	34	56	93	129	174	161	148	242	8	15	30	45	75	115	163	150	132	249	9	16	31	49	82	
195	180	8	14	27	43	71	111	238	218	201	185	2	11	22	37	59	96	233	214	197	182	1	11	21	37	58	95	230	211	195	180	8	13	27	42	69	109	235	215	198	183	8	14	28	43	72	112	235	216	199	183	8	14	27	42	70	110	241	220	203	187	1	11	22	37	59	96	228	209	193	178	8	14	27	43	71	111	232	213	196	181	8	14	27	43	71	111	231	212	196	181	3	11	22	38	60	98	229	210	194	179	8	14	28	43	72	113	237	217	200	184	3	11	23	38	61	99	227	209	193	178	7	13	26	41	66	106	231	212	195	180	8	13	26	42	69	109	241	220	203	187	3	11	23	38	61	99	223	205	190	176	5	12	24	39	63	102	231	212	
21	36	55	91	128	173	160	146	255	9	15	30	45	75	115	163	151	132	250	9	16	32	44	74	114	163	150	131	247	10	19	35	53	88	126	171	159	144	250	9	16	31	56	92	128	173	161	147	243	9	17	32	55	90	127	172	160	146	255	9	16	31	45	75	115	163	150	131	248	9	17	33	56	91	128	173	160	147	242	9	18	34	55	91	128	173	160	146	255	9	16	31	46	77	117	164	151	134	252	10	19	34	57	93	129	174	161	148	244	9	16	32	46	77	117	165	152	134	248	10	19	35	51	85	123	169	157	141	247	10	21	36	53	88	125	171	159	144	248	9	16	31	46	78	118	165	152	135	250	10	20	35	48	80	120	167	154	137	243	10	
73	113	240	219	202	186	3	11	23	38	61	99	224	205	190	176	5	12	24	39	64	103	223	205	189	175	8	14	27	42	70	110	237	217	200	184	4	12	23	39	62	101	240	220	202	187	6	12	25	40	65	104	239	218	201	185	5	12	24	39	63	101	223	205	189	175	6	13	25	40	66	105	240	219	202	186	7	13	26	41	68	108	240	219	202	186	4	12	24	39	63	101	225	207	191	177	7	13	26	42	68	109	241	221	203	187	5	12	24	39	64	103	226	207	191	177	8	14	27	42	70	110	234	214	197	182	8	14	28	44	73	113	237	217	200	184	5	12	24	39	64	102	226	208	192	177	8	14	27	43	71	111	229	211	194	179	8	14	28	44	
162	149	251	8	14	29	47	78	118	165	152	135	243	9	17	33	49	81	121	167	155	138	245	10	20	35	55	90	127	172	160	146	255	8	15	30	47	79	119	166	153	136	247	9	18	33	50	83	122	168	156	140	250	8	15	30	48	80	120	166	154	137	245	9	18	33	51	84	123	169	156	141	254	8	15	30	52	86	125	170	158	143	249	8	15	30	48	80	119	166	153	136	248	11	21	36	53	88	125	171	159	144	245	8	14	29	49	81	121	167	155	138	253	9	18	34	54	89	126	172	159	145	252	9	17	32	57	94	130	174	162	149	252	8	15	30	48	81	120	167	154	137	254	9	18	34	56	91	128	173	160	147	246	9	18	34	57	94	130	174	
1	11	21	37	58	95	227	208	192	178	6	13	25	40	65	105	230	211	195	180	8	14	27	43	71	112	239	218	201	185	3	11	23	38	60	98	228	209	193	178	7	13	26	41	66	106	232	213	196	181	3	11	22	37	60	98	229	210	194	179	7	13	26	41	66	106	233	214	197	182	3	11	23	38	61	99	236	216	199	183	2	11	22	37	60	98	228	210	194	179	8	14	28	44	73	113	237	217	200	184	2	11	22	37	59	96	230	211	195	180	7	13	26	41	67	107	238	218	201	185	6	12	25	40	65	104	241	221	203	188	2	11	22	37	60	98	229	211	194	179	7	13	26	41	68	108	240	219	202	186	7	13	26	41	67	107	241	221	203	188	
44	74	114	162	149	131	247	9	18	33	50	83	122	168	156	140	249	10	19	34	56	92	128	173	160	147	250	9	16	31	46	77	117	164	152	134	243	11	21	36	51	84	123	169	157	141	251	9	16	31	46	77	116	164	151	133	247	10	19	34	51	85	124	169	157	142	250	11	21	36	46	78	118	165	152	135	248	9	17	32	45	76	116	164	151	133	249	10	19	34	57	94	130	174	162	149	246	9	16	32	45	75	115	163	150	132	249	10	20	35	52	86	124	170	158	143	242	8	14	29	50	82	122	168	155	139	249	9	15	31	46	77	116	164	151	133	247	10	20	35	53	87	125	171	158	143	247	9	17	32	52	86	124	170	158	143	253	9	16	31	
222	204	189	175	7	13	26	41	67	107	232	213	196	181	8	13	27	42	69	109	240	220	202	186	4	12	24	39	63	101	226	207	191	177	8	14	28	44	73	113	233	214	197	182	5	12	24	39	63	102	225	207	191	177	8	13	27	42	69	109	234	214	197	182	8	14	28	44	73	113	226	208	192	177	6	12	25	40	65	104	225	206	191	176	8	13	27	42	69	109	242	221	203	188	5	12	24	39	64	102	223	205	190	176	8	14	27	43	71	111	235	215	198	183	1	11	21	37	58	95	231	212	196	181	4	11	23	38	62	100	225	207	191	177	8	14	27	43	71	111	236	216	199	184	6	12	25	40	65	103	235	215	198	183	4	12	24	39	63	101	
247	10	19	34	52	85	124	170	157	142	250	10	20	36	54	88	126	171	159	144	253	8	15	30	47	79	119	166	153	136	247	9	17	33	57	94	130	174	162	149	252	8	14	29	48	80	120	167	154	137	246	10	21	36	53	88	126	171	159	144	251	8	15	29	57	94	130	174	162	149	244	10	19	34	50	82	122	168	155	139	252	10	21	36	54	88	126	172	159	144	244	8	14	29	48	81	120	167	154	137	250	10	19	35	55	90	127	172	160	146	247	9	16	31	44	74	114	162	150	131	250	10	20	35	47	79	119	166	153	136	246	10	19	35	55	91	128	173	160	146	244	8	14	29	49	82	122	168	155	139	252	8	15	29	48	80	119	166	153	136	
26	42	69	109	234	215	198	183	8	14	28	43	72	112	237	217	200	184	2	11	22	37	60	98	228	209	193	179	7	13	25	40	66	106	242	221	203	188	1	11	21	37	58	95	229	210	194	179	8	14	28	44	73	113	237	217	200	184	2	11	22	37	60	97	242	221	203	188	7	13	26	42	68	109	231	212	196	181	8	14	28	43	72	113	238	217	200	185	1	11	21	37	58	95	230	211	194	180	8	14	27	42	70	110	239	219	201	186	5	12	24	39	63	101	223	204	189	175	8	14	27	43	71	111	228	209	193	178	8	14	27	42	70	110	240	219	202	186	2	11	22	37	59	96	231	212	195	181	2	11	22	37	60	97	228	210	193	179	8	13	
125	171	159	144	251	9	16	32	56	93	129	174	161	148	246	9	15	30	46	76	116	164	151	133	243	9	18	33	51	84	123	169	157	141	251	9	16	32	44	74	114	162	150	131	244	10	19	35	57	93	129	174	161	148	252	9	16	31	45	76	116	164	151	133	247	9	17	32	53	88	125	171	159	144	250	8	14	29	57	93	129	174	161	148	246	9	15	30	44	74	114	163	150	131	253	9	18	33	54	89	126	172	159	145	254	8	15	30	48	80	120	166	154	136	251	11	21	36	55	91	128	173	160	146	245	9	18	33	54	89	126	172	159	145	250	9	16	31	45	75	115	163	151	132	251	11	21	36	45	76	116	164	151	133	245	10	19	35	53	88	
200	184	5	12	24	39	64	103	241	220	203	187	4	11	23	38	62	100	225	206	191	176	7	13	26	41	67	107	233	214	197	182	6	12	25	40	65	103	222	204	189	175	8	14	27	42	70	110	241	221	203	188	4	12	24	39	62	101	224	206	190	176	6	12	25	40	65	104	237	217	200	184	1	11	22	37	59	96	241	221	203	188	4	11	23	38	62	100	223	205	189	175	7	13	26	41	66	106	238	218	200	185	3	11	23	38	61	99	229	210	194	179	8	14	28	44	73	114	239	219	202	186	7	13	26	41	67	107	238	218	201	185	5	12	24	39	63	101	224	205	190	176	8	14	28	44	73	114	224	206	191	176	8	14	27	42	70	110	237	217	
15	30	49	81	121	167	155	138	245	8	15	29	47	79	118	165	153	135	248	10	21	36	52	86	124	170	158	142	252	10	20	36	49	82	121	168	155	139	246	9	18	34	54	90	127	172	160	145	254	8	15	29	47	79	119	166	153	136	242	10	20	35	50	82	122	168	155	139	253	9	15	31	45	75	115	163	150	132	243	9	18	33	47	78	118	165	153	135	251	9	17	33	51	85	124	170	157	142	243	9	15	31	46	78	118	165	152	134	250	9	18	34	58	94	130	175	162	149	247	9	16	32	52	85	124	170	157	142	255	8	14	29	48	80	120	166	154	136	253	9	17	33	58	94	130	175	162	149	243	9	17	33	54	90	127	172	160	145	250	8	
60	98	230	211	195	180	2	11	22	37	59	97	227	209	193	178	8	14	28	44	73	113	235	215	198	183	8	14	28	43	72	112	231	212	195	180	7	13	26	41	68	108	239	218	201	185	2	11	22	37	60	97	228	209	193	178	8	14	27	43	71	112	231	212	196	181	4	11	23	38	62	100	223	205	190	176	7	13	26	41	67	107	227	208	192	178	6	13	25	40	66	105	234	215	198	182	4	11	23	38	62	100	226	208	192	177	7	13	26	41	68	108	242	222	204	188	6	12	25	40	64	103	234	215	198	183	1	11	22	37	59	96	229	210	194	179	7	13	25	41	66	106	242	222	204	188	6	13	25	40	66	105	239	218	201	185	3	11	22	38	
151	134	242	10	20	35	45	76	116	163	151	132	252	10	19	34	57	93	130	174	161	148	251	9	17	32	56	92	129	174	161	148	245	8	15	29	52	87	125	170	158	143	250	9	15	30	45	76	116	164	151	133	245	9	18	33	56	92	128	173	161	147	249	9	18	34	47	79	119	166	153	136	247	10	20	36	51	85	124	170	157	142	253	9	16	32	50	83	123	169	156	140	247	10	20	35	47	79	119	166	153	136	249	10	21	36	53	87	125	171	158	143	244	8	15	29	49	82	121	168	155	138	250	9	15	30	45	75	115	163	150	131	243	9	17	32	51	84	123	169	157	141	246	9	15	30	50	84	123	169	156	141	248	9	15	31	46	77	117	164	
8	14	27	43	71	111	224	206	190	176	8	13	26	42	69	109	241	221	203	188	6	13	25	40	65	104	241	220	202	187	2	11	22	37	59	97	236	216	199	183	4	11	23	38	62	100	225	206	191	176	7	13	26	41	67	107	240	220	202	187	7	13	26	41	68	108	228	209	193	178	8	14	28	43	72	112	234	215	198	183	5	12	24	39	64	103	232	213	196	181	8	14	28	43	72	112	228	209	193	178	8	14	28	43	73	113	236	216	199	183	2	11	22	37	59	97	230	212	195	180	4	11	23	38	61	100	223	205	190	175	6	12	25	40	65	104	233	214	197	182	3	11	23	38	61	100	233	213	197	182	4	11	23	38	62	100	225	207	191	177	
55	91	128	173	160	146	253	9	18	33	53	88	125	171	159	144	249	9	16	32	50	83	122	168	156	140	247	9	15	31	45	75	115	163	151	132	249	10	20	35	47	78	118	165	153	135	248	9	17	33	51	85	124	170	157	142	248	9	17	32	53	87	125	171	158	143	245	9	17	33	56	92	128	173	161	147	251	9	16	31	49	81	121	167	155	138	245	10	19	34	56	92	128	173	161	147	252	9	17	32	57	93	129	174	161	148	246	9	16	32	45	76	116	164	151	133	253	9	18	33	47	78	118	165	152	135	247	10	21	36	50	82	122	168	156	139	249	10	20	36	47	78	118	165	152	135	249	10	19	35	47	79	118	166	153	135	251	10	21	36	
239	219	202	186	7	13	26	41	66	106	237	217	200	184	6	12	25	40	64	103	232	213	196	181	4	11	23	38	62	100	224	206	190	176	8	14	27	43	71	111	227	209	193	178	6	13	25	40	65	105	234	215	198	182	6	12	25	40	65	104	236	216	199	184	6	13	25	40	66	105	240	220	202	187	5	12	24	39	63	101	230	211	195	180	8	13	27	42	69	109	240	220	202	187	6	12	25	40	65	104	241	221	203	188	5	12	24	39	64	102	224	206	190	176	7	13	26	41	66	106	227	208	192	178	8	14	28	44	73	113	231	212	196	181	8	14	28	43	72	112	227	208	192	178	8	14	27	42	70	110	227	209	193	178	8	14	28	43	72	113	
248	9	17	32	51	85	123	169	157	142	248	9	16	31	49	82	121	168	155	139	244	8	14	29	47	79	119	166	153	136	253	10	19	34	55	91	128	173	160	147	253	9	17	32	50	83	123	169	156	140	249	10	19	35	50	83	122	168	156	139	253	8	14	29	50	84	123	169	156	141	251	8	15	30	48	80	120	166	154	137	247	10	20	35	54	88	126	171	159	144	250	8	15	29	50	82	122	168	155	139	246	8	14	29	49	81	121	167	155	138	251	10	20	35	51	85	123	169	157	142	243	10	19	35	57	93	129	174	161	148	251	9	18	34	56	92	128	173	161	147	252	9	18	34	55	90	127	172	160	146	255	9	16	32	57	93	129	174	161	148	
