120
120
244	143	20	5	1	2	26	138	227	253	245	145	19	5	1	2	24	136	229	252	243	144	20	5	1	3	25	139	228	252	244	143	20	5	1	2	26	137	229	253	243	144	19	5	1	2	25	136	228	252	245	145	20	5	1	2	26	138	227	252	244	144	19	5	1	2	25	136	230	253	244	143	20	5	1	2	25	138	229	252	243	144	20	5	1	2	26	137	228	252	245	145	19	5	1	2	25	139	230	253	244	142	20	5	1	2	25	137	228	252	243	144	19	5	1	2	24	138	230	252	
170	130	88	31	9	17	65	108	151	201	167	131	86	29	8	17	64	112	149	200	169	129	91	29	9	17	64	108	150	198	170	130	85	30	8	17	66	113	149	200	167	132	88	29	9	17	65	108	151	200	169	129	85	30	8	17	64	110	149	198	170	130	89	29	9	17	67	108	150	200	168	131	85	30	8	17	65	111	151	198	167	130	88	28	9	17	63	109	149	201	170	130	90	31	9	17	64	107	151	198	169	131	89	29	9	17	65	111	150	201	167	130	85	30	8	17	66	110	149	199	
21	57	97	158	192	182	124	71	34	6	22	56	94	161	191	181	120	69	34	7	21	56	99	160	193	182	122	68	35	7	21	58	93	158	191	182	124	71	34	7	22	57	96	159	192	180	121	69	35	7	20	56	94	160	193	182	119	71	34	7	22	58	97	158	191	181	123	69	34	7	21	57	94	159	194	180	120	68	35	7	22	56	92	158	191	182	122	71	34	7	21	56	97	160	193	180	121	69	33	7	21	57	95	159	192	182	122	68	35	7	22	58	94	160	191	181	119	70	35	7	
3	40	179	239	254	220	163	50	2	1	3	39	177	239	254	218	162	51	2	1	3	41	180	239	254	222	163	50	2	1	3	39	179	238	254	219	162	49	2	1	3	41	177	238	254	221	162	49	2	1	3	39	178	238	254	220	163	50	2	1	3	40	179	239	254	221	161	50	2	1	3	39	177	238	254	218	163	49	2	1	3	41	178	239	254	222	161	51	2	1	3	40	177	238	254	219	163	49	2	1	3	39	179	239	254	221	161	49	2	1	3	41	178	238	254	222	162	49	2	1	
1	11	203	246	255	249	215	14	1	1	1	10	205	246	255	251	217	15	1	1	1	10	202	247	255	250	215	14	1	1	1	10	204	245	255	250	218	14	1	1	1	10	203	247	255	251	217	14	1	1	1	9	204	246	255	250	215	15	1	1	1	11	203	247	255	250	216	14	1	1	1	10	202	246	255	251	217	14	1	1	1	10	204	247	255	250	214	14	1	1	1	11	203	247	255	250	216	15	1	1	1	10	203	246	255	250	215	14	1	1	1	9	205	247	255	250	217	15	1	1	
3	27	139	233	253	241	146	18	4	1	3	27	141	231	253	239	147	19	4	1	3	28	142	232	253	242	146	18	5	1	3	27	141	234	253	241	148	18	4	1	3	27	139	231	253	240	146	18	5	1	3	27	141	233	253	242	147	18	4	1	3	27	140	231	253	241	148	19	4	1	3	28	142	233	253	239	146	18	4	1	3	28	139	232	253	242	148	18	4	1	3	27	141	233	253	240	146	18	4	1	3	27	140	231	253	241	147	18	4	1	3	28	141	234	253	242	147	17	5	1	
16	62	115	153	197	171	133	80	33	7	15	59	117	152	196	172	134	82	31	8	16	61	114	155	195	171	135	84	33	8	15	60	119	152	196	171	133	81	31	8	16	62	117	153	197	173	134	78	33	7	16	60	114	152	196	171	135	84	32	8	15	61	115	154	195	170	132	79	31	7	16	62	118	152	196	173	136	82	32	8	16	59	113	153	197	171	134	80	33	8	16	62	116	154	194	172	132	82	31	8	15	60	114	154	196	172	135	78	32	7	16	59	117	152	194	172	134	84	31	8	
185	128	73	38	6	24	51	100	157	190	183	125	76	36	6	23	54	106	155	189	185	127	73	38	6	22	52	104	156	187	183	125	77	36	6	23	54	100	157	188	185	127	73	38	6	22	52	102	156	187	186	125	77	37	6	24	53	105	155	190	185	128	74	38	6	22	54	99	157	187	183	125	77	37	6	23	52	103	156	188	185	127	75	36	6	22	54	100	155	188	184	126	73	38	6	24	53	104	157	190	186	124	77	37	6	22	52	101	156	188	183	126	75	36	6	23	54	104	155	187	
226	165	46	2	1	4	43	173	235	254	224	164	45	2	1	4	44	176	236	254	226	165	47	2	1	4	42	174	234	254	223	166	45	2	1	4	45	175	237	254	225	166	47	2	1	4	44	176	235	254	224	166	46	2	1	4	42	175	236	254	223	165	47	2	1	4	43	174	237	254	224	165	46	2	1	4	44	176	236	254	226	166	46	2	1	4	42	175	234	254	223	165	47	2	1	4	43	174	237	254	225	165	45	2	1	4	42	176	235	254	224	167	47	2	1	4	44	175	236	254	
251	213	12	2	1	1	11	210	248	255	252	212	13	2	1	1	12	208	249	255	251	210	12	1	1	1	11	206	248	255	252	213	13	2	1	1	11	207	249	255	251	210	12	2	1	1	11	209	248	255	252	212	13	1	1	1	12	206	249	254	251	213	12	1	1	1	11	208	248	255	252	211	13	2	1	1	12	206	249	254	251	210	12	2	1	1	11	208	248	255	252	213	12	2	1	1	12	207	249	255	251	212	13	1	1	1	11	208	249	255	251	211	13	2	1	1	12	206	249	254	
244	144	20	5	1	2	25	138	228	252	243	143	20	5	1	2	25	137	230	253	244	145	19	5	1	2	26	138	228	252	245	144	19	5	1	2	24	136	227	252	244	143	20	5	1	2	26	139	230	253	243	144	20	5	1	2	25	137	228	252	245	142	20	5	1	2	24	138	227	252	243	145	19	5	1	2	26	139	229	253	244	143	19	5	1	2	24	137	228	252	244	144	20	5	1	2	25	136	226	252	243	144	20	5	1	2	25	139	229	253	245	145	19	5	1	2	26	136	227	252	
168	128	86	29	9	17	63	109	149	200	169	130	89	30	9	17	67	106	150	199	168	132	87	30	9	17	63	111	151	201	167	130	90	29	9	17	65	107	150	199	169	128	87	30	9	17	63	109	149	199	168	132	91	29	9	17	66	112	151	201	167	131	86	31	9	17	63	109	149	199	169	129	90	29	9	17	65	106	150	201	169	132	87	30	9	17	66	112	150	199	168	129	85	29	8	17	66	109	150	200	168	130	88	30	9	17	63	108	148	199	169	132	91	29	9	17	65	111	151	199	
21	55	92	159	191	180	120	68	35	7	22	58	97	159	193	183	122	70	35	6	20	55	92	158	190	180	121	72	33	7	22	57	95	160	193	182	119	67	35	7	21	55	97	159	194	181	123	70	34	6	21	57	95	158	190	182	122	68	35	7	22	55	92	160	192	180	120	71	34	6	21	57	98	160	190	183	123	69	34	7	21	58	95	159	192	181	120	68	35	7	22	57	93	158	193	182	124	70	35	7	21	55	97	161	190	183	120	71	34	6	21	57	95	158	194	181	122	69	34	7	
3	41	177	238	254	221	161	48	2	1	3	40	178	238	254	220	163	50	2	1	3	39	178	238	254	219	162	48	2	1	3	41	177	239	254	222	161	51	2	1	3	39	179	238	254	219	163	48	2	1	3	40	178	239	254	222	161	50	2	1	3	41	177	238	254	219	163	48	2	1	3	40	179	239	254	221	162	50	2	1	3	39	179	238	254	219	163	48	2	1	3	41	178	239	254	221	162	50	2	1	3	40	177	238	254	220	162	51	2	1	3	39	180	239	254	219	163	50	2	1	
1	10	204	245	255	250	218	14	1	1	1	10	202	247	255	250	214	14	1	1	1	10	203	246	255	251	216	15	1	1	1	11	205	247	255	250	216	14	1	1	1	10	203	248	255	250	214	14	1	1	1	10	202	246	255	251	217	14	1	1	1	10	205	245	255	250	217	15	1	1	1	10	203	247	255	250	215	13	1	1	1	10	202	246	255	251	217	14	1	1	1	10	204	247	255	250	218	14	1	1	1	10	203	246	255	251	216	14	1	1	1	10	202	247	255	250	214	14	1	1	
3	26	142	231	253	241	148	18	4	1	3	28	140	234	253	242	146	18	4	1	3	26	139	233	253	240	147	19	4	1	3	27	141	231	253	241	145	18	4	1	3	28	142	233	253	242	147	18	4	1	3	28	140	234	254	240	148	18	4	1	3	26	141	232	253	242	146	17	5	1	3	27	140	231	253	241	147	18	4	1	3	27	142	234	254	240	145	18	4	1	3	28	140	231	253	241	147	19	5	1	3	26	142	233	253	242	148	18	4	1	3	27	140	232	253	240	145	18	4	1	
16	60	118	152	195	173	136	82	31	8	16	61	114	154	198	171	134	80	32	8	16	62	116	153	196	173	132	79	32	7	16	60	116	154	194	172	136	83	32	8	15	59	113	152	196	170	133	81	31	8	17	62	118	154	194	172	134	80	33	7	16	59	117	152	198	172	134	83	32	8	15	61	114	154	194	171	134	80	31	8	16	60	117	153	196	172	133	84	32	8	15	61	118	152	196	171	135	79	33	7	16	59	116	153	197	173	133	82	31	8	15	62	113	154	196	170	133	80	32	8	
184	126	77	37	6	22	53	103	155	187	186	127	74	38	6	23	55	102	156	188	184	124	78	37	6	24	53	99	157	190	186	126	74	37	6	23	51	105	155	187	184	125	76	37	5	24	54	103	156	189	183	127	75	36	6	23	52	101	158	188	185	125	73	37	6	24	53	104	155	188	186	127	76	37	6	23	53	105	157	189	184	125	74	38	6	24	54	102	157	187	185	128	77	36	6	23	51	99	155	189	184	127	74	37	5	24	55	106	158	187	186	125	75	38	6	23	52	100	157	189	
223	166	45	2	1	4	44	175	237	254	225	166	48	2	1	4	42	174	235	254	224	166	45	2	1	4	43	175	236	254	225	164	46	2	1	4	43	176	235	254	223	165	48	2	1	4	41	174	237	254	226	164	46	2	1	4	44	175	236	254	225	167	45	2	1	4	43	176	235	254	223	164	48	2	1	3	42	174	237	254	224	166	45	2	1	4	43	175	236	254	226	164	47	2	1	4	44	176	235	254	222	166	46	2	1	4	43	174	237	254	224	164	47	2	1	4	42	176	235	254	
251	210	13	2	1	1	11	207	249	255	251	214	12	1	1	1	11	205	248	255	252	212	13	2	1	1	12	209	249	255	251	211	12	1	1	1	11	208	248	254	252	212	13	2	1	1	11	206	249	255	251	213	13	2	1	1	11	208	248	255	252	210	13	2	1	1	12	209	249	255	251	212	12	1	1	1	11	207	248	255	252	214	13	2	1	1	11	206	249	255	251	211	13	1	1	1	11	209	248	255	252	212	12	2	1	1	12	206	248	254	252	213	13	1	1	1	11	208	249	255	
243	143	19	5	1	2	26	137	230	252	245	144	20	5	1	2	24	139	227	252	244	142	20	5	1	2	25	137	229	253	243	143	20	5	1	2	25	138	230	253	244	145	19	5	1	2	25	137	227	252	245	143	20	5	1	2	24	138	229	253	243	144	19	5	1	3	26	137	230	252	244	144	20	5	1	2	25	136	227	253	245	143	19	5	1	2	25	138	230	253	243	145	20	5	1	2	26	138	229	252	245	143	19	5	1	2	25	137	227	253	244	144	20	5	1	3	24	138	229	253	
169	131	90	29	9	17	66	112	151	198	167	130	85	29	8	17	64	110	150	200	170	129	88	30	9	17	66	108	149	198	168	131	86	29	8	17	64	110	151	200	168	131	89	28	9	17	66	112	150	201	169	130	87	30	9	17	64	107	149	198	170	129	89	29	9	17	66	110	151	200	168	131	86	29	8	17	64	112	149	198	168	130	91	30	9	17	63	108	151	200	169	131	89	29	9	17	65	110	149	201	170	130	86	28	9	17	67	112	150	198	167	129	87	30	9	17	64	107	149	201	
22	58	96	160	192	181	121	72	33	6	21	56	93	159	194	181	119	68	34	7	22	58	96	160	192	182	123	70	34	7	21	56	98	159	191	181	121	69	36	6	22	58	92	158	191	183	120	72	34	7	21	56	96	161	192	180	122	70	34	7	21	58	98	159	193	182	121	68	36	7	22	56	93	158	193	181	119	72	35	6	21	55	96	160	191	182	123	70	33	7	21	57	98	160	192	181	120	68	35	6	22	58	93	158	193	180	121	70	33	7	21	56	98	159	192	182	123	67	36	7	
3	39	178	239	254	219	162	51	2	1	3	41	179	239	254	221	163	49	2	1	3	40	178	238	254	220	161	50	2	1	3	39	179	238	254	218	164	49	2	1	3	40	178	239	254	221	161	51	2	1	3	41	177	237	254	219	162	49	2	1	3	39	180	238	254	220	164	51	2	1	3	40	178	238	254	222	162	49	2	1	3	41	177	239	254	220	161	51	2	1	3	39	179	238	254	218	163	49	2	1	3	40	179	239	254	222	161	48	2	1	3	41	177	238	254	220	163	49	2	1	
1	10	202	247	255	251	215	13	1	1	1	9	204	246	255	250	216	14	1	1	1	10	205	247	255	250	218	14	1	1	1	10	202	246	255	251	215	13	1	1	1	10	204	246	255	250	218	15	1	1	1	10	205	247	255	250	216	14	1	1	1	10	202	247	255	250	214	14	1	1	1	9	204	246	255	250	218	14	1	1	1	10	205	247	255	249	216	15	1	1	1	10	202	246	255	251	214	14	1	1	1	10	205	248	255	250	217	13	1	1	1	10	204	246	255	250	217	15	1	1	
3	28	140	234	253	240	147	18	4	1	3	27	142	232	254	241	147	18	5	1	3	28	141	231	253	242	148	18	4	1	3	27	140	234	253	239	147	17	4	1	3	26	140	232	253	241	146	19	4	1	3	27	142	231	253	242	146	18	5	1	3	28	139	233	253	240	147	18	4	1	3	27	141	234	253	241	148	19	4	1	3	28	140	231	253	242	147	18	5	1	3	27	141	233	253	240	146	17	4	1	3	28	140	234	254	241	147	19	4	1	3	27	141	232	253	242	148	18	5	1	
16	61	114	154	197	172	133	78	32	7	15	60	116	152	194	171	135	83	31	8	16	59	118	153	195	172	134	81	33	8	15	62	115	152	197	171	133	79	31	7	16	61	118	154	195	173	135	82	32	8	15	60	116	153	197	171	133	81	32	8	16	62	113	154	196	171	135	78	31	7	16	60	119	152	195	173	132	83	33	8	15	63	115	155	197	171	135	79	32	7	16	59	114	154	195	173	134	81	31	8	16	61	117	152	196	171	135	83	32	8	15	60	118	153	194	172	134	81	33	8	
185	127	73	37	6	23	53	105	157	188	184	125	75	36	6	23	52	101	155	189	185	127	72	37	5	23	54	105	156	187	184	128	75	38	6	24	53	102	157	189	186	126	77	36	6	22	52	99	155	188	185	124	72	38	6	23	54	106	156	187	184	128	78	36	6	23	52	102	157	189	184	124	73	38	6	24	55	100	155	187	186	127	76	36	6	23	52	103	156	189	183	126	72	38	6	23	54	105	157	187	185	124	76	38	6	23	52	101	155	189	184	127	78	36	6	24	54	103	156	188	
224	165	47	2	1	3	42	175	235	254	222	164	46	2	1	4	43	176	236	254	226	165	47	2	1	4	44	174	237	254	223	167	46	2	1	3	42	175	236	254	225	165	45	2	1	4	44	176	234	254	224	166	47	2	1	4	43	174	237	254	222	165	46	2	1	4	42	175	236	254	226	166	45	2	1	4	44	176	235	254	225	165	47	2	1	4	43	173	237	254	223	167	46	2	1	4	42	174	236	254	225	165	48	2	1	3	43	176	234	254	226	166	45	2	1	4	44	174	237	254	
252	213	13	1	1	1	11	207	248	255	252	210	13	2	1	1	11	209	249	254	251	211	12	1	1	1	11	208	248	255	252	213	13	2	1	1	11	206	249	255	252	210	13	1	1	1	12	209	248	255	251	211	12	1	1	1	11	207	249	255	251	213	13	2	1	1	11	206	248	255	252	211	13	2	1	1	11	208	249	254	251	212	12	1	1	1	12	209	248	255	252	213	13	2	1	1	11	206	249	254	251	210	13	1	1	1	11	208	249	255	251	211	12	2	1	1	12	209	248	255	
245	145	20	5	1	2	25	138	228	253	243	143	19	5	1	2	26	136	229	253	244	144	19	5	1	2	25	137	227	252	245	145	20	5	1	2	26	138	228	252	243	142	20	5	1	2	25	137	229	253	244	145	19	5	1	2	25	136	226	252	245	144	20	5	1	2	25	139	228	253	244	143	19	5	1	2	26	137	229	252	243	145	20	5	1	2	25	137	227	252	245	142	19	5	1	2	24	138	228	253	243	144	20	5	1	2	26	137	230	252	244	143	19	5	1	2	25	136	227	252	
170	129	86	30	9	17	63	107	149	199	169	131	89	30	9	17	65	109	151	201	168	132	91	29	9	17	63	112	150	199	170	130	88	31	9	17	66	107	149	198	169	129	85	30	8	17	64	109	151	199	167	131	91	29	9	17	66	111	150	200	169	132	85	30	8	17	63	108	148	201	167	128	89	30	9	17	67	109	151	200	170	131	88	29	9	17	65	111	149	199	167	129	84	30	8	17	64	106	150	199	169	132	90	31	9	17	64	109	151	201	168	130	89	29	9	17	66	111	150	200	
21	55	94	158	193	182	122	70	34	7	21	57	98	160	190	181	124	69	35	7	22	56	92	158	192	180	120	71	34	6	21	57	95	159	193	182	122	68	35	7	21	56	97	160	193	180	123	70	33	7	22	57	93	158	190	181	120	68	35	6	21	56	95	159	192	182	124	71	33	7	21	59	97	160	191	181	122	67	34	7	22	57	92	158	194	180	120	69	35	6	21	56	94	159	190	183	122	72	34	7	20	56	96	160	192	181	123	68	35	7	22	58	92	159	191	181	119	71	34	7	
3	41	178	238	254	222	164	49	2	1	3	39	177	237	254	219	161	51	2	1	3	40	179	239	254	222	163	48	2	1	3	41	177	239	254	221	162	50	2	1	3	39	178	238	254	219	163	49	2	1	3	40	179	239	254	221	162	50	2	1	3	41	177	239	254	222	161	49	2	1	3	39	178	238	254	219	163	50	2	1	3	40	179	237	254	221	162	49	2	1	3	41	177	239	254	222	162	51	2	1	3	39	178	238	254	219	163	50	2	1	3	40	179	239	254	221	162	49	2	1	
1	11	205	247	255	250	217	14	1	1	1	10	202	246	255	250	216	15	1	1	1	10	203	245	255	251	214	14	1	1	1	10	204	247	255	250	217	15	1	1	1	10	202	246	255	250	215	14	1	1	1	10	203	246	255	251	216	13	1	1	1	10	204	247	255	250	217	15	1	1	1	11	202	246	255	251	215	14	1	1	1	10	203	245	255	250	216	13	1	1	1	10	204	247	255	250	217	14	1	1	1	10	202	246	255	250	215	15	1	1	1	10	203	246	255	251	216	14	1	1	
3	27	141	231	253	242	146	18	4	1	3	28	140	232	253	240	148	19	4	1	3	27	139	233	253	241	146	18	4	1	3	28	142	231	253	242	147	18	5	1	3	28	141	232	253	241	148	18	4	1	3	27	140	233	253	240	147	18	4	1	3	27	141	231	253	242	145	18	4	1	3	28	142	232	253	241	147	18	4	1	3	26	141	233	253	240	146	18	4	1	3	27	139	232	253	242	148	18	4	1	3	27	142	231	253	240	146	18	4	1	3	28	139	233	253	241	147	19	4	1	
15	59	117	152	195	170	135	84	32	8	16	62	115	154	196	173	133	79	33	7	15	60	113	154	197	171	134	82	31	8	16	59	117	153	194	172	135	84	32	8	15	61	114	152	197	170	133	79	33	7	16	60	115	154	196	172	136	84	31	8	16	59	117	152	195	173	133	82	33	8	15	61	114	153	197	170	134	80	32	7	16	59	116	153	194	172	134	82	31	8	16	60	117	152	196	170	133	84	33	8	15	62	114	154	195	172	134	79	32	7	16	60	115	153	197	173	133	82	31	8	
183	124	76	38	5	22	54	99	156	187	186	128	77	38	6	24	53	104	157	189	183	126	76	36	6	23	52	100	155	188	185	124	74	37	6	23	54	102	156	189	185	127	75	38	6	23	53	104	157	186	183	127	77	37	6	24	51	100	155	190	186	125	75	37	5	23	54	102	156	187	185	126	74	38	6	22	52	104	157	188	184	128	78	37	6	24	53	100	156	190	185	125	75	36	5	22	54	102	156	188	186	128	73	37	6	23	53	104	157	187	185	126	74	37	6	23	51	102	156	190	
225	167	47	2	1	4	44	175	236	254	226	166	46	2	1	4	43	174	237	254	223	164	45	2	1	4	42	176	235	254	224	165	47	2	1	4	44	174	236	254	226	166	46	2	1	4	42	175	237	254	224	164	45	2	1	3	43	176	235	254	226	165	47	2	1	4	44	174	236	254	224	164	46	2	1	4	42	175	237	254	223	166	45	2	1	3	43	176	235	254	226	165	47	2	1	4	44	175	237	254	224	166	45	2	1	4	42	174	236	254	223	164	46	2	1	4	43	176	235	254	
251	211	12	2	1	1	11	208	249	255	251	213	12	1	1	1	12	206	248	255	252	212	13	2	1	1	11	207	249	254	251	211	12	1	1	1	12	208	249	255	251	213	12	2	1	1	11	206	248	255	252	210	13	2	1	1	11	207	248	254	252	212	12	1	1	1	12	209	249	255	251	213	13	1	1	1	11	206	248	255	252	210	13	2	1	1	11	207	249	255	252	211	12	1	1	1	11	209	248	255	251	213	12	2	1	1	12	207	248	255	252	212	13	1	1	1	11	206	249	254	
243	142	19	5	1	2	25	137	227	252	244	145	20	5	1	2	24	138	229	252	245	143	20	5	1	2	26	139	230	253	243	144	19	5	1	2	24	136	227	253	245	143	19	5	1	2	25	138	228	252	244	144	20	5	1	2	26	139	230	253	243	142	19	5	1	2	25	137	228	252	245	145	20	5	1	2	24	138	228	253	244	143	19	5	1	2	26	139	230	252	243	144	20	5	1	2	25	136	228	252	244	145	19	5	1	2	25	139	228	253	245	144	20	5	1	2	25	138	229	253	
169	131	91	28	9	17	65	111	151	200	167	129	87	29	9	17	67	110	149	198	169	131	85	30	8	17	65	108	150	200	167	128	89	29	9	17	63	111	151	201	168	132	90	29	9	17	67	107	149	200	170	129	86	30	9	17	63	110	151	198	168	130	88	29	9	17	65	112	150	200	169	130	90	29	9	17	64	107	149	198	169	132	86	30	9	17	63	109	150	201	168	130	91	29	9	17	66	112	151	198	170	129	88	29	9	17	65	110	149	200	168	132	85	30	8	17	64	108	150	198	
21	57	95	160	191	180	120	68	35	6	22	58	94	158	193	183	121	71	33	7	21	57	97	160	191	182	123	67	35	7	21	55	93	160	191	181	119	70	34	6	22	58	95	159	192	182	121	68	35	7	21	55	98	159	194	183	122	71	34	7	21	57	93	160	191	180	119	69	35	6	22	56	94	158	193	182	121	70	35	7	21	55	97	161	191	183	123	71	33	7	22	58	95	159	193	180	119	67	35	7	22	57	94	158	191	182	121	71	34	6	21	56	97	160	193	183	123	69	34	7	
3	39	179	238	254	220	161	50	2	1	3	41	179	239	254	221	162	49	2	1	3	40	177	238	254	219	163	50	2	1	3	39	179	238	254	220	162	51	2	1	3	41	179	239	254	222	161	49	2	1	3	39	178	238	254	219	163	48	2	1	3	40	178	238	254	220	162	51	2	1	3	41	179	239	254	221	161	48	2	1	3	39	177	239	254	219	163	50	2	1	3	40	180	238	254	220	162	49	2	1	3	41	178	238	254	221	161	48	2	1	3	40	177	239	254	218	163	51	2	1	
1	10	203	246	255	251	214	14	1	1	1	10	204	247	255	250	218	13	1	1	1	10	202	247	255	250	217	14	1	1	1	10	203	246	255	251	215	14	1	1	1	10	205	247	255	249	217	14	1	1	1	10	202	247	255	250	217	14	1	1	1	10	203	246	255	250	215	14	1	1	1	10	205	247	255	250	216	14	1	1	1	10	203	247	255	250	218	14	1	1	1	9	203	246	255	251	214	14	1	1	1	10	205	247	255	250	218	14	1	1	1	10	203	247	255	250	216	14	1	1	
3	28	142	233	253	239	148	18	4	1	3	26	140	234	253	242	146	18	5	1	3	27	142	232	253	241	148	18	4	1	3	27	141	233	254	240	146	19	4	1	3	26	139	234	253	242	146	18	4	1	3	28	142	231	253	240	147	17	4	1	3	27	140	234	253	241	148	19	4	1	3	27	139	233	253	242	146	18	5	1	3	28	141	231	253	239	148	18	4	1	3	28	142	234	253	241	146	18	4	1	3	27	140	233	253	242	148	18	5	1	3	26	141	231	253	240	146	17	4	1	
16	62	113	154	197	173	132	81	31	8	17	59	118	153	195	172	135	83	32	8	16	61	117	152	196	171	136	78	33	7	15	62	114	153	195	173	133	80	32	8	16	59	117	154	196	172	134	82	31	8	15	62	118	152	194	171	132	79	32	7	16	61	115	153	197	171	134	81	31	8	15	60	116	154	195	172	135	84	32	8	16	61	118	152	196	173	132	79	32	7	15	62	113	154	198	172	136	81	31	8	16	59	119	153	196	171	133	83	32	8	15	61	116	152	194	171	135	80	33	7	
186	127	73	37	6	24	52	103	155	189	184	125	75	36	6	23	53	100	156	187	185	126	73	38	6	22	54	103	158	190	186	127	78	36	6	24	52	105	156	187	184	125	73	37	6	23	55	101	155	189	186	126	76	36	6	22	54	103	157	187	185	127	73	38	6	23	52	105	156	189	183	126	76	36	6	24	53	99	155	188	186	124	73	37	6	23	54	106	158	187	184	127	75	38	6	23	52	103	155	189	183	125	77	38	6	24	53	99	156	188	185	126	76	36	6	23	55	105	157	187	
223	165	45	2	1	4	42	176	235	254	224	164	47	2	1	3	44	173	236	254	225	166	48	2	1	4	43	175	237	254	224	166	45	2	1	4	42	176	235	254	223	165	47	2	1	4	43	174	236	254	225	166	47	2	1	4	44	173	237	254	223	167	45	2	1	4	42	176	234	254	224	165	48	2	1	4	43	175	235	254	225	164	47	2	1	4	44	174	237	254	223	167	45	2	1	4	42	176	235	254	224	164	46	2	1	4	45	174	236	254	225	166	48	2	1	4	43	175	237	254	
251	210	13	1	1	1	11	206	248	255	252	212	13	2	1	1	11	208	249	255	251	214	12	1	1	1	12	209	248	255	251	210	13	2	1	1	11	207	248	254	252	212	12	2	1	1	11	208	249	255	251	214	13	1	1	1	12	209	249	255	251	211	13	2	1	1	11	205	248	254	252	210	12	2	1	1	11	210	249	255	251	214	12	1	1	1	12	208	249	255	251	212	13	2	1	1	11	206	248	254	252	210	13	2	1	1	11	209	249	255	251	214	12	2	1	1	12	208	249	255	
245	144	20	5	1	2	26	139	230	252	243	143	19	5	1	2	25	136	228	253	244	145	19	5	1	2	25	137	227	252	244	143	20	5	1	3	25	138	230	253	244	145	20	5	1	2	26	137	229	252	243	143	19	5	1	2	24	137	227	253	245	144	20	5	1	2	25	138	230	252	243	143	20	5	1	2	26	136	227	252	244	144	20	5	1	2	25	137	229	253	245	143	19	5	1	3	25	138	230	253	244	143	20	5	1	2	26	136	226	252	243	145	19	5	1	2	24	137	229	253	
168	130	86	30	8	17	64	110	150	199	170	132	88	30	9	17	63	112	151	201	168	129	90	29	9	17	65	106	148	199	169	131	86	30	9	17	66	110	150	198	169	130	87	30	9	17	64	113	151	200	167	130	90	29	9	17	65	108	149	201	170	132	87	30	9	17	66	106	150	199	168	129	85	29	8	17	64	112	151	200	168	131	90	30	9	17	67	110	149	199	169	129	85	30	8	17	65	107	150	201	167	131	87	29	9	17	63	113	151	199	169	128	90	29	9	17	67	107	149	201	
21	56	98	159	193	182	123	72	34	7	21	55	91	161	191	180	120	68	35	7	22	57	95	159	194	181	121	70	36	7	21	58	99	158	193	183	123	72	34	7	21	56	94	160	191	180	121	69	33	7	22	57	92	158	192	181	120	67	35	6	20	58	98	159	193	182	123	72	34	7	21	56	96	160	190	181	121	68	35	7	22	58	93	159	192	181	121	70	34	6	21	57	99	158	191	182	123	69	35	7	21	55	92	160	193	180	120	70	33	7	22	58	96	158	191	181	122	67	36	6	
3	39	177	239	254	220	162	48	2	1	3	40	178	238	254	220	163	51	2	1	3	41	180	238	254	221	161	49	2	1	3	38	178	239	254	220	163	48	2	1	3	40	177	238	254	220	164	50	2	1	3	41	180	238	254	221	161	51	2	1	3	40	177	239	254	219	163	49	2	1	3	39	178	238	254	220	163	50	2	1	3	41	179	238	254	222	161	51	2	1	3	40	178	239	254	219	164	49	2	1	3	39	177	238	254	220	163	51	2	1	3	41	179	238	254	222	161	50	2	1	
1	10	201	247	255	250	217	15	1	1	1	10	204	246	255	251	215	14	1	1	1	10	205	246	255	250	215	14	1	1	1	10	203	247	255	250	218	14	1	1	1	10	202	245	255	251	216	15	1	1	1	10	205	246	255	250	214	14	1	1	1	10	204	247	255	250	218	14	1	1	1	10	202	246	255	251	215	15	1	1	1	10	205	246	255	250	216	13	1	1	1	10	202	247	255	250	217	15	1	1	1	10	204	245	255	251	216	14	1	1	1	10	205	246	255	250	215	13	1	1	
3	27	139	232	254	242	146	18	4	1	3	27	141	231	253	241	147	18	4	1	3	28	140	234	253	240	146	19	5	1	3	27	140	232	253	242	148	18	4	1	3	28	141	232	253	240	147	18	4	1	3	27	140	233	253	242	146	19	5	1	3	26	141	232	253	241	147	18	4	1	3	28	141	232	254	240	148	18	4	1	3	27	140	233	253	242	145	19	5	1	3	26	140	231	253	241	147	18	4	1	3	27	141	232	253	240	146	19	4	1	3	28	140	234	253	241	147	18	5	1	
15	60	117	152	195	172	134	79	33	7	15	61	114	153	197	171	133	81	32	8	16	59	115	154	195	172	133	83	31	8	16	60	119	152	198	170	134	81	33	8	15	61	115	153	195	172	135	80	32	8	16	59	113	154	196	173	135	83	31	8	15	60	118	153	195	172	133	81	32	8	17	62	114	152	197	170	134	80	33	8	15	59	116	154	195	172	135	83	31	8	16	60	117	152	194	171	134	79	32	7	15	61	116	153	197	173	134	81	33	8	16	60	115	154	196	170	135	83	31	8	
184	125	78	36	6	22	54	101	157	186	186	126	74	38	6	23	51	106	156	189	184	128	76	37	6	24	53	102	155	187	183	124	74	38	5	23	54	99	157	188	186	128	77	37	6	23	52	105	157	189	184	126	74	38	6	24	53	101	156	188	184	124	77	36	6	23	54	102	155	187	185	128	74	38	6	23	52	103	157	189	184	127	77	37	5	24	53	102	156	188	185	125	74	36	6	23	54	101	157	187	186	127	73	37	6	22	52	104	156	189	184	128	75	38	5	24	53	100	155	188	
226	165	47	2	1	4	44	174	237	254	225	167	45	2	1	4	42	176	235	254	223	165	46	2	1	4	43	175	236	254	226	164	47	2	1	4	44	174	237	254	225	167	45	2	1	4	43	175	235	254	223	165	46	2	1	4	42	176	236	254	225	164	47	2	1	4	44	175	237	254	226	166	45	2	1	4	42	174	236	254	224	166	46	2	1	3	43	176	235	254	225	165	47	2	1	4	43	174	237	254	226	165	45	2	1	4	43	176	236	254	222	166	46	2	1	3	42	175	235	254	
252	213	13	2	1	1	12	209	249	255	251	211	13	1	1	1	11	207	248	254	252	210	12	2	1	1	11	206	249	255	252	213	13	2	1	1	11	209	249	255	251	211	13	1	1	1	12	206	248	255	252	210	12	2	1	1	11	207	248	255	252	212	12	2	1	1	11	208	249	255	251	213	13	1	1	1	12	207	248	255	252	211	13	2	1	1	11	207	248	255	252	211	12	1	1	1	12	208	249	255	251	213	13	1	1	1	11	206	248	254	252	211	12	2	1	1	11	207	248	255	
243	144	20	5	1	2	24	137	227	253	245	144	19	5	1	2	25	138	229	252	243	142	20	5	1	2	26	136	230	252	245	145	20	5	1	2	24	138	228	253	243	143	19	5	1	2	25	139	227	252	245	144	20	5	1	2	26	136	229	253	244	145	19	5	1	2	25	137	228	252	245	144	19	5	1	2	25	139	229	253	244	142	20	5	1	2	26	138	228	252	243	145	20	5	1	2	24	137	227	252	245	144	19	5	1	2	25	138	230	253	244	143	20	5	1	2	25	137	228	252	
168	131	88	29	9	17	65	109	149	200	167	129	90	31	9	17	66	107	150	198	170	131	84	29	8	17	63	111	151	201	167	130	91	30	9	17	64	109	150	200	169	129	88	30	9	17	66	107	149	199	168	131	85	28	8	17	64	110	151	199	169	128	91	30	9	17	63	111	150	201	167	131	89	31	9	17	66	109	149	198	170	129	86	29	9	17	63	108	151	200	168	131	89	28	9	17	64	111	149	198	169	130	90	31	9	17	66	108	150	200	170	130	87	30	9	17	63	111	151	199	
22	57	93	159	190	181	119	69	35	7	21	58	97	158	192	182	123	71	34	6	21	56	94	160	192	181	122	69	33	7	22	56	92	159	190	181	120	68	35	6	21	58	96	158	193	182	124	71	34	7	21	56	97	160	192	180	119	70	34	7	22	55	94	158	191	181	122	68	35	7	21	58	93	160	193	182	123	71	34	6	21	55	97	158	193	180	119	69	36	7	22	56	94	160	192	181	122	72	34	6	21	58	97	159	190	182	124	68	35	7	21	55	94	160	194	181	121	70	34	7	
3	41	179	238	254	222	161	50	2	1	3	40	178	239	254	219	162	48	2	1	3	39	177	239	254	220	163	50	2	1	3	41	179	238	254	222	161	50	2	1	3	40	178	239	254	218	162	49	2	1	3	39	177	239	254	220	163	49	2	1	3	40	179	237	254	222	161	50	2	1	3	41	177	239	254	220	162	49	2	1	3	40	179	239	254	218	163	48	2	1	3	39	177	238	254	222	161	50	2	1	3	41	179	239	254	221	162	48	2	1	3	39	178	239	254	219	163	49	2	1	
1	10	205	247	255	250	216	14	1	1	1	11	203	247	255	250	217	14	1	1	1	9	202	246	255	251	216	15	1	1	1	10	204	246	255	250	214	14	1	1	1	11	204	247	255	250	217	13	1	1	1	10	203	247	255	251	216	15	1	1	1	9	202	246	255	250	215	14	1	1	1	11	204	247	255	250	217	14	1	1	1	10	203	246	255	251	215	14	1	1	1	10	204	246	255	249	217	14	1	1	1	11	203	247	255	250	214	14	1	1	1	10	202	246	255	251	218	14	1	1	
3	28	141	233	253	240	148	19	4	1	3	27	140	233	253	241	146	18	4	1	3	26	141	231	253	242	147	18	4	1	3	28	142	233	253	239	147	18	5	1	3	26	140	231	253	241	145	18	4	1	3	27	141	233	253	240	148	18	4	1	3	28	142	231	253	242	147	18	4	1	3	27	139	234	253	241	146	17	5	1	3	27	142	232	253	240	147	18	4	1	3	28	141	234	254	242	148	18	4	1	3	27	139	233	253	242	147	18	4	1	3	27	142	231	253	241	145	18	4	1	
16	59	115	153	196	171	134	84	32	8	16	60	118	154	194	173	135	82	31	8	15	62	116	152	197	171	135	79	32	7	16	61	113	155	194	173	132	84	31	8	16	60	117	153	196	171	134	78	32	7	15	62	116	152	197	170	133	81	33	8	16	60	114	154	196	172	136	84	32	8	15	60	117	153	194	173	132	78	31	7	16	62	114	152	197	171	134	81	33	8	16	59	118	153	196	172	133	84	31	8	16	61	113	154	195	171	135	80	32	8	15	62	118	153	197	173	132	78	32	7	
185	128	75	38	6	23	53	103	155	189	183	125	77	36	5	24	54	100	157	187	186	126	72	37	6	23	53	104	157	188	185	127	75	36	6	23	52	103	156	190	184	126	73	38	6	24	54	100	155	187	185	125	76	37	6	22	53	104	157	188	186	127	74	38	6	24	52	100	157	190	184	125	76	36	6	23	54	104	155	187	185	126	73	38	6	22	52	99	157	189	186	128	78	38	6	24	53	105	155	190	183	126	76	36	6	23	54	102	157	187	186	124	73	37	6	23	52	105	156	190	
224	166	46	2	1	4	43	175	236	254	223	164	47	2	1	4	44	174	237	254	225	165	45	2	1	4	43	175	235	254	223	166	46	2	1	4	42	176	234	254	224	164	47	2	1	3	44	175	237	254	226	165	46	2	1	4	43	174	236	254	224	166	46	2	1	4	42	175	235	254	222	164	47	2	1	4	44	176	237	254	226	165	46	2	1	4	42	173	235	254	223	166	46	2	1	4	44	175	236	254	224	165	47	2	1	4	42	174	237	254	225	164	45	2	1	4	44	176	234	254	
251	210	12	1	1	1	11	206	248	254	252	213	12	2	1	1	11	209	249	255	251	212	13	2	1	1	12	208	249	255	251	211	12	1	1	1	11	206	248	254	252	212	12	2	1	1	11	208	249	255	251	213	13	1	1	1	12	206	249	254	251	212	13	1	1	1	11	209	248	255	252	211	12	2	1	1	11	206	249	255	251	212	12	1	1	1	11	209	249	254	251	213	13	2	1	1	11	207	248	255	252	210	12	2	1	1	11	209	249	255	251	212	13	1	1	1	12	208	249	255	
245	143	19	5	1	2	26	136	230	252	243	145	20	5	1	2	25	138	228	252	245	144	19	5	1	2	25	139	227	253	243	143	19	5	1	2	26	137	229	252	244	144	20	5	1	2	24	136	230	253	244	145	19	5	1	2	25	139	226	252	243	143	20	5	1	2	26	138	229	253	244	144	20	5	1	2	24	136	227	252	243	145	19	5	1	2	25	139	230	253	245	143	19	5	1	2	26	136	228	253	243	144	20	5	1	2	25	138	227	252	244	145	19	5	1	2	25	139	229	253	
169	131	86	30	9	17	66	112	151	198	169	130	87	29	9	17	63	109	150	200	168	131	89	30	9	17	67	108	149	199	169	128	88	29	9	17	65	111	151	198	168	132	86	29	9	17	63	112	149	201	170	129	89	30	9	17	67	109	150	200	168	130	86	29	8	17	65	108	151	199	169	132	87	29	9	17	64	111	148	200	168	130	91	30	9	17	65	112	150	201	169	129	87	30	9	17	66	106	151	199	168	132	85	29	8	17	64	110	149	198	167	129	91	29	9	17	65	107	149	201	
21	58	95	159	192	180	123	69	33	7	22	55	93	160	193	182	121	67	35	7	21	58	96	158	191	183	120	71	34	6	20	57	98	159	194	180	122	69	34	7	22	55	95	160	192	182	121	68	35	6	21	58	93	159	190	183	123	71	34	7	21	57	96	160	194	181	121	69	33	6	22	56	98	159	191	180	120	67	35	7	21	57	92	160	190	183	123	71	33	7	21	58	96	159	192	182	121	68	34	7	22	56	93	158	193	180	119	69	35	7	20	57	98	160	191	183	122	71	34	6	
3	39	179	239	254	220	163	49	2	1	3	41	178	238	254	221	161	50	2	1	3	40	179	237	254	220	162	51	2	1	3	39	177	239	254	219	163	48	2	1	3	40	178	238	254	221	161	51	2	1	3	41	179	238	254	220	162	50	2	1	3	40	178	239	254	219	163	48	2	1	3	39	180	238	254	221	162	51	2	1	3	40	177	238	254	221	162	50	2	1	3	41	179	239	254	220	163	49	2	1	3	39	178	238	254	219	162	50	2	1	3	40	177	238	254	221	162	51	2	1	
1	10	202	246	255	250	215	15	1	1	1	10	204	245	255	251	217	14	1	1	1	10	205	247	255	250	215	13	1	1	1	10	203	247	255	250	218	14	1	1	1	10	202	246	255	251	215	14	1	1	1	10	204	248	255	250	216	14	1	1	1	10	205	245	255	251	217	14	1	1	1	10	201	247	255	250	215	14	1	1	1	10	204	247	255	250	218	15	1	1	1	10	202	245	255	251	215	13	1	1	1	10	205	247	255	250	217	15	1	1	1	10	203	248	255	250	216	14	1	1	
3	26	140	232	253	242	146	18	4	1	3	28	142	232	253	240	147	18	5	1	3	28	140	234	253	241	148	18	4	1	3	27	139	232	253	241	146	18	4	1	3	27	142	234	254	242	148	19	4	1	3	28	140	232	253	241	147	18	5	1	3	27	140	233	253	240	146	18	4	1	3	27	141	232	253	242	148	19	4	1	3	28	141	231	253	241	146	18	4	1	3	26	140	233	253	240	146	18	5	1	3	28	141	232	253	241	147	18	4	1	3	27	140	234	253	239	148	18	4	1	
15	62	114	152	197	172	133	80	31	8	16	61	117	153	196	171	133	80	33	7	16	59	115	153	195	172	134	82	32	8	15	62	118	153	196	171	136	80	33	8	16	59	114	152	197	173	133	83	32	8	16	61	115	154	194	172	135	80	31	8	15	62	118	152	196	171	133	79	32	7	16	59	115	153	197	171	135	83	32	8	16	61	118	155	195	173	133	80	31	8	15	62	115	153	196	170	135	79	32	7	16	60	117	152	197	172	133	82	31	8	16	59	116	154	195	171	135	83	33	8	
184	125	76	36	6	23	53	101	156	188	185	127	74	38	6	22	52	105	155	190	184	125	76	38	6	24	55	101	156	187	184	127	77	37	6	23	52	102	155	188	186	124	75	36	6	23	53	105	158	189	184	128	72	38	6	23	55	101	155	187	183	126	78	36	5	23	51	106	156	188	186	128	73	37	6	23	53	101	156	189	184	126	76	37	6	24	55	103	157	186	185	124	75	36	6	22	52	102	156	188	185	127	72	38	6	23	51	100	155	189	185	126	77	37	6	24	55	103	158	187	
223	165	46	2	1	4	42	176	236	254	226	166	45	2	1	4	43	175	235	254	224	166	48	2	1	3	42	174	236	254	226	165	46	2	1	4	44	175	237	254	224	166	45	2	1	4	42	173	236	254	223	166	48	2	1	4	43	176	235	254	225	164	45	2	1	4	44	174	237	254	225	167	46	2	1	4	42	175	235	254	223	166	48	2	1	4	44	175	237	254	225	164	45	2	1	3	42	176	236	254	223	167	46	2	1	4	43	175	235	254	225	166	48	2	1	4	43	174	237	254	
252	212	13	2	1	1	12	209	249	255	251	211	13	1	1	1	11	206	248	255	252	214	12	2	1	1	11	207	248	255	251	212	13	2	1	1	12	209	249	255	252	210	13	1	1	1	11	207	248	255	251	212	13	2	1	1	11	209	248	255	252	210	12	2	1	1	12	207	249	255	251	214	13	1	1	1	11	208	248	254	252	210	13	2	1	1	12	207	248	255	252	212	12	2	1	1	11	206	249	255	251	211	13	1	1	1	12	208	248	254	252	214	12	2	1	1	11	207	248	255	
243	144	20	5	1	3	25	138	229	252	244	143	19	5	1	2	26	137	227	253	243	143	20	5	1	2	24	136	230	252	244	145	20	5	1	2	25	138	227	253	245	142	19	5	1	2	26	138	229	253	243	144	20	5	1	3	25	137	228	252	245	144	20	5	1	2	24	137	230	252	243	143	19	5	1	2	26	138	228	253	244	144	20	5	1	2	25	137	228	252	243	144	20	5	1	2	24	138	230	253	244	142	19	5	1	2	26	137	229	252	245	143	20	5	1	2	24	136	227	253	
168	129	89	28	9	17	64	108	150	200	169	132	85	30	8	17	65	113	149	201	168	129	90	29	9	17	65	110	151	199	167	131	85	30	8	17	64	107	149	201	169	129	91	29	9	17	66	110	151	200	167	131	87	29	9	17	63	106	150	198	168	130	90	30	9	17	64	113	149	201	169	129	88	30	9	17	67	107	151	199	168	131	85	29	8	17	64	110	150	198	167	130	90	29	9	17	63	109	149	200	170	129	88	30	9	17	67	112	150	201	168	131	86	30	8	17	64	110	151	199	
21	56	99	160	192	182	120	70	36	6	21	57	96	158	190	181	122	72	34	7	22	56	93	160	193	180	123	68	35	7	22	56	96	161	191	182	119	70	35	7	21	57	92	158	192	181	122	72	34	7	21	55	98	159	193	180	120	68	36	7	22	56	92	158	191	182	123	72	35	7	21	58	95	159	192	182	121	70	34	7	22	56	95	160	193	181	120	68	35	6	21	55	98	158	191	181	122	70	35	7	21	58	95	161	191	182	123	72	33	7	22	56	93	158	193	181	121	67	35	7	
3	40	177	238	254	221	162	51	2	1	3	39	179	239	254	219	164	49	2	1	3	41	177	238	254	222	162	49	2	1	3	40	179	238	254	220	161	50	2	1	3	39	180	239	254	219	164	49	2	1	3	40	177	238	254	221	162	49	2	1	3	39	178	239	254	222	161	50	2	1	3	41	177	238	254	220	164	48	2	1	3	39	178	239	254	219	161	49	2	1	3	40	179	238	254	221	162	51	2	1	3	40	177	239	254	222	164	49	2	1	3	41	180	238	254	218	161	48	2	1	
1	10	204	247	255	250	218	14	1	1	1	10	202	247	255	250	215	14	1	1	1	10	204	246	255	250	217	15	1	1	1	10	202	246	255	251	214	14	1	1	1	10	205	247	255	249	217	14	1	1	1	10	202	246	255	250	218	15	1	1	1	10	204	247	255	250	214	14	1	1	1	10	203	246	255	251	216	15	1	1	1	10	205	246	255	250	214	14	1	1	1	9	203	247	255	250	216	14	1	1	1	10	202	246	255	250	218	14	1	1	1	10	205	246	255	251	214	14	1	1	
3	28	141	233	253	241	148	17	4	1	3	27	139	234	254	240	147	18	4	1	3	27	141	231	253	242	146	19	5	1	3	28	141	232	253	240	148	18	4	1	3	27	140	231	253	242	146	17	4	1	3	26	141	233	253	240	147	19	4	1	3	28	140	234	253	242	148	18	4	1	3	27	142	231	253	239	146	18	5	1	3	27	139	234	253	241	147	19	4	1	3	28	142	231	253	242	148	18	4	1	3	27	140	233	253	240	146	18	4	1	3	27	142	230	253	242	146	19	5	1	
16	60	118	154	194	170	136	82	32	8	15	60	114	152	195	173	135	84	32	8	15	61	117	154	197	170	133	78	31	7	16	60	113	152	194	172	134	82	32	8	15	62	117	154	196	172	135	79	31	7	16	60	119	153	197	170	132	83	33	8	16	59	114	154	195	173	134	81	31	8	15	62	116	153	196	172	133	80	32	7	16	60	113	152	197	171	135	82	33	8	16	59	116	154	194	172	133	84	31	8	15	61	118	153	195	173	135	81	33	8	16	62	113	152	197	172	133	79	31	7	
186	127	73	38	6	24	52	104	156	188	184	125	78	37	6	23	54	99	157	188	186	128	74	36	5	23	52	104	156	189	185	125	73	37	6	24	54	106	157	187	183	127	76	38	6	22	53	100	156	188	186	126	77	36	6	24	52	103	156	189	185	125	74	37	6	22	54	99	157	187	184	127	75	38	6	24	53	103	155	188	185	125	77	37	6	23	52	105	157	189	183	128	74	38	6	24	53	99	155	188	186	125	77	37	6	23	54	106	157	188	183	126	75	36	6	22	53	100	155	189	
225	167	47	2	1	4	44	173	236	254	224	165	47	2	1	4	42	175	237	254	223	164	46	2	1	4	44	176	236	254	225	167	45	2	1	4	41	174	235	254	224	165	47	2	1	4	44	176	236	254	226	165	46	2	1	4	44	175	237	254	223	166	47	2	1	4	42	174	234	254	224	165	46	2	1	4	43	176	236	254	226	165	45	2	1	4	42	174	235	254	224	166	47	2	1	4	43	176	237	254	226	164	46	2	1	4	44	174	236	254	224	165	45	2	1	4	42	176	235	254	
251	210	12	1	1	1	11	205	248	255	252	213	13	2	1	1	11	208	249	255	251	210	13	1	1	1	12	209	248	255	252	211	12	1	1	1	11	206	249	254	251	213	13	2	1	1	11	208	248	255	252	211	12	2	1	1	12	206	249	254	251	213	13	1	1	1	11	208	248	255	251	212	12	2	1	1	12	209	249	255	252	211	13	1	1	1	11	205	249	255	251	213	12	2	1	1	11	209	248	255	252	210	13	2	1	1	11	206	249	255	251	213	13	2	1	1	11	208	249	255	
244	143	19	5	1	2	25	137	228	253	245	145	20	5	1	2	24	138	229	252	244	144	19	5	1	2	26	139	229	253	243	143	19	5	1	2	25	137	228	252	244	145	20	5	1	2	24	137	230	252	245	143	19	5	1	2	25	138	227	253	244	144	19	5	1	2	26	139	229	253	244	145	20	5	1	2	25	136	227	252	245	143	20	5	1	2	25	138	229	253	244	143	19	5	1	2	26	136	227	252	243	145	20	5	1	2	25	139	228	253	244	144	19	5	1	2	26	137	230	252	
170	131	87	29	9	17	63	111	150	199	167	129	91	31	9	17	66	106	151	198	170	130	86	30	9	17	63	109	148	200	169	131	89	29	9	17	66	112	150	198	168	130	88	31	9	17	64	108	149	199	169	128	86	30	9	17	66	111	151	200	170	132	89	29	9	17	65	110	150	198	167	130	87	30	9	17	63	109	149	200	169	129	91	28	9	17	66	112	150	201	170	131	86	31	9	17	65	108	151	198	168	130	87	29	9	17	63	111	150	199	169	128	90	30	9	17	66	107	149	201	
22	55	92	160	194	180	124	68	34	7	22	58	94	159	192	183	119	69	35	7	21	55	98	158	191	181	122	71	33	6	21	58	94	159	192	181	121	67	34	7	22	56	97	159	193	182	124	69	35	6	22	58	95	160	191	183	121	70	33	7	20	57	94	160	192	181	120	68	34	7	21	55	98	159	193	180	124	69	35	6	21	58	93	159	190	182	122	71	33	7	22	57	96	160	194	183	120	67	34	6	21	55	92	159	192	180	122	69	35	7	21	57	97	159	190	182	119	71	34	6	
3	39	178	239	254	222	162	48	2	1	3	41	179	238	254	220	161	50	2	1	3	39	178	238	254	219	163	48	2	1	3	40	177	239	254	222	163	50	2	1	3	41	178	238	254	221	162	48	2	1	3	39	178	239	254	219	161	51	2	1	3	41	179	238	254	221	163	49	2	1	3	40	179	239	254	218	162	51	2	1	3	40	177	238	254	222	163	50	2	1	3	41	178	238	254	219	162	48	2	1	3	39	179	239	254	220	161	50	2	1	3	40	178	238	254	220	163	50	2	1	
1	10	203	246	255	250	216	14	1	1	1	11	205	246	255	251	216	14	1	1	1	10	203	247	255	250	218	13	1	1	1	10	204	247	255	250	216	14	1	1	1	10	203	245	255	250	215	15	1	1	1	9	203	247	255	251	215	13	1	1	1	11	205	246	255	250	216	14	1	1	1	10	202	247	255	250	218	13	1	1	1	10	204	246	255	251	217	14	1	1	1	10	202	246	255	250	215	15	1	1	1	11	204	247	255	250	216	13	1	1	1	10	202	247	255	250	217	15	1	1	
3	27	140	231	253	240	145	18	4	1	3	28	142	232	253	242	148	18	4	1	3	27	140	233	253	239	147	18	4	1	3	26	140	234	253	241	146	18	4	1	3	28	142	233	253	240	147	18	5	1	3	27	140	232	253	242	148	18	4	1	3	27	142	232	253	240	146	18	4	1	3	28	140	233	253	241	147	18	4	1	3	26	141	232	253	242	148	18	4	1	3	28	141	232	253	240	145	18	5	1	3	26	140	234	254	242	148	18	4	1	3	28	141	232	253	241	147	18	4	1	
16	61	116	153	197	173	134	79	33	7	16	62	115	154	196	171	132	81	31	8	16	59	118	152	195	172	135	81	33	8	15	61	116	154	197	173	134	84	31	8	16	59	114	153	195	171	133	81	32	8	16	62	115	152	196	173	135	80	31	7	15	60	116	153	197	172	135	84	32	8	16	59	118	152	195	170	134	82	33	8	15	61	117	154	195	173	132	79	31	7	16	62	115	152	197	171	136	82	32	8	16	60	116	153	196	170	133	78	31	7	15	59	117	154	195	172	134	84	32	8	
185	124	76	36	6	23	54	105	157	190	184	126	73	37	6	23	51	102	155	186	185	124	75	38	6	24	53	100	157	188	184	126	77	36	6	23	52	101	156	190	186	128	73	37	6	24	54	103	155	188	184	124	74	38	6	23	53	105	157	187	184	128	77	37	6	23	52	104	155	190	186	125	75	36	6	23	54	101	157	188	184	127	73	38	6	23	54	102	156	187	186	124	76	36	6	23	53	104	157	190	184	127	73	37	5	23	52	102	156	187	185	128	74	38	6	24	54	102	156	188	
226	164	46	2	1	4	43	175	235	254	222	166	45	2	1	4	43	176	236	254	226	166	47	2	1	3	44	174	234	254	223	164	47	2	1	4	43	176	237	254	225	166	45	2	1	4	42	175	235	254	222	164	47	2	1	3	43	174	236	254	225	166	45	2	1	4	43	176	236	254	226	164	47	2	1	3	44	173	237	254	223	167	46	2	1	4	44	175	236	254	224	165	45	2	1	4	42	174	235	254	223	166	47	2	1	3	43	176	237	254	225	165	47	2	1	4	44	174	236	254	
252	213	13	2	1	1	11	207	249	255	251	211	12	1	1	1	11	206	248	254	251	212	12	2	1	1	11	207	249	255	251	213	13	2	1	1	11	208	248	255	252	210	12	1	1	1	12	209	249	255	252	213	13	2	1	1	11	208	249	255	251	212	13	2	1	1	11	207	248	255	252	210	12	1	1	1	11	207	249	255	251	213	13	2	1	1	11	209	248	255	252	210	12	1	1	1	12	207	249	254	251	212	13	2	1	1	11	207	248	255	252	211	12	1	1	1	12	209	248	254	
243	142	20	5	1	2	26	138	230	253	244	144	19	5	1	2	25	136	228	252	243	145	20	5	1	2	25	138	227	252	245	142	20	5	1	2	25	136	230	253	243	144	19	5	1	2	26	139	227	252	244	145	20	5	1	2	25	136	229	252	243	143	19	5	1	2	25	138	228	253	245	142	20	5	1	2	25	137	230	252	243	145	19	5	1	2	26	139	228	252	244	144	20	5	1	2	24	138	229	253	245	143	19	5	1	2	25	137	230	252	244	145	20	5	1	2	24	139	227	252	
168	129	88	29	9	17	67	108	149	201	169	131	85	30	8	17	64	110	150	200	167	132	88	29	9	17	65	111	150	199	168	129	90	30	9	17	65	107	151	200	170	131	85	28	8	17	63	112	150	201	167	132	91	29	9	17	65	109	149	199	168	129	85	30	8	17	64	107	151	200	169	131	89	29	9	17	66	111	150	201	168	132	84	30	8	17	64	106	149	198	168	129	89	30	9	17	64	111	150	201	169	132	91	29	9	17	66	108	149	200	167	131	85	30	8	17	64	112	151	198	
21	58	96	158	191	181	122	71	34	6	21	56	97	159	191	181	121	68	34	7	20	57	92	160	194	183	123	69	35	7	22	57	98	160	192	182	120	71	34	7	21	56	95	158	190	180	122	70	34	7	21	57	93	159	194	182	119	69	35	6	21	56	97	158	191	180	122	71	34	7	22	58	92	161	192	183	119	69	34	7	21	56	96	158	192	180	121	69	35	7	21	56	94	159	192	181	123	71	34	7	22	58	97	158	191	181	120	68	34	7	21	56	94	160	193	183	123	70	35	7	
3	41	179	237	254	221	163	51	2	1	3	39	177	239	254	219	163	49	2	1	3	40	178	239	254	221	162	51	2	1	3	41	179	238	254	218	161	49	2	1	3	39	179	238	254	220	163	50	2	1	3	41	177	237	254	222	163	49	2	1	3	40	178	238	254	219	161	49	2	1	3	39	177	239	254	221	163	50	2	1	3	41	180	237	254	220	161	49	2	1	3	39	177	239	254	220	163	51	2	1	3	40	178	238	254	222	162	49	2	1	3	39	177	239	254	219	161	49	2	1	
1	10	204	245	255	251	215	14	1	1	1	9	202	247	255	250	217	15	1	1	1	10	205	246	255	250	214	14	1	1	1	10	203	247	255	251	216	14	1	1	1	10	202	246	255	250	218	14	1	1	1	10	204	247	255	250	217	14	1	1	1	10	202	247	255	250	214	15	1	1	1	10	204	246	255	251	216	14	1	1	1	10	203	248	255	250	215	14	1	1	1	10	205	247	255	250	218	14	1	1	1	10	203	246	255	251	214	14	1	1	1	10	204	247	255	250	216	14	1	1	
3	27	141	234	253	242	148	18	5	1	3	28	139	233	253	240	146	18	4	1	3	27	141	231	253	241	146	19	4	1	3	28	142	233	253	242	148	18	5	1	3	27	139	231	253	241	147	18	4	1	3	27	141	234	253	239	145	18	5	1	3	28	139	231	253	242	148	19	4	1	3	27	141	233	254	240	146	17	4	1	3	28	142	231	253	241	147	18	5	1	3	27	139	233	253	240	147	18	4	1	3	28	142	231	253	241	147	19	4	1	3	27	140	233	253	239	146	18	4	1	
16	59	114	153	196	171	133	80	32	8	15	61	117	152	197	173	135	83	33	8	17	60	113	153	194	171	134	79	32	7	15	62	116	154	196	170	132	82	32	8	16	61	118	152	198	172	136	79	33	7	16	60	117	154	195	171	134	83	32	8	15	62	113	152	194	171	133	78	31	7	16	61	116	154	197	172	134	81	32	8	17	59	114	151	196	171	135	84	32	8	15	61	119	154	194	172	133	80	33	7	15	59	113	155	198	173	134	83	32	8	16	62	116	152	194	171	135	81	31	8	
183	127	74	37	5	23	53	99	157	187	186	128	76	38	6	24	53	103	156	189	184	127	77	36	6	22	55	105	157	188	185	125	72	38	6	23	53	104	155	187	183	126	78	37	6	22	52	99	157	189	185	127	75	36	5	23	55	103	155	189	186	126	72	38	6	24	53	100	156	188	183	126	77	37	6	22	52	106	158	187	185	128	76	36	6	24	53	99	156	189	183	126	74	37	6	22	51	103	155	188	185	125	76	38	6	23	55	100	157	189	186	125	77	37	6	22	52	104	155	188	
224	167	45	2	1	4	42	174	237	254	225	165	48	2	1	4	44	175	235	254	224	165	45	2	1	4	42	174	237	254	224	166	46	2	1	4	43	175	236	254	226	165	46	2	1	4	44	173	235	254	224	167	48	2	1	4	44	176	237	254	223	165	46	2	1	4	42	174	235	254	224	166	45	2	1	4	43	175	236	254	225	165	48	2	1	4	42	176	235	254	226	164	47	2	1	4	45	175	237	254	225	166	45	2	1	4	42	174	234	254	223	165	46	2	1	4	43	176	236	254	
251	210	12	2	1	1	11	208	248	255	252	214	13	1	1	1	12	209	249	255	252	210	13	2	1	1	11	208	248	255	252	212	12	1	1	1	11	206	249	254	251	211	13	2	1	1	11	208	249	255	251	212	13	1	1	1	11	206	248	254	252	210	12	2	1	1	12	209	249	255	251	214	13	2	1	1	11	206	248	254	251	211	12	1	1	1	11	208	249	255	252	212	13	2	1	1	11	206	248	255	251	214	12	1	1	1	12	208	249	255	251	211	13	2	1	1	11	206	249	255	
245	145	19	5	1	2	25	137	229	252	243	143	20	5	1	2	26	139	226	253	245	143	19	5	1	2	25	137	230	253	244	145	19	5	1	2	24	138	227	252	245	143	20	5	1	2	25	138	229	253	243	143	19	5	1	2	24	137	230	253	245	144	20	5	1	2	26	139	228	252	243	145	19	5	1	2	24	137	227	253	245	143	20	5	1	3	25	138	230	253	244	143	20	5	1	2	25	136	227	252	243	144	19	5	1	2	26	138	229	253	244	143	20	5	1	2	25	136	228	253	
168	132	90	30	9	17	63	112	149	198	168	129	89	29	9	17	65	107	151	199	169	130	86	30	9	17	66	110	149	201	168	131	87	29	9	17	63	109	151	199	168	129	90	30	9	17	67	111	149	198	169	130	88	30	9	17	63	106	151	201	168	131	87	29	9	17	66	112	149	199	169	128	91	30	9	17	63	108	150	199	170	130	88	29	9	17	65	110	151	200	167	131	86	29	9	17	67	113	149	199	168	129	87	30	9	17	63	109	151	199	169	130	89	28	9	17	65	107	150	200	
22	55	93	160	193	180	120	67	35	7	21	57	96	159	192	182	123	72	35	7	22	58	94	158	190	180	119	70	33	6	21	55	96	159	193	181	122	68	36	7	21	58	91	160	192	183	120	72	33	6	22	55	98	159	191	181	123	67	35	7	21	57	93	160	193	182	121	70	35	6	22	55	96	159	191	181	122	72	33	7	21	57	99	160	193	181	123	67	35	6	22	58	95	159	190	183	119	70	36	7	20	55	92	160	193	180	123	72	34	6	21	57	98	159	192	182	121	69	33	7	
3	39	177	238	254	219	161	48	2	1	3	41	179	238	254	222	162	50	2	1	3	39	178	238	254	220	161	48	2	1	3	40	177	239	254	221	164	50	2	1	3	40	178	239	254	221	161	51	2	1	3	40	180	239	254	219	162	48	2	1	3	39	177	238	254	222	162	51	2	1	3	41	179	238	254	220	164	48	2	1	3	39	178	239	254	219	162	50	2	1	3	40	179	238	254	221	162	48	2	1	3	41	178	238	254	218	164	50	2	1	3	40	179	239	254	221	163	51	2	1	
1	10	204	247	255	250	218	14	1	1	1	10	203	247	255	250	215	13	1	1	1	10	204	246	255	251	217	14	1	1	1	10	201	247	255	250	215	15	1	1	1	10	205	246	255	250	214	14	1	1	1	10	202	247	255	250	216	13	1	1	1	10	204	246	255	251	218	14	1	1	1	10	205	247	255	250	215	14	1	1	1	9	203	245	255	250	217	15	1	1	1	10	202	246	255	251	215	13	1	1	1	10	205	247	255	250	217	14	1	1	1	10	202	246	255	251	215	14	1	1	
3	28	142	231	253	240	147	18	4	1	3	26	141	232	253	242	148	18	5	1	3	28	140	234	254	241	147	18	4	1	3	26	140	232	253	240	146	17	4	1	3	28	141	233	253	242	148	19	4	1	3	28	142	232	253	241	147	18	4	1	3	26	141	234	253	240	146	18	4	1	3	27	140	232	253	242	147	18	5	1	3	26	140	234	253	240	146	19	4	1	3	27	141	232	253	242	148	18	4	1	3	28	141	233	253	240	146	18	5	1	3	26	140	232	254	241	148	19	4	1	
15	60	118	154	195	172	135	83	31	8	16	62	115	154	195	170	133	78	32	7	15	59	118	152	197	173	134	82	31	8	16	61	115	153	195	172	135	80	32	8	16	59	114	154	194	171	133	83	31	8	15	61	116	153	196	172	134	80	32	8	16	59	118	153	197	173	135	82	33	8	15	60	115	154	195	171	133	83	32	8	15	62	117	153	195	172	134	79	31	7	16	60	115	152	197	173	135	83	32	8	16	61	118	153	195	170	134	81	31	8	16	61	115	153	197	173	132	79	33	7	
186	124	78	36	6	23	54	104	156	188	185	126	74	37	6	23	52	101	158	187	184	125	75	37	5	23	54	100	155	189	186	128	76	37	6	24	52	102	157	189	185	124	75	36	6	23	54	106	156	188	184	126	74	38	6	23	51	101	157	187	184	124	76	36	6	23	53	104	156	189	185	127	73	37	6	24	54	101	155	190	186	124	74	38	5	23	52	105	157	186	185	126	78	37	6	23	54	101	156	189	184	128	75	36	6	24	53	105	156	187	184	127	72	38	6	23	52	101	157	189	
223	164	47	2	1	4	44	176	235	254	225	166	46	2	1	3	42	174	237	254	223	167	46	2	1	4	44	177	236	254	225	164	47	2	1	4	43	174	235	254	223	165	45	2	1	4	42	175	237	254	225	164	47	2	1	3	43	174	234	254	226	165	45	2	1	4	44	176	236	254	225	166	47	2	1	4	42	175	235	254	223	164	45	2	1	4	44	174	237	254	224	167	46	2	1	3	43	176	235	254	223	164	48	2	1	4	44	175	236	254	226	166	46	2	1	4	42	174	237	254	
252	212	13	1	1	1	12	207	249	254	251	211	12	2	1	1	11	206	249	255	252	213	13	1	1	1	11	207	249	254	251	211	12	2	1	1	12	209	248	255	252	214	13	1	1	1	11	207	248	255	251	211	12	2	1	1	11	208	249	255	252	212	13	2	1	1	11	207	249	255	251	211	12	1	1	1	11	209	248	255	252	213	13	2	1	1	12	207	249	255	251	211	13	1	1	1	11	209	249	254	252	210	13	2	1	1	11	207	248	255	252	213	12	2	1	1	11	209	248	255	
