98
98
160	68	51	169	250	253	253	159	74	48	174	249	253	253	163	70	53	170	252	253	253	161	75	49	175	251	253	253	158	71	50	173	247	253	253	163	74	49	171	252	253	253	159	71	53	172	248	255	253	160	69	51	169	250	253	253	159	74	48	174	249	253	253	163	70	53	170	252	253	253	161	75	49	175	251	253	253	158	71	50	173	247	253	253	163	74	49	171	252	253	253	159	71	53	172	248	255	253	
109	31	21	141	206	229	197	112	33	20	139	208	226	201	109	34	20	136	213	234	196	106	34	21	137	209	230	198	108	32	21	139	204	226	193	110	33	19	137	206	223	199	107	34	20	138	210	234	192	109	31	21	141	206	230	197	112	33	20	139	208	226	201	109	34	20	136	213	234	196	106	34	21	137	209	230	198	108	32	20	139	204	226	193	110	33	19	137	206	223	199	107	34	20	138	210	234	192	
85	8	5	83	128	182	157	94	8	4	80	126	180	154	86	8	5	77	123	176	156	90	8	5	83	121	177	158	88	8	5	80	128	180	156	94	8	4	78	125	177	153	91	8	4	82	123	179	155	86	8	5	83	129	182	157	94	8	4	80	126	180	154	87	8	5	77	123	176	156	90	8	5	83	121	177	158	88	8	5	80	128	180	156	94	8	4	78	125	177	153	91	8	4	82	123	179	155	
14	1	2	9	36	59	26	13	1	2	9	39	55	25	16	1	2	10	37	57	26	13	1	2	10	35	59	27	14	1	2	9	39	56	25	14	1	2	9	36	58	26	15	1	2	10	37	61	27	14	1	2	9	36	59	26	13	1	2	9	39	55	25	16	1	2	10	37	57	26	13	1	2	10	35	59	27	14	1	2	8	39	56	25	14	1	2	9	36	58	26	15	1	2	10	37	61	28	
4	2	1	6	24	66	46	4	3	1	6	23	64	44	3	3	1	7	22	61	45	3	2	1	7	22	67	47	4	2	1	6	23	62	45	3	3	1	6	22	63	46	3	2	1	7	23	63	48	4	2	1	6	24	66	46	4	3	1	6	23	64	44	3	3	1	7	22	61	45	3	2	1	7	22	67	47	4	2	1	6	23	62	45	3	3	1	6	22	63	46	3	2	1	7	23	63	48	
18	7	13	100	119	167	147	17	7	12	96	114	164	145	18	7	11	102	116	165	142	16	7	11	99	113	167	141	17	7	12	97	120	165	147	18	7	11	101	112	166	144	17	8	12	102	117	169	142	18	7	13	100	119	167	147	17	7	12	96	114	164	145	18	7	11	102	116	165	142	16	7	11	99	113	167	141	17	7	12	97	120	165	147	18	7	11	101	112	166	144	17	8	12	102	117	169	142	
135	42	28	149	191	245	217	133	43	30	151	188	241	220	130	40	29	149	183	235	216	131	42	28	148	185	245	218	133	43	30	151	188	236	223	131	39	30	153	184	239	220	132	41	29	150	187	237	214	135	42	28	149	191	245	217	133	43	30	151	188	241	220	130	41	29	149	183	235	216	131	42	28	148	185	245	218	133	43	30	151	188	236	223	131	39	30	153	184	239	219	132	41	29	150	187	237	214	
163	75	50	174	253	253	253	162	71	52	172	252	253	253	159	73	50	174	248	255	253	160	69	51	171	250	253	253	162	74	54	170	252	253	253	160	68	52	174	249	253	253	161	72	49	171	251	253	253	163	75	50	174	253	253	253	162	71	52	172	252	253	253	159	73	50	174	248	255	253	160	69	51	171	250	253	253	162	73	54	170	252	253	253	160	68	52	174	249	253	253	161	72	49	171	251	253	253	
105	34	19	138	211	224	198	108	32	21	137	203	232	195	107	33	19	139	207	228	191	109	31	20	140	205	225	202	111	35	19	136	208	231	197	106	31	20	140	212	232	194	110	33	21	135	204	229	202	104	34	19	138	211	224	198	108	32	21	137	203	232	195	107	33	19	139	207	228	191	109	31	20	140	205	225	202	111	35	19	136	208	231	197	106	31	20	140	212	232	194	110	33	21	135	204	229	202	
93	8	4	80	125	178	154	89	8	5	78	123	177	157	91	8	4	84	126	179	153	95	8	5	81	127	181	155	92	8	4	76	125	176	154	87	8	5	84	122	181	156	89	8	5	77	127	175	158	93	8	4	80	125	178	154	89	8	5	78	123	177	157	91	8	4	84	126	179	153	95	8	5	81	127	181	155	92	8	4	76	125	176	154	87	8	5	84	122	181	156	89	8	5	77	127	175	158	
14	1	2	10	38	56	25	15	1	2	8	36	58	26	14	1	2	9	37	61	27	15	1	2	9	38	55	25	16	1	2	9	37	60	27	15	1	2	10	38	54	24	13	1	2	9	39	58	26	14	1	2	10	38	56	25	15	1	2	8	36	58	26	14	1	2	9	37	61	27	15	1	2	9	38	55	25	16	1	2	9	37	60	27	15	1	2	10	38	54	24	13	1	2	9	39	58	26	
3	2	1	7	23	62	45	3	2	1	6	22	63	46	3	2	1	6	23	66	48	4	3	1	6	24	63	44	3	3	1	6	22	65	47	4	2	1	7	24	68	44	3	3	1	6	21	65	46	3	2	1	7	23	62	45	3	2	1	6	22	63	46	3	2	1	6	23	66	48	4	2	1	6	24	63	44	3	3	1	6	22	64	47	4	2	1	7	24	68	44	3	3	1	6	21	65	46	
16	7	12	97	113	165	143	18	7	11	103	118	166	142	17	7	12	100	121	169	145	18	7	13	95	117	164	146	17	7	11	103	115	168	144	16	7	12	96	118	164	141	18	7	10	99	116	166	146	16	7	12	97	113	165	143	18	7	11	103	118	166	142	17	7	12	100	121	169	145	18	7	13	95	117	164	146	17	7	11	103	115	168	144	16	7	12	96	118	164	141	18	7	10	99	116	166	146	
132	40	30	152	186	236	222	131	41	29	148	184	239	215	133	43	28	152	187	243	221	135	40	31	150	190	238	213	130	41	28	149	183	241	218	134	43	29	150	189	246	216	129	42	28	147	182	243	219	132	40	30	152	186	236	222	131	41	29	148	184	239	215	132	43	28	152	187	243	221	135	40	31	150	190	238	213	130	41	28	149	183	241	218	134	43	29	150	189	246	216	129	42	28	147	182	243	219	
161	70	54	170	251	253	253	160	68	49	173	249	253	253	161	75	53	170	251	253	253	163	72	48	172	252	253	253	159	70	51	174	248	253	253	162	76	49	172	252	254	253	158	73	51	173	247	253	253	161	70	54	170	251	253	253	160	68	49	173	249	253	253	161	75	53	170	251	253	253	163	72	48	172	252	253	253	159	70	51	174	248	253	253	162	76	49	172	252	254	253	158	73	51	173	247	253	253	
111	31	21	136	206	233	194	106	34	20	139	211	229	199	110	35	21	136	205	223	200	105	33	19	137	210	233	197	107	32	21	139	203	224	192	110	34	19	137	206	228	200	107	32	20	140	210	226	196	111	31	21	136	206	233	193	106	34	20	139	211	229	199	110	35	21	136	205	223	200	105	33	19	137	210	234	197	107	32	21	139	203	224	192	110	34	19	137	206	228	200	107	32	20	140	210	226	196	
87	8	5	85	121	176	157	93	8	4	82	128	180	154	86	8	5	77	122	175	157	91	8	4	80	124	177	154	88	8	5	83	123	180	157	91	8	4	79	128	177	153	94	8	4	81	125	181	154	87	8	5	85	121	176	157	93	8	4	82	128	180	154	86	8	5	77	122	175	157	91	8	4	80	124	177	154	88	8	5	83	123	180	157	91	8	4	79	128	177	153	94	8	4	81	125	181	154	
16	1	2	9	36	60	27	13	1	2	10	38	55	25	15	1	2	9	39	57	25	13	1	2	10	36	59	27	14	1	2	8	39	57	25	14	1	2	9	35	60	27	15	1	2	10	37	56	25	16	1	2	9	36	60	27	13	1	2	10	38	55	25	15	1	2	9	39	57	25	13	1	2	10	36	59	27	14	1	2	8	39	57	25	14	1	2	9	35	60	27	15	1	2	10	37	56	25	
3	3	1	6	22	65	47	4	2	1	7	24	67	44	3	3	1	6	22	62	45	3	2	2	7	22	66	47	4	2	1	6	23	61	45	3	3	1	6	22	64	47	4	2	1	7	24	63	44	3	3	1	6	22	65	47	4	2	1	7	24	67	44	3	3	1	6	22	62	45	3	2	2	7	22	66	47	4	2	1	6	23	61	45	3	3	1	6	22	64	47	4	2	1	7	24	63	44	
17	7	11	101	118	168	141	18	8	12	96	115	164	147	16	7	11	99	117	165	141	17	7	11	102	112	167	143	18	7	12	98	119	165	142	19	8	11	100	114	168	146	17	7	13	104	120	165	144	17	7	11	101	117	168	141	18	8	12	96	115	164	147	16	7	11	99	117	165	141	17	7	11	102	112	167	143	18	7	12	98	119	165	142	19	8	11	100	114	168	146	17	7	13	104	120	165	144	
130	43	28	149	184	241	216	134	39	29	151	189	246	220	129	42	30	149	182	237	216	131	43	29	148	185	244	222	133	40	29	151	188	235	215	131	41	31	148	185	240	220	134	40	30	152	190	238	214	130	43	28	149	184	242	216	134	39	29	151	189	246	220	129	42	30	149	182	236	216	131	43	29	148	185	244	221	133	40	29	151	188	235	215	131	41	31	148	185	240	220	134	40	30	152	190	238	214	
159	73	50	173	249	253	253	162	74	52	171	252	254	253	159	72	50	175	247	253	253	160	69	53	173	250	253	253	162	74	49	171	252	253	253	160	72	52	169	250	253	253	163	70	48	175	252	253	253	159	73	50	173	248	253	253	162	74	52	171	252	254	253	159	72	50	175	247	253	253	160	69	53	173	249	253	253	162	74	49	171	252	253	253	160	71	52	169	250	253	253	163	69	48	175	252	253	253	
106	33	19	139	209	225	201	109	32	21	138	204	228	193	108	33	19	140	209	231	196	111	31	20	138	207	227	194	108	34	20	135	211	230	201	105	32	21	139	207	234	197	109	35	20	136	203	231	191	106	33	19	139	209	225	201	109	32	21	138	204	228	193	108	33	19	140	209	232	196	111	31	20	138	207	227	194	108	34	20	135	211	230	201	105	32	21	139	207	234	197	110	35	20	136	203	231	191	
93	8	4	81	127	179	153	89	8	5	79	124	178	156	94	8	4	82	126	181	153	87	8	5	85	129	178	156	93	8	4	77	126	175	155	86	8	5	84	122	180	157	89	8	5	76	124	176	155	93	8	4	81	127	179	153	89	8	5	79	124	178	156	94	8	4	82	126	181	153	87	8	5	85	129	178	156	93	8	4	78	126	175	155	86	8	5	84	122	180	157	89	8	5	76	124	176	155	
14	1	2	10	38	57	26	15	1	2	9	35	60	27	14	1	2	9	37	58	26	15	1	2	9	38	55	25	14	1	2	10	37	59	27	15	1	2	9	39	55	25	13	1	2	8	36	59	26	14	1	2	10	38	57	26	15	1	2	9	36	60	27	14	1	2	9	37	58	26	15	1	2	9	38	54	24	14	1	2	10	37	59	27	15	1	2	9	39	55	25	13	1	2	8	36	59	26	
3	2	1	7	23	62	45	3	3	1	6	22	63	47	4	2	1	7	24	66	46	3	3	1	6	23	63	44	3	2	1	7	22	67	46	4	2	1	6	23	62	44	3	3	1	6	22	66	46	3	2	1	7	23	62	45	3	3	1	6	22	63	47	4	2	1	7	24	66	46	3	3	1	6	23	63	44	3	2	1	7	21	67	46	4	2	1	6	23	62	44	3	3	1	6	22	66	46	
16	7	12	98	113	166	145	17	7	11	101	119	168	143	18	7	13	104	114	166	144	18	7	12	97	120	164	147	16	7	10	102	116	167	145	17	7	12	95	119	164	141	18	7	11	100	115	167	143	16	7	12	98	113	166	145	17	7	11	101	119	168	143	18	7	13	104	114	166	144	18	7	12	97	120	164	147	16	7	10	103	116	167	145	17	7	12	95	119	164	141	18	7	11	100	115	167	143	
133	41	29	151	187	235	218	131	42	31	147	185	238	213	134	41	28	150	190	243	220	132	40	30	152	186	239	215	129	42	28	150	182	245	219	133	43	29	151	188	237	217	130	42	28	148	183	244	221	133	41	29	151	187	235	218	131	42	31	147	185	238	214	134	41	28	150	190	243	220	132	40	30	152	186	239	214	129	42	28	149	182	245	219	133	43	29	151	188	237	217	130	42	28	148	183	244	221	
161	69	51	170	251	253	253	160	71	48	174	250	253	253	163	70	52	172	252	253	253	161	75	49	170	251	255	253	158	72	52	173	247	253	253	162	68	50	174	252	253	253	159	75	53	172	248	255	253	161	69	51	170	251	253	253	160	71	48	174	250	253	253	163	70	52	172	252	253	253	161	75	49	171	250	255	253	158	72	52	173	247	253	253	162	68	50	174	252	253	253	159	75	53	172	248	255	253	
109	31	21	140	205	230	195	111	34	19	135	208	234	198	104	32	20	137	212	225	202	107	35	21	139	203	233	199	109	32	19	140	206	223	193	112	34	20	137	209	229	196	107	32	20	138	212	226	199	109	31	21	140	205	230	195	111	34	19	135	208	234	198	104	32	20	137	212	225	202	107	35	21	139	203	232	199	109	32	19	140	206	223	193	112	34	20	137	209	229	196	107	32	20	138	212	226	199	
86	8	5	78	122	181	158	92	8	4	83	127	175	154	87	8	5	77	121	177	156	92	8	5	79	125	179	158	90	8	4	83	123	182	153	94	8	4	79	126	176	154	90	8	5	84	128	179	156	86	8	5	78	122	181	158	92	8	4	83	127	175	154	87	8	5	77	121	177	156	92	8	5	79	125	179	158	90	8	4	83	123	182	153	94	8	4	79	126	177	154	90	8	5	84	128	179	156	
14	1	2	9	37	54	24	13	1	2	9	39	56	25	15	1	2	10	37	59	26	13	1	2	8	35	61	27	15	1	2	9	38	56	25	14	1	2	9	36	58	26	15	1	2	10	38	61	27	14	1	2	9	37	54	24	13	1	2	9	39	56	25	15	1	2	10	37	59	26	13	1	2	8	35	61	27	15	1	2	9	38	56	25	14	1	2	9	36	58	26	15	1	2	10	38	61	27	
4	2	1	6	24	67	44	3	3	1	6	21	64	45	3	2	1	7	22	62	46	3	2	1	5	23	65	48	4	3	1	6	24	62	45	3	3	1	7	22	65	46	3	2	1	7	23	64	47	4	2	1	6	24	67	44	3	3	1	6	21	64	45	3	2	1	7	22	62	46	3	2	1	5	23	65	48	4	3	1	6	24	62	45	3	3	1	7	22	65	46	3	2	1	7	23	64	48	
18	7	13	102	120	164	142	17	7	10	96	116	165	146	17	8	11	98	118	167	141	16	7	12	102	114	169	144	18	7	13	98	118	165	142	16	7	11	103	112	166	144	17	7	12	97	117	169	147	18	7	13	102	120	163	142	17	7	10	96	116	165	146	17	8	11	98	118	167	141	16	7	12	102	114	169	144	18	7	13	98	118	165	142	16	7	11	103	113	166	144	17	7	12	97	117	169	147	
135	43	28	149	190	245	219	129	40	29	152	182	240	222	131	43	30	150	184	235	216	133	42	29	149	187	243	218	135	41	30	147	191	236	222	130	42	28	152	184	242	213	132	40	30	150	187	240	216	135	43	28	149	190	245	219	129	40	29	152	182	240	223	131	43	30	151	184	235	216	133	42	29	149	187	243	218	135	41	30	147	191	236	222	130	42	28	152	184	242	213	132	40	30	150	187	239	216	
163	73	51	174	252	253	253	158	76	54	173	247	253	253	160	73	49	169	249	253	253	161	69	51	174	251	253	253	163	71	53	170	253	253	253	159	74	48	172	249	253	253	161	71	50	171	251	253	253	163	73	51	174	252	253	253	158	76	54	173	246	253	253	160	73	49	169	249	253	253	161	69	51	174	251	253	253	163	71	53	170	253	253	253	160	74	48	172	249	253	253	161	70	50	171	251	253	253	
105	34	20	138	210	224	200	108	33	21	140	204	227	192	110	34	19	139	207	232	197	109	32	20	136	211	227	194	106	34	21	138	209	233	198	108	31	20	139	205	225	202	110	33	19	136	207	232	193	105	35	20	138	210	224	200	108	33	21	140	204	227	192	110	33	19	139	207	232	197	109	32	20	136	210	227	194	106	34	21	138	209	233	198	108	31	20	139	204	225	202	110	33	19	136	207	232	193	
95	8	5	82	127	178	155	88	8	5	80	124	180	157	91	8	4	84	128	179	153	94	8	5	81	123	176	155	85	8	5	76	127	178	157	88	8	5	82	122	180	156	92	8	4	77	124	175	154	95	8	5	82	127	178	155	88	8	5	80	124	180	157	91	8	4	84	128	179	153	94	8	5	81	123	176	155	85	8	5	76	127	178	157	88	8	5	83	121	180	156	92	8	4	77	124	175	154	
15	1	2	10	35	60	27	16	1	2	8	36	59	26	14	1	2	9	38	56	25	15	1	2	10	39	57	26	16	1	2	10	36	60	27	13	1	2	9	37	55	25	14	1	2	9	39	57	26	15	1	2	10	35	60	27	16	1	2	8	36	59	26	14	1	2	9	38	55	25	14	1	2	10	39	57	26	16	1	2	9	36	60	27	13	1	2	9	38	55	25	14	1	2	9	39	58	26	
3	2	1	7	23	63	47	4	2	1	6	24	65	46	3	3	1	6	23	68	44	3	3	1	7	22	63	45	3	2	1	7	23	64	47	4	2	1	6	23	67	44	3	3	1	6	22	61	45	3	2	1	7	23	63	47	4	2	1	6	24	65	46	3	3	1	6	23	67	44	3	3	1	7	22	63	45	3	2	1	7	23	64	47	4	2	1	6	23	67	44	3	3	1	6	22	61	45	
16	7	12	99	115	168	145	18	7	12	103	112	167	143	19	7	12	100	120	164	146	17	7	11	96	117	166	142	17	8	11	101	115	168	146	18	7	12	96	120	164	141	17	7	11	101	118	166	143	16	7	12	99	115	168	145	18	7	12	103	112	167	143	19	7	12	100	120	164	146	17	7	11	96	117	166	142	17	8	11	101	115	168	146	18	7	12	97	120	164	141	17	7	11	101	118	166	143	
132	41	30	151	186	238	215	134	42	29	150	189	242	217	133	41	28	148	188	246	220	130	40	30	151	183	238	214	132	43	28	152	186	241	217	134	40	30	150	189	246	221	129	43	29	148	183	235	219	132	41	30	151	186	238	215	134	42	29	150	189	242	217	133	41	28	148	187	246	220	130	40	30	151	183	238	214	132	43	28	152	186	241	217	134	40	30	150	189	246	221	129	43	29	148	183	235	219	
161	68	49	170	250	253	253	162	72	50	172	252	253	253	162	70	52	174	251	254	253	159	73	48	171	248	253	253	160	75	50	173	250	253	253	162	69	53	175	252	253	253	159	74	52	173	247	253	253	161	68	49	170	250	253	253	162	72	50	172	252	253	253	162	70	52	174	251	254	253	159	73	48	171	248	253	253	160	75	50	173	250	253	253	162	69	53	175	252	253	253	159	74	52	173	247	253	253	
110	32	19	137	208	233	195	106	31	20	137	211	229	201	108	35	21	136	205	224	194	105	33	19	140	206	231	200	111	32	20	135	204	225	192	104	35	19	138	212	231	195	108	33	21	140	203	228	199	110	32	19	137	208	233	195	106	31	20	137	211	229	201	108	35	21	136	205	224	194	105	33	19	140	206	231	200	111	32	20	135	204	225	192	104	35	19	138	212	230	195	108	33	21	140	203	228	199	
90	8	4	84	121	176	153	93	8	5	76	127	177	155	86	8	5	79	122	176	157	90	8	4	82	126	181	154	93	8	4	85	124	175	155	92	8	4	78	128	178	153	87	8	5	81	125	181	158	90	8	4	84	121	176	153	93	8	5	76	127	177	155	86	8	5	79	122	176	157	90	8	4	82	126	181	154	93	8	4	85	124	175	155	92	8	4	78	128	178	153	87	8	5	81	125	181	158	
13	1	2	9	39	57	26	14	1	2	10	38	55	25	15	1	2	9	36	61	27	13	1	2	9	37	54	24	14	1	2	8	38	58	26	15	1	2	10	36	60	27	15	1	2	8	37	56	25	13	1	2	9	39	57	26	14	1	2	10	38	55	25	15	1	2	9	36	61	27	13	1	2	9	37	54	24	14	1	2	8	38	58	26	15	1	2	10	36	60	27	15	1	2	8	37	56	25	
3	3	2	6	22	65	45	3	2	1	7	22	62	44	3	2	1	6	22	64	47	4	2	1	6	24	66	44	3	3	1	6	21	62	46	3	2	1	7	23	64	47	4	2	1	5	24	66	45	3	3	2	6	22	65	45	3	2	1	7	22	62	44	3	2	1	6	22	64	47	4	2	1	6	24	66	44	3	3	1	6	21	62	46	3	2	1	7	23	64	47	4	2	1	5	24	66	45	
18	8	11	95	118	165	141	17	7	11	98	119	164	145	17	7	11	101	116	169	142	16	7	13	104	113	164	145	18	7	10	98	119	166	143	16	7	12	100	116	168	146	19	7	12	103	114	165	144	18	8	11	95	118	165	141	17	7	11	98	119	164	145	17	7	11	101	116	168	141	16	7	13	104	113	164	145	18	7	10	98	119	166	143	16	7	12	100	116	168	146	19	7	12	104	114	165	144	
130	42	29	150	184	242	222	131	40	30	147	185	237	213	129	41	31	152	183	240	218	134	43	28	148	190	244	221	129	41	29	149	182	236	215	132	42	31	149	186	240	217	134	40	28	152	189	244	214	130	42	29	150	184	242	222	131	40	30	147	185	237	213	129	41	31	152	183	240	218	134	43	28	148	190	244	221	129	41	29	149	182	236	215	132	42	31	149	186	240	217	134	40	28	152	189	244	214	
159	75	53	173	249	255	253	160	70	48	175	250	253	253	159	74	51	170	248	253	253	163	68	53	174	252	253	253	158	71	49	169	247	253	253	161	74	50	172	251	253	253	163	71	48	171	252	253	253	159	75	53	173	249	255	253	160	70	48	175	250	253	253	159	74	51	170	248	253	253	163	68	53	174	252	253	253	158	71	49	169	247	253	253	161	74	50	172	251	253	253	163	71	49	171	252	253	253	
105	34	21	139	206	227	199	109	34	20	141	204	230	193	112	33	19	138	209	234	198	109	31	20	137	213	226	196	107	34	21	139	208	230	201	110	33	20	137	206	234	197	108	32	20	136	210	223	192	106	34	21	139	206	227	199	109	34	20	140	204	230	193	112	33	19	138	209	234	198	109	31	20	137	213	226	196	107	34	21	139	208	230	201	110	33	20	137	206	234	197	108	32	20	136	210	223	192	
85	8	5	80	129	180	156	91	8	4	83	123	182	155	94	8	4	82	125	179	153	88	8	5	78	128	177	156	89	8	5	80	121	180	158	86	8	5	83	123	177	156	94	8	4	77	126	176	154	85	8	5	80	129	179	156	91	8	4	83	123	182	155	94	8	4	82	125	179	153	88	8	5	78	128	177	156	89	8	5	80	121	180	158	86	8	5	83	123	177	156	94	8	4	77	126	176	154	
16	1	2	9	37	61	27	13	1	2	8	36	58	26	14	1	2	10	39	56	25	15	1	2	10	35	59	27	14	1	2	9	37	57	26	14	1	2	9	39	55	25	13	1	2	10	36	59	26	16	1	2	9	37	61	27	13	1	2	8	36	58	26	14	1	2	10	39	56	25	15	1	2	10	35	59	27	14	1	2	9	37	57	26	14	1	2	9	39	55	25	13	1	2	10	36	59	26	
3	2	1	6	23	62	48	4	3	1	6	24	67	46	3	3	1	7	23	61	45	3	2	1	7	22	64	47	4	2	1	6	23	66	45	3	3	1	6	22	63	44	3	2	1	7	22	63	46	3	2	1	6	23	62	48	4	3	1	6	24	67	46	3	3	1	7	23	61	45	3	2	1	7	22	64	46	4	2	1	6	23	66	45	3	3	1	6	22	63	44	3	2	1	7	22	63	46	
16	7	12	102	113	169	147	18	7	13	101	116	166	142	17	7	12	97	114	165	144	18	7	11	99	119	167	147	17	7	12	102	117	165	141	18	7	11	96	112	164	142	17	7	11	99	120	167	145	16	7	12	102	113	169	147	18	7	13	101	116	166	142	17	7	12	97	114	165	144	18	7	11	99	119	167	147	17	7	12	102	117	165	141	18	7	11	96	112	164	142	17	7	11	99	120	167	145	
133	40	30	149	188	236	216	135	43	28	151	191	245	220	132	42	29	149	187	235	217	131	41	30	150	184	241	214	133	39	28	153	188	245	219	131	43	29	151	185	237	223	130	42	30	148	183	239	218	133	40	30	149	188	236	216	135	43	28	151	191	245	220	132	42	29	149	187	235	217	131	41	30	150	184	241	214	133	39	28	153	188	245	219	131	43	29	151	185	237	223	130	42	30	148	183	239	218	
162	69	50	170	251	253	253	163	73	52	171	253	253	253	161	71	50	174	251	253	253	160	75	49	172	249	253	253	162	72	52	174	252	255	253	160	68	54	171	250	253	253	159	73	51	174	248	253	253	162	69	50	170	251	253	253	163	73	52	171	253	253	253	161	71	50	174	251	253	253	160	75	49	171	249	253	253	162	72	52	174	252	255	253	160	68	54	171	250	253	253	159	74	51	174	248	253	253	
109	31	19	137	212	231	194	107	33	21	138	208	225	197	108	32	20	135	205	228	202	105	34	19	140	208	232	191	110	33	20	136	203	224	195	106	31	19	140	211	228	198	111	35	21	139	204	232	202	109	31	19	137	212	231	194	107	33	21	138	208	225	197	108	32	20	135	205	228	202	105	34	19	140	207	232	191	110	33	20	136	203	224	195	106	31	19	140	211	228	198	111	35	21	139	204	232	202	
93	8	4	78	125	177	154	89	8	5	80	127	178	158	87	8	5	77	122	175	156	92	8	4	84	125	181	154	95	8	5	76	127	176	155	91	8	4	81	126	182	153	89	8	5	84	123	179	157	93	8	4	78	125	177	154	89	8	5	80	127	178	158	87	8	5	77	122	175	156	92	8	4	84	125	181	154	95	8	5	76	127	176	155	91	8	4	81	126	181	153	89	8	5	84	122	179	157	
14	1	2	10	39	58	26	15	1	2	9	38	54	24	14	1	2	9	37	60	27	13	1	2	9	38	55	25	15	1	2	8	37	61	27	16	1	2	10	36	58	26	15	1	2	9	38	56	25	14	1	2	10	39	58	26	15	1	2	9	38	54	24	14	1	2	9	37	60	27	13	1	2	9	38	55	25	15	1	2	8	37	61	27	16	1	2	10	36	58	26	15	1	2	9	38	56	25	
3	3	1	7	22	64	46	3	2	1	6	23	63	44	3	2	1	6	21	65	47	4	2	1	6	24	63	44	3	3	1	6	22	62	48	4	2	1	7	24	65	46	3	3	1	6	23	68	45	3	3	1	7	22	64	46	3	2	1	6	23	63	44	3	2	1	6	21	65	47	4	2	1	6	24	63	44	3	3	1	6	22	62	48	4	2	1	7	24	65	46	3	3	1	6	23	68	45	
18	7	11	99	117	166	143	17	7	12	96	121	164	146	18	7	10	103	118	168	141	16	7	12	95	113	164	144	18	7	11	100	116	169	146	16	7	13	103	118	167	145	17	7	12	97	115	165	142	18	7	11	99	117	166	143	17	7	12	96	121	164	146	18	7	10	103	118	168	141	16	7	12	95	113	164	144	18	7	11	100	116	169	146	16	7	13	103	118	167	145	17	7	12	97	115	165	142	
131	43	28	152	184	241	221	132	41	31	148	186	238	215	129	40	28	152	182	243	222	134	42	29	147	189	239	219	130	43	30	150	183	236	216	135	41	28	149	191	243	218	133	40	29	150	187	246	213	131	42	28	152	184	241	221	132	41	31	148	186	238	215	129	40	28	152	182	243	222	134	42	29	147	189	239	219	130	43	30	150	183	236	216	135	41	28	149	191	242	218	133	40	29	150	187	246	213	
160	72	53	174	249	253	253	161	75	49	172	251	254	253	158	68	54	170	247	253	253	163	70	51	173	252	253	253	159	73	49	170	248	253	253	163	76	51	173	253	253	253	161	70	48	172	251	253	253	160	72	53	174	249	253	253	161	75	49	172	251	254	253	158	68	54	170	247	253	253	162	70	51	173	252	253	253	159	73	49	170	248	253	253	163	76	51	173	253	253	253	161	70	48	172	251	253	253	
105	33	21	140	206	224	200	110	35	20	136	203	233	192	106	34	19	140	210	223	196	111	32	21	137	205	229	200	107	32	19	139	212	233	198	110	34	21	137	206	226	193	107	32	20	136	210	228	196	105	33	21	140	206	224	200	110	35	20	136	203	233	192	106	34	19	140	210	223	196	111	31	21	137	205	229	200	107	32	19	139	211	233	199	110	34	21	137	206	226	194	107	32	20	136	210	228	196	
87	8	5	82	121	180	157	95	8	4	85	125	176	154	91	8	4	81	128	181	153	88	8	5	79	123	177	157	91	8	4	83	124	180	154	86	8	5	80	122	177	158	94	8	4	77	128	175	154	87	8	5	82	121	180	157	95	8	4	85	125	176	154	91	8	4	81	128	181	153	88	8	5	79	123	177	157	91	8	4	83	124	180	154	86	8	5	80	122	177	157	93	8	4	77	128	175	154	
15	1	2	9	37	56	25	13	1	2	8	35	61	27	16	1	2	10	39	57	25	15	1	2	9	36	60	27	14	1	2	10	39	57	25	14	1	2	9	38	55	25	13	1	2	10	36	60	27	15	1	2	9	37	56	25	13	1	2	8	35	61	27	16	1	2	10	39	57	25	15	1	2	9	36	60	27	14	1	2	10	39	57	25	14	1	2	9	38	55	25	13	1	2	10	36	60	27	
4	2	1	6	24	62	44	3	3	1	6	22	66	47	4	2	1	7	24	62	45	3	3	1	6	22	67	47	4	2	2	7	23	65	45	3	3	1	6	22	63	44	3	2	1	7	22	64	47	4	2	1	6	24	62	44	3	3	1	6	22	66	47	4	2	1	7	24	62	45	3	3	1	6	22	67	47	4	2	2	7	23	65	45	3	3	1	6	22	63	44	3	2	1	7	22	64	47	
17	7	12	104	112	165	141	16	8	11	100	117	168	144	18	7	13	98	115	165	146	17	7	11	102	117	167	142	17	8	12	99	120	165	143	19	7	11	96	114	164	141	18	7	11	101	119	168	146	17	7	12	104	112	165	141	16	8	11	100	117	168	144	18	7	13	98	115	165	146	17	7	11	102	117	167	142	17	8	12	99	120	165	143	19	7	11	96	114	164	141	18	7	11	101	119	168	146	
134	42	29	149	189	235	216	130	40	29	151	184	244	220	134	43	30	149	190	237	216	131	40	29	152	185	246	214	133	41	28	148	188	242	221	131	40	30	151	185	238	215	129	43	31	148	183	241	222	134	42	29	149	189	235	217	130	39	29	151	184	244	220	134	43	30	149	190	237	216	131	40	29	152	185	246	214	133	41	28	148	188	242	221	131	40	30	151	185	238	215	129	43	31	148	182	241	222	
162	69	50	171	252	253	253	159	72	52	173	249	253	253	163	74	50	175	252	253	253	160	73	48	171	250	253	253	162	69	52	173	252	253	253	160	72	49	175	250	254	253	159	74	53	169	247	253	253	162	69	50	171	252	253	253	159	72	52	173	249	253	253	163	74	50	175	252	253	253	160	73	48	171	250	253	253	162	69	53	173	252	253	253	160	71	49	175	249	254	253	159	74	53	169	247	253	253	
111	31	19	138	207	230	197	108	33	20	139	211	227	201	109	32	21	136	207	231	194	106	33	20	139	209	227	196	110	35	20	135	204	224	192	105	32	19	138	209	231	201	108	34	21	140	203	234	191	111	31	19	138	207	230	197	108	33	20	139	211	227	201	109	32	21	136	207	231	194	106	33	20	139	209	227	196	109	35	20	135	204	224	193	105	32	19	138	209	231	201	108	34	21	140	203	234	191	
93	8	4	79	127	178	153	89	8	5	81	124	179	155	86	8	5	76	122	176	157	93	8	4	84	126	180	155	88	8	5	78	129	175	156	94	8	4	85	126	178	153	89	8	5	82	124	181	156	93	8	4	79	127	178	153	89	8	5	81	124	179	155	86	8	5	76	122	176	157	93	8	4	84	126	180	155	88	8	5	78	129	175	156	94	8	4	85	126	178	153	89	8	5	82	123	181	156	
14	1	2	9	36	59	26	15	1	2	10	39	55	25	14	1	2	9	37	59	27	13	1	2	9	38	54	24	15	1	2	9	37	58	26	14	1	2	10	35	60	27	16	1	2	8	39	57	26	14	1	2	9	36	59	26	15	1	2	10	39	55	25	14	1	2	9	37	59	27	13	1	2	9	38	54	24	15	1	2	9	37	58	26	14	1	2	10	36	60	27	16	1	2	8	38	57	26	
3	3	1	6	23	67	46	3	2	1	7	23	63	44	3	3	1	6	22	66	46	4	2	1	7	23	63	44	3	3	1	6	21	62	46	3	2	1	7	23	66	47	4	2	1	6	24	62	45	3	3	1	6	22	67	46	3	2	1	7	23	63	44	3	3	1	6	22	66	46	4	2	1	7	23	63	44	3	3	1	6	21	62	46	3	2	1	7	23	66	47	4	2	1	6	24	63	45	
18	7	11	100	120	167	145	18	7	12	96	114	164	143	17	7	11	103	119	167	141	16	7	12	97	113	164	145	18	7	10	104	115	166	147	17	7	12	101	119	168	144	16	7	13	98	116	166	143	18	7	11	100	120	167	145	18	7	12	95	114	164	143	17	7	11	103	119	167	141	16	7	12	97	113	164	145	18	7	10	104	115	166	147	17	7	12	101	119	168	144	16	7	13	98	115	166	143	
132	41	28	150	185	245	220	133	42	30	147	187	239	213	130	41	28	151	183	243	218	133	42	31	148	188	238	221	129	43	30	151	182	235	217	132	42	29	150	186	244	219	134	40	29	152	190	237	215	131	41	28	150	185	245	220	133	42	30	148	187	239	213	130	41	28	151	183	243	218	133	42	31	148	188	239	221	129	43	30	151	182	236	217	132	42	29	149	186	244	219	134	40	29	152	190	237	214	
160	75	52	173	250	255	253	161	70	48	170	251	253	253	159	71	51	172	248	253	253	162	69	53	174	252	255	253	158	75	50	170	247	253	253	161	68	51	172	251	253	253	163	72	49	174	252	253	253	160	75	52	173	250	254	253	161	70	48	171	251	253	253	159	71	51	172	248	253	253	162	69	53	174	252	255	253	158	75	50	170	247	253	253	161	68	52	172	250	253	253	163	72	49	174	252	253	253	
107	35	21	135	208	223	196	104	32	20	140	205	233	193	111	34	20	138	203	225	199	109	31	19	137	212	234	202	107	32	21	140	208	230	198	112	34	20	139	205	226	195	109	32	19	137	212	229	199	107	35	21	135	208	223	195	104	32	20	140	205	233	193	111	34	20	138	202	225	199	109	31	19	137	212	234	202	107	32	21	140	208	230	198	111	34	20	139	205	226	195	109	32	19	137	212	229	199	
86	8	5	83	122	175	158	90	8	5	78	128	181	156	94	8	4	84	126	179	154	90	8	4	79	123	176	153	92	8	5	83	125	182	158	87	8	5	79	121	179	155	93	8	4	77	128	177	154	86	8	5	83	122	175	158	90	8	5	78	128	181	156	94	8	4	84	126	179	154	90	8	4	79	123	176	153	92	8	5	83	125	182	158	87	8	5	79	121	179	155	92	8	4	77	128	177	154	
15	1	2	9	38	61	27	13	1	2	9	36	58	26	14	1	2	8	38	56	25	15	1	2	10	35	61	27	14	1	2	9	37	59	26	15	1	2	9	39	56	25	13	1	2	10	37	54	24	15	1	2	9	38	61	27	13	1	2	9	36	58	26	14	1	2	8	38	56	25	15	1	2	10	35	61	27	14	1	2	9	37	59	26	15	1	2	9	39	56	25	13	1	2	10	37	54	24	
3	2	1	6	21	62	48	4	2	1	6	24	65	46	3	3	1	5	23	62	45	3	2	1	7	22	64	48	4	2	1	6	24	67	46	3	3	1	6	23	64	45	3	3	1	7	22	65	44	3	2	1	7	21	62	47	4	2	1	6	24	65	46	3	3	1	5	23	62	45	3	2	1	7	22	64	48	4	2	1	6	24	67	46	3	3	1	6	23	64	45	3	3	1	7	22	65	44	
16	8	10	97	114	169	142	17	7	13	103	118	166	147	17	7	12	99	116	165	144	18	7	11	102	120	169	142	17	7	13	98	117	167	144	16	7	12	96	113	165	141	18	7	11	102	118	163	146	16	8	10	97	114	169	142	17	7	13	103	118	166	147	17	7	12	99	116	165	144	18	7	11	102	120	169	142	17	7	13	98	117	167	144	16	7	12	96	113	165	141	18	7	11	102	118	163	146	
129	43	31	151	182	236	215	135	40	29	152	190	243	222	132	43	30	149	186	235	219	130	40	29	150	184	240	216	135	41	28	152	191	245	213	133	41	30	147	187	240	222	131	42	28	149	184	242	218	129	43	31	151	182	236	215	135	40	29	153	190	243	222	132	43	30	149	186	235	219	130	40	29	150	184	240	216	135	41	28	152	191	245	213	133	41	30	147	187	239	222	131	42	28	149	184	242	218	
158	69	49	170	246	253	253	163	73	54	174	252	253	253	161	76	51	169	251	253	253	159	72	50	173	249	253	253	163	70	48	174	253	253	253	161	74	53	171	251	253	253	160	71	51	172	249	253	253	158	69	49	170	246	253	253	163	73	54	174	252	253	253	161	76	51	169	251	253	253	159	72	49	173	249	253	253	163	70	48	174	253	253	253	161	74	53	171	251	253	253	160	71	51	172	249	253	253	
109	32	20	140	205	233	202	110	34	19	138	209	227	198	108	33	20	136	211	232	194	105	35	21	139	207	227	197	110	33	20	138	204	224	192	108	31	19	136	210	232	200	106	34	21	139	207	226	193	109	32	20	140	205	233	202	110	34	19	138	209	227	198	108	33	20	136	211	232	194	105	35	21	139	207	227	197	110	33	20	138	204	224	192	108	31	19	136	210	232	201	106	34	21	139	207	225	193	
95	8	5	80	127	181	155	92	8	4	82	124	178	154	88	8	5	77	121	176	156	85	8	5	83	127	180	157	94	8	5	76	123	178	155	91	8	4	81	128	176	153	88	8	5	84	124	179	157	95	8	5	80	127	180	155	92	8	4	82	124	178	154	88	8	5	77	122	175	156	85	8	5	82	127	180	157	94	8	5	76	123	178	155	91	8	4	81	128	176	153	88	8	5	84	124	179	157	
14	1	2	9	39	58	26	16	1	2	9	37	55	25	15	1	2	10	36	60	27	14	1	2	9	39	57	26	13	1	2	8	38	56	25	16	1	2	10	36	59	26	14	1	2	9	35	60	27	14	1	2	9	39	58	26	16	1	2	10	37	55	25	15	1	2	10	36	60	27	14	1	2	9	39	57	26	13	1	2	8	38	56	25	16	1	2	10	36	59	26	14	1	2	9	35	60	27	
4	3	1	6	24	64	46	3	3	1	7	23	63	44	3	2	1	7	22	67	47	4	2	1	6	24	65	45	3	3	1	6	23	63	44	3	2	1	7	22	61	46	3	2	1	6	23	67	47	4	3	1	6	24	64	45	3	3	1	7	23	63	44	3	2	1	7	22	67	47	4	2	1	6	23	65	45	3	3	1	6	23	63	44	3	2	1	7	22	61	46	3	2	1	6	23	67	47	
17	7	12	101	117	166	145	19	7	12	97	120	164	143	18	7	11	102	112	168	141	16	7	12	96	115	166	146	17	7	12	100	118	165	142	18	8	11	103	120	167	146	17	7	12	99	115	168	143	18	7	12	101	117	166	145	19	7	12	97	120	164	143	18	7	11	101	112	168	141	16	7	12	96	115	166	146	17	7	11	100	118	164	142	18	8	11	103	121	167	146	17	7	12	99	115	168	143	
134	41	28	148	189	241	220	132	42	30	150	186	237	217	129	41	28	151	183	246	215	134	43	29	148	189	242	219	132	40	30	150	186	238	221	130	43	29	152	183	235	218	133	40	30	151	188	246	214	134	41	28	148	189	241	220	132	42	30	150	186	237	217	129	41	28	151	183	246	215	134	43	29	148	188	242	219	132	40	30	150	185	238	221	130	43	29	152	183	234	217	133	40	30	151	187	246	214	
162	73	52	173	252	253	253	161	70	50	171	250	254	253	159	72	49	174	248	253	253	162	68	52	172	252	253	253	160	75	53	170	250	254	253	159	69	51	173	248	253	253	162	75	48	175	251	253	253	162	73	52	173	252	253	253	161	70	50	171	250	254	253	159	72	49	174	248	253	253	162	68	52	172	252	253	253	160	74	53	170	250	254	253	159	69	51	173	248	253	253	162	75	48	175	251	253	253	
105	33	19	138	212	225	195	108	35	21	137	204	231	192	107	31	19	140	207	223	200	111	32	20	138	205	229	194	109	33	19	135	211	233	201	104	35	21	140	208	228	195	111	32	20	136	203	231	200	105	33	19	138	212	225	195	108	35	21	137	204	231	192	107	31	19	140	206	224	200	111	32	20	138	205	229	194	109	33	19	135	211	233	201	104	35	21	140	208	228	195	111	32	20	136	203	230	200	
90	8	4	76	121	178	153	87	8	5	84	125	176	158	92	8	4	81	128	181	153	93	8	4	78	124	178	155	90	8	4	85	126	175	154	86	8	5	82	122	181	157	93	8	5	79	127	176	155	90	8	4	76	121	177	153	87	8	5	84	125	176	158	92	8	4	81	128	181	153	93	8	4	78	124	178	155	90	8	4	85	126	175	154	86	8	5	82	122	181	157	93	8	5	79	127	176	155	
15	1	2	10	37	56	25	14	1	2	8	36	60	27	13	1	2	9	38	58	26	15	1	2	9	37	54	24	15	1	2	10	36	61	27	14	1	2	9	38	55	25	13	1	2	8	39	57	26	15	1	2	10	37	56	25	14	1	2	8	36	60	27	13	1	2	9	38	58	26	15	1	2	9	37	54	24	15	1	2	10	36	61	27	14	1	2	9	38	55	25	13	1	2	8	39	57	26	
3	2	2	7	22	62	45	3	2	1	6	22	66	47	4	2	1	6	24	64	46	3	3	1	6	23	62	44	3	2	1	7	21	65	47	4	2	1	6	24	66	44	3	3	1	6	22	64	45	3	2	2	7	22	62	45	3	2	1	6	22	66	47	4	2	1	6	24	64	46	3	3	1	6	23	62	44	3	2	1	7	21	65	47	4	2	1	6	24	66	44	3	3	1	5	22	64	45	
16	7	11	103	113	165	141	17	7	11	100	116	168	144	17	8	13	97	119	166	146	18	7	12	104	118	164	143	18	7	10	101	114	169	145	16	7	13	98	116	164	142	18	7	11	95	119	165	145	16	7	11	103	113	165	141	17	7	11	100	116	168	144	17	8	13	97	119	166	146	18	7	12	104	118	164	143	19	7	10	101	114	169	145	16	7	13	98	116	164	141	18	7	11	95	119	165	145	
131	41	29	152	185	236	218	130	40	28	147	184	244	213	134	42	31	150	189	240	222	132	40	30	152	186	237	214	129	42	29	149	182	242	217	135	41	28	149	190	244	215	130	43	31	148	183	240	221	131	41	29	152	185	236	218	130	40	28	147	184	244	213	134	42	31	150	189	240	222	132	40	30	152	186	237	214	129	42	29	148	182	242	217	134	41	28	149	190	244	215	130	43	31	148	183	240	221	
