192
96
177	127	112	25	13	21	104	159	171	131	113	27	11	20	106	156	166	124	111	24	10	19	108	164	173	130	112	25	12	20	105	156	171	124	114	23	11	18	103	161	167	131	113	26	10	20	109	154	175	123	109	23	12	18	105	159	170	128	112	25	11	20	108	163	165	131	114	24	10	22	104	159	176	124	113	25	13	19	109	154	172	130	109	23	11	21	105	164	169	127	111	26	10	20	102	153	173	123	113	22	12	18	107	162	165	129	111	25	10	20	102	153	173	125	113	23	12	18	105	162	166	131	114	27	10	22	109	156	172	126	110	24	11	20	104	164	177	130	114	27	13	18	107	155	169	125	110	23	10	20	103	158	176	131	112	27	13	20	107	160	172	126	113	23	11	18	104	152	166	130	112	25	10	21	108	161	171	123	111	27	11	19	102	154	165	128	113	22	10	18	107	163	
55	36	6	3	2	4	8	47	58	40	5	2	1	5	7	43	61	36	6	2	1	3	7	50	52	39	5	2	1	4	8	47	61	36	6	2	1	3	9	44	56	38	6	2	1	5	7	48	54	36	5	2	1	4	9	44	58	40	6	2	1	3	8	48	55	37	5	3	1	4	7	44	59	34	5	2	1	3	8	47	54	40	6	2	1	4	7	49	61	36	5	2	1	4	8	44	52	41	5	2	1	3	7	50	60	37	6	2	2	4	9	44	51	41	5	2	1	3	7	46	61	38	6	2	1	5	8	50	53	34	5	2	1	4	7	46	61	39	6	2	2	4	9	43	58	37	6	3	1	3	7	49	54	40	6	2	1	4	9	42	56	35	5	2	1	3	8	50	61	38	6	2	2	5	7	43	59	36	6	2	1	4	7	47	52	41	5	2	1	3	9	51	
192	148	94	15	10	32	122	132	184	142	98	17	9	29	119	138	179	147	94	14	9	32	123	131	186	144	96	16	10	30	116	135	184	149	94	13	9	31	120	139	180	142	99	17	9	29	116	132	189	147	95	15	10	34	122	137	184	144	92	14	9	29	119	135	178	146	99	16	9	32	117	131	189	142	94	17	10	29	123	137	185	152	101	13	9	32	118	133	182	141	95	15	9	28	120	139	186	147	100	14	10	31	117	134	178	141	96	17	9	29	120	138	187	148	92	16	10	32	118	133	179	139	98	14	9	29	121	139	185	146	95	16	9	31	118	134	191	141	99	13	10	33	122	137	182	147	92	15	9	29	115	131	189	141	97	17	10	31	120	135	185	147	93	14	9	32	116	134	179	150	101	17	9	29	119	139	185	142	94	14	9	32	122	132	178	145	98	18	9	30	117	138	
253	240	205	68	68	75	211	251	253	226	200	73	65	86	216	246	253	233	194	68	62	76	210	253	253	239	204	71	66	84	222	251	253	227	192	69	65	90	214	246	253	240	205	71	63	79	217	252	253	229	199	74	67	88	225	251	253	242	209	69	64	84	209	248	253	231	193	71	62	76	222	252	253	236	202	70	67	83	211	251	253	230	196	71	65	75	224	245	255	238	205	68	63	90	209	253	253	232	198	73	66	83	217	251	253	236	206	68	62	76	219	249	253	231	197	74	66	85	210	252	253	244	200	68	62	82	218	246	253	228	203	73	65	77	220	252	253	239	200	69	68	88	209	247	255	226	194	72	63	82	221	251	253	235	203	70	67	75	219	253	253	241	198	72	65	89	215	249	253	230	207	70	62	83	220	252	253	244	201	73	65	79	216	251	253	232	197	70	62	85	222	247	
168	125	114	24	10	20	108	153	170	127	110	25	11	18	105	161	175	129	115	22	12	21	102	152	168	125	113	27	10	18	108	162	177	129	111	25	13	22	106	157	172	126	112	22	11	19	104	165	166	130	114	24	10	21	107	153	176	125	113	27	13	19	102	160	169	128	110	23	11	18	107	155	172	126	111	27	11	21	103	162	166	128	113	25	10	19	106	156	174	125	114	23	12	19	109	163	167	131	110	27	10	20	104	155	177	124	115	23	13	21	108	158	169	128	112	26	11	20	106	160	174	124	111	23	12	19	103	158	170	129	113	26	11	19	106	153	167	123	112	23	10	21	102	161	174	128	113	26	12	19	109	156	170	124	111	24	11	22	106	163	167	129	115	26	10	20	102	159	173	125	110	23	12	18	107	156	175	128	114	24	13	22	105	162	172	130	109	26	11	19	103	158	
61	38	5	2	1	4	7	44	53	37	6	2	1	4	8	48	57	42	5	3	1	4	9	45	56	34	6	2	2	5	7	43	58	41	5	3	1	4	8	49	51	35	5	2	1	3	7	45	60	41	6	3	1	4	8	50	53	34	5	2	2	5	7	45	61	38	6	2	1	4	8	50	51	41	5	2	1	4	7	46	60	35	6	3	2	5	9	43	53	40	5	2	1	3	7	48	59	38	6	2	1	4	8	45	55	34	5	3	1	4	7	48	58	39	6	2	1	4	8	43	55	36	5	2	1	3	7	47	60	42	6	2	1	4	8	44	56	36	5	2	1	3	7	50	52	40	6	2	1	4	8	44	59	36	5	2	1	5	7	48	53	42	6	2	1	4	7	44	57	37	5	2	1	3	8	48	54	40	5	2	1	4	7	45	58	34	6	2	1	5	8	46	
181	144	101	16	9	29	120	136	183	151	91	13	9	32	115	134	189	143	100	16	10	30	119	138	181	148	92	17	9	33	121	133	191	141	101	16	10	28	117	136	185	149	91	14	9	32	121	134	179	143	96	16	9	30	118	136	190	150	101	17	10	31	116	133	183	140	92	15	9	32	121	139	186	148	99	16	9	31	116	132	179	143	96	15	9	29	122	136	188	146	91	17	10	33	118	132	180	149	98	16	9	30	122	137	191	145	94	13	10	33	115	131	182	142	101	15	9	30	122	136	188	151	94	17	10	33	116	132	183	144	100	15	9	31	122	136	180	150	94	16	9	29	118	133	188	143	101	17	10	32	119	136	183	150	95	14	9	28	123	138	181	144	99	15	9	31	119	133	187	140	91	16	10	33	121	135	189	148	97	15	10	30	115	137	185	139	95	14	9	32	119	133	
253	228	201	73	63	90	219	252	254	242	197	69	64	80	224	251	253	236	208	75	67	87	218	249	253	230	199	70	63	81	212	250	253	243	202	73	67	77	223	252	253	231	196	68	65	87	219	249	253	238	203	70	62	81	213	253	255	228	198	73	67	78	219	251	253	234	204	68	64	86	213	247	253	242	197	73	65	88	220	253	253	235	206	69	62	84	213	250	253	228	192	73	66	78	218	251	253	243	203	70	63	81	222	246	253	227	194	71	67	88	213	252	253	239	201	69	64	79	223	248	253	226	208	72	66	90	213	253	253	240	195	70	64	84	217	250	253	230	206	71	63	76	223	252	253	243	201	69	66	89	216	250	253	229	208	75	64	80	212	248	253	234	193	69	63	84	222	252	253	237	202	72	66	76	210	250	255	225	195	68	67	87	223	249	253	238	208	71	65	77	212	252	
175	129	111	28	12	18	102	164	172	123	114	23	12	22	109	157	167	127	112	26	10	19	105	160	174	131	110	23	12	21	106	154	165	126	114	25	10	19	102	161	170	129	110	27	11	20	107	156	174	124	113	25	12	18	103	161	168	130	111	23	10	22	109	156	175	126	113	26	12	20	104	162	167	130	115	22	10	18	108	152	177	123	110	24	13	20	105	160	170	129	112	26	11	22	103	154	175	126	112	24	12	18	107	159	168	128	113	25	10	19	105	164	171	130	109	24	11	18	103	154	165	127	114	26	10	21	107	163	176	125	110	23	13	20	108	159	171	131	115	28	11	18	106	164	165	126	109	24	10	21	104	153	173	130	114	27	12	18	105	160	177	126	110	23	13	19	108	154	165	131	113	27	10	21	104	164	170	127	112	25	11	19	109	159	167	124	113	23	10	21	106	155	
56	41	6	2	1	3	8	50	59	36	6	2	1	5	7	42	52	38	5	2	1	4	7	47	60	40	6	2	1	3	8	51	54	36	5	2	1	4	7	43	60	39	6	2	1	5	8	49	55	37	5	2	1	4	7	46	57	40	6	2	1	3	8	42	54	36	5	2	1	4	7	48	59	39	6	2	1	3	8	44	55	37	5	2	1	4	7	51	58	39	6	2	1	4	8	45	55	36	5	2	1	5	7	49	61	42	6	2	1	3	8	44	53	35	5	2	1	5	7	51	59	39	6	2	1	4	9	45	52	35	5	3	2	4	7	49	57	40	6	2	1	5	8	42	60	34	5	3	1	3	7	47	54	39	6	2	1	4	8	45	61	35	5	3	1	3	8	51	55	39	6	2	1	4	7	42	60	35	6	2	1	3	9	49	52	39	5	3	1	4	7	43	
189	146	96	15	10	34	117	134	186	141	99	17	10	31	122	137	180	145	93	14	9	28	117	132	187	140	98	15	10	32	119	137	178	152	95	14	9	31	122	134	183	145	100	17	9	29	115	138	187	140	93	14	10	33	120	132	181	147	97	15	9	31	122	137	188	145	95	13	10	28	118	134	180	142	97	17	9	33	120	135	191	149	93	16	10	31	117	137	183	144	101	14	9	30	121	135	188	140	93	15	10	32	117	133	181	150	97	17	9	28	120	139	185	146	92	15	9	32	118	134	178	143	99	14	9	29	120	138	190	147	91	17	10	31	117	134	184	140	97	14	9	34	121	138	179	148	92	16	9	30	116	135	186	141	98	15	10	33	120	132	191	146	93	17	10	31	117	137	178	152	97	13	9	29	122	131	184	143	100	17	9	31	118	135	180	150	93	16	9	28	122	139	
253	240	194	70	67	78	215	251	253	234	204	72	65	83	217	248	253	227	195	68	62	75	214	252	253	239	206	72	66	89	221	252	255	225	198	69	62	82	216	248	253	240	207	74	64	76	211	252	253	232	193	71	66	85	221	245	253	245	206	69	63	90	214	250	253	226	194	74	66	75	223	252	253	237	208	69	63	82	216	249	254	229	199	72	68	77	222	252	253	240	201	69	64	88	217	248	253	231	208	71	66	85	211	253	253	241	200	74	63	77	220	250	255	230	204	71	65	86	215	252	253	234	192	68	62	75	221	249	253	237	200	74	67	81	211	251	253	233	202	68	65	86	218	245	253	227	192	72	62	78	213	253	253	238	200	68	65	87	224	251	253	231	205	73	67	78	214	246	253	242	197	69	62	90	220	252	253	234	205	74	64	81	214	253	253	230	199	69	63	87	220	246	
165	125	113	24	10	19	107	154	169	130	110	26	11	18	104	162	176	128	113	24	13	21	108	156	169	124	114	26	11	18	103	163	171	127	111	23	11	20	109	152	176	123	115	24	13	21	105	163	166	131	111	22	10	20	108	153	171	127	114	26	11	19	104	164	173	124	110	24	12	20	106	157	170	129	112	25	11	21	102	159	166	127	113	28	10	19	109	164	173	125	110	22	12	20	105	158	165	130	114	27	10	19	102	161	172	127	111	23	12	21	106	152	175	123	114	27	13	20	109	158	172	130	111	22	11	18	102	160	168	128	113	24	10	19	105	152	173	126	111	25	12	22	103	158	176	129	113	22	13	19	108	162	169	123	112	25	10	20	106	155	171	129	113	26	11	21	103	162	169	124	111	22	11	18	107	157	176	128	115	26	13	20	102	153	173	131	110	25	12	20	105	161	
57	35	6	2	2	4	7	45	54	40	5	3	1	4	9	49	61	34	6	2	1	3	8	44	55	37	5	3	1	4	7	47	58	41	6	2	2	4	9	45	53	36	5	3	1	3	7	47	57	40	6	2	1	4	8	44	61	35	5	2	1	5	7	51	57	40	6	3	1	3	8	43	53	37	5	2	1	5	9	47	61	41	6	2	1	3	8	43	52	34	5	3	1	4	7	48	59	40	6	2	1	4	9	42	52	36	6	2	1	4	7	47	60	38	5	2	1	4	8	43	54	40	6	2	1	3	7	48	61	38	6	2	1	4	8	44	54	36	5	2	1	3	7	47	56	41	6	2	1	4	9	50	58	37	5	2	1	4	7	44	51	41	6	2	1	5	8	46	59	36	5	2	1	4	8	48	53	41	6	2	1	4	7	44	61	37	5	2	1	5	8	48	
178	142	90	17	9	30	121	135	183	148	95	14	9	31	118	132	190	150	101	16	10	33	121	139	182	146	94	16	9	30	116	135	185	142	99	18	9	34	118	132	189	144	93	15	10	31	121	136	179	150	99	16	9	29	117	135	184	143	94	17	9	33	119	133	186	151	100	16	10	30	115	138	184	146	91	15	9	31	122	135	179	140	99	14	9	28	120	131	187	151	94	17	10	32	116	138	178	144	97	16	9	29	119	135	186	146	99	14	10	33	123	134	189	140	96	16	10	30	116	136	185	148	93	17	9	32	122	132	181	141	101	14	9	30	119	137	186	151	95	18	10	29	117	132	189	143	100	13	10	32	122	136	182	149	94	16	9	30	117	139	184	144	101	15	9	29	121	133	182	141	95	15	9	32	116	138	190	149	92	16	10	33	120	136	187	144	98	14	10	31	116	132	
253	235	207	70	62	85	222	253	253	230	199	73	64	88	211	252	253	244	201	71	67	84	223	245	253	232	196	69	64	79	209	250	253	237	205	73	65	85	218	253	253	229	197	70	67	89	224	250	253	238	201	68	62	79	212	251	253	231	199	72	65	83	222	253	253	239	202	68	66	80	217	247	253	230	196	73	64	89	210	251	253	241	205	70	62	85	220	252	253	225	193	75	66	75	214	251	253	237	202	68	62	80	224	247	253	227	196	71	65	89	215	252	253	235	207	69	67	80	222	245	253	243	199	73	65	83	214	252	254	228	206	70	63	88	224	252	253	241	196	73	66	76	215	251	253	234	207	69	67	83	221	249	253	244	197	70	63	85	210	252	254	226	201	72	65	82	218	253	253	236	207	70	64	76	216	250	253	228	193	68	67	86	224	251	253	243	202	72	66	75	210	250	
177	130	111	26	13	21	103	159	171	126	114	22	11	20	105	154	166	125	111	27	10	19	107	162	174	129	112	23	12	22	105	155	167	130	113	25	10	18	103	159	172	128	109	28	12	19	107	157	170	125	113	25	11	18	102	160	177	127	110	23	13	21	106	155	165	130	114	27	10	18	108	162	176	125	113	25	13	19	106	153	172	131	111	23	11	18	104	159	169	128	115	25	11	21	107	154	176	124	111	23	13	20	108	163	167	131	113	26	10	18	104	157	170	126	110	23	11	19	105	162	166	128	112	25	10	22	104	155	175	124	114	27	12	20	109	164	166	129	112	23	10	18	107	155	170	124	110	27	11	21	102	159	165	131	115	23	10	18	105	163	175	126	110	24	12	20	109	152	173	130	113	27	12	19	104	160	166	126	110	24	10	22	106	163	170	124	114	23	11	18	108	157	
52	42	5	2	1	3	8	48	59	36	6	2	1	4	8	43	51	41	5	2	1	5	7	49	60	39	6	2	1	4	8	45	55	35	6	2	1	3	7	50	61	38	5	2	1	5	8	42	52	34	5	2	1	3	7	49	58	42	6	2	1	4	9	45	54	38	5	2	1	4	7	47	59	35	6	2	1	4	8	49	55	39	5	2	1	4	7	46	60	38	6	2	1	5	8	44	54	35	5	2	1	3	7	50	56	40	5	3	1	5	8	45	58	37	6	2	2	3	7	49	56	34	5	2	1	5	8	45	53	41	5	2	1	3	8	50	59	38	6	3	1	4	7	46	55	36	5	2	2	5	7	43	61	39	6	3	1	3	8	48	57	34	5	2	1	4	7	42	54	39	6	2	2	3	9	46	59	35	5	3	1	4	8	50	56	38	6	2	1	4	7	44	
191	151	100	14	10	33	118	138	184	140	97	15	9	32	122	136	179	145	92	17	9	29	117	133	187	141	96	13	10	32	123	135	180	149	91	15	9	28	119	138	186	147	101	14	9	30	116	133	183	141	96	17	9	32	123	139	191	148	92	15	10	29	117	136	177	140	98	14	9	32	121	132	189	144	96	16	10	29	117	139	185	148	93	18	9	34	119	134	182	142	100	15	9	30	122	136	190	149	95	14	10	32	120	132	180	142	91	17	9	30	117	137	183	152	100	14	9	31	121	133	179	144	96	15	9	28	116	139	188	149	94	16	10	33	118	134	179	142	98	15	9	31	121	137	184	145	91	16	9	28	118	134	178	139	98	17	9	32	120	133	189	151	92	14	10	34	118	137	186	145	97	17	10	28	121	134	179	140	101	14	9	31	117	133	183	147	94	17	9	29	123	137	
253	227	201	68	67	77	213	247	254	239	192	71	65	81	220	250	253	228	208	69	62	76	215	253	253	241	203	74	66	87	222	251	253	231	193	71	63	76	213	246	253	243	200	69	65	82	219	252	254	226	208	74	64	75	216	248	253	241	195	70	67	88	218	251	253	227	207	72	61	85	213	250	253	243	201	69	67	76	225	253	253	232	195	72	65	81	212	245	253	235	207	70	64	90	219	253	253	244	197	72	67	82	211	251	253	233	205	69	63	76	220	250	253	238	195	73	64	86	209	253	253	226	203	68	62	77	219	248	253	234	194	72	66	84	212	251	253	236	203	68	62	81	220	247	255	225	198	71	64	90	212	252	253	233	204	74	62	75	219	247	253	240	194	69	67	88	222	251	253	230	199	73	66	83	213	245	253	240	204	71	62	80	218	252	253	232	197	74	64	89	221	252	
168	124	112	24	10	20	105	164	173	128	110	26	12	19	109	160	175	131	113	23	12	21	102	153	168	123	111	26	10	19	108	158	177	127	114	24	13	20	106	164	165	124	112	25	10	20	104	154	173	130	111	23	12	22	109	163	169	128	114	26	10	19	103	159	171	124	112	24	11	20	105	154	173	129	110	22	12	22	102	163	168	123	113	26	10	20	108	155	174	126	109	24	12	19	103	162	168	129	114	27	10	18	105	154	171	125	112	24	11	21	102	160	173	130	115	27	12	20	108	153	177	125	110	24	13	19	106	161	169	131	113	22	11	20	102	156	171	126	111	26	11	21	105	161	177	130	114	24	13	19	109	153	173	125	111	26	12	22	105	157	169	127	114	22	11	18	102	161	167	123	111	25	10	20	107	156	175	131	112	23	12	19	103	159	172	127	113	27	11	20	106	152	
61	35	6	2	1	5	8	42	55	40	5	2	1	4	7	51	58	37	6	2	1	3	9	46	53	36	5	3	1	4	7	43	58	39	5	2	1	4	8	48	55	41	6	3	1	4	7	46	59	39	6	2	1	4	8	44	54	36	5	3	2	5	7	49	60	37	6	2	1	3	8	46	51	41	5	2	1	5	7	42	58	36	6	3	1	3	8	50	53	42	5	2	2	4	7	47	57	39	6	2	1	4	8	44	61	35	6	2	1	4	7	48	53	41	5	2	1	4	8	42	60	37	6	3	1	4	9	48	57	39	6	2	1	4	7	43	61	34	5	2	1	4	8	47	52	40	6	2	1	3	8	51	57	35	5	2	1	4	9	44	53	41	6	2	1	5	7	50	61	37	6	2	1	4	8	47	57	40	5	2	1	3	7	43	54	37	6	2	1	4	9	46	
181	145	95	15	9	28	116	135	186	143	93	16	10	30	119	133	189	150	98	14	10	33	121	138	181	147	100	15	9	30	115	136	191	139	97	17	10	31	121	132	178	144	94	16	9	33	120	137	187	151	95	13	10	29	118	131	182	143	100	15	9	31	120	134	184	146	94	17	9	32	118	137	186	150	101	16	10	31	121	133	181	141	97	13	9	29	116	137	188	145	92	15	10	32	119	133	181	147	101	17	9	28	115	139	185	145	95	15	9	32	121	134	187	141	97	16	10	33	118	137	191	148	92	17	10	31	119	133	183	140	99	13	9	30	123	135	185	147	93	17	9	32	115	131	190	150	101	14	10	33	122	138	187	146	94	15	10	30	116	135	183	142	99	16	9	31	123	132	180	147	95	16	9	30	115	136	188	150	93	15	10	33	119	139	185	143	99	16	9	32	120	132	
253	242	195	73	63	83	224	252	253	233	205	69	66	86	214	251	253	235	197	73	67	90	221	249	253	229	200	70	63	80	212	252	253	240	207	68	68	83	221	252	253	230	203	72	62	90	215	249	253	235	197	68	66	85	223	253	253	233	204	73	63	80	210	246	253	236	193	70	65	77	221	252	255	229	199	74	66	87	215	250	253	239	204	68	63	84	218	251	253	226	198	73	66	78	221	252	254	236	203	68	63	85	217	249	253	229	199	74	65	88	213	252	253	242	205	70	66	78	224	249	253	232	197	71	67	90	216	251	253	241	209	74	64	75	222	252	253	229	199	70	65	86	215	253	253	243	206	72	67	79	223	250	253	230	196	68	66	82	216	251	253	235	208	71	64	85	211	253	253	242	200	71	63	78	220	252	255	226	194	68	66	87	209	250	253	237	209	70	65	78	216	248	
175	130	114	25	13	18	107	155	166	126	112	24	10	22	104	158	170	127	115	28	11	18	105	163	173	126	110	22	12	20	107	160	169	131	113	27	11	21	104	155	172	129	110	23	11	18	108	161	176	123	115	27	13	20	104	153	166	126	112	22	10	18	106	157	175	131	111	25	12	21	107	161	167	126	115	27	10	19	109	156	177	128	112	23	13	18	105	160	165	130	113	26	10	20	106	157	171	124	110	25	11	22	109	162	175	127	113	22	12	20	107	156	165	129	111	26	10	18	105	164	171	127	113	24	11	21	103	157	167	124	111	27	10	18	108	163	174	129	114	24	12	19	106	154	169	123	109	27	10	20	104	164	167	128	113	23	10	19	107	158	171	130	110	28	11	20	108	153	177	128	112	24	13	21	104	164	171	125	115	26	11	18	109	154	166	129	110	22	10	21	102	162	
53	38	6	3	1	3	7	47	60	34	6	2	1	4	8	44	55	39	5	2	2	4	7	46	61	42	6	2	1	5	8	50	52	34	5	2	1	3	7	44	60	37	6	2	1	5	9	51	52	35	5	2	1	4	7	47	61	40	6	2	1	3	8	43	55	39	5	2	1	4	7	50	57	35	6	2	1	4	9	45	61	40	5	2	1	4	7	47	56	34	6	2	1	3	8	43	59	37	5	2	1	5	9	49	52	40	5	2	1	3	7	43	56	36	6	2	1	5	8	51	58	40	5	2	1	3	7	45	51	35	5	2	1	5	8	49	56	42	6	2	1	3	8	45	59	37	6	2	1	5	6	43	54	40	6	2	1	4	7	49	60	36	5	3	1	3	8	45	55	38	5	2	1	4	7	44	52	34	6	3	1	5	8	48	59	41	5	2	1	4	7	50	
189	150	97	17	10	33	122	138	179	147	101	14	9	31	117	136	183	140	91	17	9	28	119	131	187	144	96	16	10	32	122	134	182	151	93	14	9	29	119	138	185	145	100	15	9	31	116	134	190	140	97	17	10	30	122	135	179	148	92	16	9	33	116	138	189	141	98	14	10	28	122	132	180	147	91	15	9	33	117	135	191	144	95	16	10	31	120	136	178	151	99	17	9	30	123	135	184	139	93	14	9	33	120	132	189	150	99	17	10	29	117	137	178	146	93	15	9	31	122	131	184	143	101	14	9	29	120	136	180	151	95	16	9	32	117	138	188	141	99	15	10	29	120	136	182	144	94	17	9	31	117	133	180	140	96	14	9	28	121	136	184	149	91	17	9	33	117	138	191	141	101	14	10	32	120	134	184	145	96	17	9	28	122	135	180	140	91	13	9	30	117	134	
253	235	203	71	67	88	211	251	253	225	199	74	62	75	218	248	253	243	205	68	64	83	210	252	253	237	194	72	66	77	225	247	255	226	200	73	64	87	217	250	253	234	192	70	65	79	211	252	253	244	205	71	67	77	219	250	253	228	198	69	62	83	217	251	253	242	200	73	67	90	213	253	253	235	209	69	63	82	222	247	253	228	192	71	67	77	216	252	253	242	206	70	62	88	210	248	253	230	194	71	65	76	223	253	253	240	208	69	67	81	218	246	253	228	192	73	62	85	214	251	255	237	200	68	65	80	219	252	253	227	202	71	63	83	210	245	253	238	193	69	66	89	220	251	253	231	201	74	64	76	211	248	253	239	204	70	62	88	218	252	253	227	192	73	65	77	225	250	253	232	205	69	68	90	214	248	253	239	202	74	65	76	223	251	253	230	198	69	62	82	218	253	
168	127	113	27	10	19	108	162	172	123	109	23	11	20	102	153	176	130	112	25	13	19	108	158	165	128	114	26	10	21	103	152	175	124	111	23	12	18	109	162	167	126	114	26	10	19	102	156	170	131	112	24	11	21	105	158	172	127	110	26	12	20	108	164	171	124	113	23	11	18	102	152	169	129	110	25	11	20	105	163	172	125	114	24	11	21	103	153	170	128	111	25	11	21	108	164	174	126	114	23	12	18	104	152	167	131	109	28	10	19	103	158	170	123	114	23	11	21	106	160	176	130	110	25	13	19	109	152	173	128	115	23	12	20	105	159	165	126	111	26	10	21	103	161	171	131	112	22	11	18	108	152	175	124	115	25	13	21	102	162	173	127	112	23	12	18	105	160	165	124	113	26	10	19	107	156	169	130	109	23	11	20	104	161	174	124	112	25	12	20	106	157	
57	39	5	2	1	4	9	43	53	41	5	2	1	5	7	49	59	36	6	3	1	3	8	47	54	38	5	2	1	4	7	43	57	36	6	3	1	4	8	48	56	41	5	2	1	4	7	42	58	39	6	2	1	3	8	45	54	34	5	3	1	4	7	48	59	37	6	2	1	3	8	44	52	41	5	2	2	5	7	49	57	37	6	2	1	3	8	44	53	38	5	2	1	4	7	51	61	41	6	3	1	3	8	45	55	35	6	2	1	4	7	49	60	38	5	2	1	4	9	44	54	39	6	3	1	4	7	46	61	37	6	2	1	4	8	42	54	35	5	2	1	4	7	50	57	40	5	3	1	4	9	46	61	34	5	2	1	3	7	43	52	39	6	2	2	4	8	47	58	41	6	2	1	3	9	51	60	39	5	2	1	4	7	42	56	36	6	2	1	3	8	46	
182	144	94	15	9	29	118	132	185	142	96	17	9	32	121	134	190	149	94	15	10	33	116	139	178	146	101	14	9	29	120	135	189	142	98	17	10	34	117	132	180	147	91	14	9	28	122	137	184	149	95	16	9	32	118	133	186	142	101	14	10	30	121	136	184	152	94	16	9	31	117	134	182	140	96	17	9	32	121	139	185	148	100	14	9	29	118	131	183	143	92	16	9	32	119	138	187	145	96	15	10	30	117	135	181	147	98	16	9	31	121	134	184	142	95	13	9	32	118	139	189	149	92	17	10	34	116	132	186	142	98	14	10	30	121	135	178	146	91	17	9	31	118	132	184	148	97	13	9	33	122	137	189	152	100	17	10	32	118	132	187	144	97	14	10	30	122	135	177	146	94	16	9	29	119	131	183	151	98	15	9	32	116	138	187	147	100	16	10	31	120	136	
253	228	193	68	63	78	220	250	253	239	207	70	65	82	222	252	253	230	195	72	67	88	218	249	253	234	202	69	62	85	213	251	253	242	209	71	67	75	216	253	253	237	202	68	63	82	222	246	253	229	195	74	64	88	214	252	253	239	207	72	65	86	224	248	253	226	202	68	65	75	219	251	253	233	196	70	64	80	211	252	253	239	203	74	65	86	224	251	253	231	197	69	64	79	215	250	253	237	203	73	66	84	219	251	253	232	196	71	63	89	211	250	253	239	201	69	64	75	221	252	253	230	206	74	67	88	212	249	253	244	196	69	66	77	224	251	253	233	207	73	62	82	215	253	253	241	196	68	65	85	221	252	253	229	200	72	67	83	216	246	254	243	207	68	66	80	212	251	253	234	200	72	61	84	221	252	253	227	195	70	64	81	216	252	253	244	206	72	66	86	213	245	
177	131	111	23	13	21	105	154	171	129	114	26	11	18	106	160	168	126	111	22	10	21	105	164	173	125	112	24	12	18	104	159	169	130	114	27	11	22	106	154	174	128	109	24	12	20	105	163	168	125	113	26	10	19	107	160	176	129	114	23	13	19	103	155	166	130	112	26	10	22	105	160	175	125	113	24	12	20	108	155	165	131	110	27	10	18	107	161	176	123	114	22	13	19	102	154	166	129	111	26	10	20	105	159	177	126	113	24	13	21	108	163	172	127	112	25	11	18	107	154	168	129	113	26	10	22	101	163	170	125	111	24	11	20	105	155	176	130	113	23	13	19	107	158	173	125	110	27	12	20	104	163	166	128	113	24	10	19	106	158	169	129	110	27	11	21	109	154	173	131	114	24	12	19	102	162	176	126	112	27	13	22	108	152	166	128	114	24	10	18	103	163	
61	35	6	3	1	3	8	48	58	37	6	2	1	4	6	42	52	34	5	2	1	4	9	45	56	41	6	2	2	3	8	50	61	39	6	2	1	4	7	45	53	35	5	2	1	3	8	47	60	37	5	2	2	5	9	50	57	42	6	2	1	4	7	43	53	38	5	2	1	4	8	46	61	34	6	3	1	3	8	48	54	40	6	2	1	4	7	46	60	35	6	2	1	4	9	43	53	39	5	2	1	4	7	48	58	37	6	2	2	4	8	42	52	41	6	2	1	5	7	47	58	34	5	2	1	3	8	50	55	41	6	2	1	4	7	47	59	38	5	2	2	3	8	44	53	37	6	2	1	4	7	48	55	41	6	2	1	5	8	50	59	35	5	2	1	3	7	44	54	37	5	2	1	5	7	46	57	35	6	3	1	4	8	45	51	40	5	2	2	5	7	50	
191	145	91	16	10	33	122	137	184	152	100	13	9	29	117	136	181	145	98	16	9	30	123	133	186	141	92	17	10	32	118	136	183	150	95	15	9	30	121	138	187	140	101	18	10	31	115	133	181	144	96	15	9	33	119	139	190	147	91	17	10	28	118	132	179	143	99	13	9	33	123	137	189	146	93	15	10	29	116	134	178	150	97	17	9	34	122	135	190	140	95	14	10	28	116	136	180	149	101	17	9	31	122	133	191	141	90	14	10	33	115	137	186	151	100	17	9	28	119	133	181	140	97	15	9	31	123	135	184	145	94	16	9	29	116	137	190	150	101	15	10	32	121	139	187	140	93	16	10	30	119	134	179	145	95	15	9	29	115	135	182	141	92	16	9	31	121	139	186	149	99	15	10	34	117	136	189	143	92	18	10	31	123	134	179	141	96	14	9	29	118	133	
253	237	204	74	67	90	210	253	254	232	197	71	65	84	217	246	253	240	203	68	63	78	212	253	253	227	198	75	66	82	222	251	253	233	201	69	64	89	219	249	253	226	197	72	66	85	212	252	253	240	204	69	63	76	220	250	255	231	199	71	67	80	209	252	253	234	193	73	62	85	216	249	253	244	205	72	67	89	221	253	253	225	198	69	62	76	213	247	254	241	207	72	67	90	221	252	253	227	199	68	62	82	213	245	253	243	206	70	67	79	225	253	253	225	200	72	65	85	216	247	253	234	193	70	63	80	222	253	253	236	203	72	64	86	213	251	253	226	199	70	67	79	218	249	255	235	204	72	66	89	209	251	253	238	194	69	62	76	223	253	253	225	202	75	64	88	217	252	253	240	197	70	65	75	210	247	253	236	208	73	67	89	219	250	253	231	198	69	62	77	224	252	
172	126	113	28	12	19	104	161	165	124	111	24	10	20	109	156	174	127	113	27	12	19	103	159	166	131	110	25	10	21	108	155	177	127	112	23	13	19	102	161	165	124	113	25	10	18	108	157	175	130	111	22	12	21	103	153	167	124	112	28	10	18	109	162	174	127	109	25	12	20	106	156	170	129	115	22	11	19	104	163	173	126	113	25	12	20	105	157	169	128	110	24	11	22	109	163	174	130	112	23	12	18	107	158	170	124	115	27	11	20	103	153	166	130	110	24	10	19	104	161	174	124	114	22	12	20	106	157	166	131	113	27	10	18	108	161	172	124	110	25	11	21	102	153	168	127	114	24	10	18	109	159	172	130	111	26	11	22	105	155	177	123	114	22	13	18	104	164	167	127	110	26	10	21	107	156	171	124	113	23	11	18	105	161	170	130	110	25	11	21	107	155	
54	38	5	2	1	5	7	45	56	41	6	2	1	4	8	51	60	39	5	3	1	4	7	46	58	37	6	2	1	5	8	43	54	35	5	3	1	4	8	48	59	40	6	2	1	4	8	44	52	38	6	3	1	3	7	47	56	36	5	2	1	4	8	45	59	39	6	2	1	5	7	51	55	40	5	2	1	4	7	42	58	36	5	2	2	3	8	50	55	42	5	2	1	5	7	47	59	34	6	3	1	3	8	45	54	39	5	2	1	4	7	50	61	36	5	3	1	3	8	43	56	38	5	2	1	4	7	46	60	39	6	3	1	4	9	43	53	36	6	2	1	5	7	49	61	40	5	2	1	3	8	43	56	36	5	3	1	4	7	46	52	38	6	2	1	4	9	42	61	39	6	2	1	3	8	49	53	42	5	2	1	4	7	47	59	37	6	2	1	3	9	43	
186	148	98	15	9	30	115	135	178	139	95	17	9	31	120	132	188	144	93	14	10	33	116	138	179	148	99	15	9	28	120	132	191	143	97	16	10	33	117	134	178	146	93	13	9	29	120	136	188	151	98	16	10	31	122	134	180	140	100	14	9	32	117	135	187	150	93	17	10	31	119	138	183	141	101	16	9	30	121	132	186	145	91	15	10	31	117	138	182	147	98	17	9	31	120	132	188	145	94	15	10	32	118	139	183	143	96	16	9	29	122	132	179	146	98	14	9	31	117	135	188	144	93	16	10	33	120	138	179	148	99	17	9	32	118	131	185	142	94	16	9	28	120	135	181	145	96	14	9	31	117	133	185	150	98	17	9	33	123	137	191	147	101	14	10	32	116	134	180	140	95	17	9	28	120	132	185	145	96	13	9	30	116	135	183	150	101	17	9	32	121	139	
253	226	199	68	65	81	215	251	253	242	208	73	62	76	223	250	253	228	193	71	66	87	220	251	253	236	206	70	62	76	209	245	253	244	194	72	67	83	215	252	253	236	207	70	62	78	223	247	253	228	192	73	66	84	215	253	253	242	201	68	63	90	218	245	253	236	208	70	66	77	223	252	253	229	195	68	64	83	212	248	253	237	205	73	66	81	217	252	253	230	200	69	64	84	219	250	253	238	192	71	66	75	216	252	253	229	204	75	64	87	211	250	255	236	197	68	62	76	220	252	253	241	208	73	66	90	210	250	253	229	198	68	62	75	219	246	253	242	206	74	65	87	223	252	253	229	197	68	63	77	218	247	253	234	208	71	65	86	214	251	253	242	198	71	67	81	220	249	253	233	205	68	63	85	223	251	255	228	192	71	65	80	214	253	253	241	201	72	64	87	217	248	
168	127	112	23	10	22	108	153	175	130	114	26	13	18	103	163	169	129	110	24	11	21	107	153	172	123	115	23	11	18	105	163	168	126	112	26	10	20	107	152	173	129	110	27	12	21	104	159	170	125	115	25	11	19	108	164	172	128	110	23	11	22	105	154	169	131	113	24	10	19	102	162	177	123	111	27	13	21	107	158	167	130	112	23	10	18	103	152	174	124	114	28	12	19	106	161	165	127	113	25	10	21	104	156	172	128	111	22	11	18	106	164	175	127	113	27	13	21	109	156	168	126	110	24	10	19	103	162	177	128	112	25	13	21	106	155	169	127	113	22	11	19	105	164	175	129	111	26	12	20	106	157	165	125	113	23	10	19	102	162	170	127	112	27	11	21	108	152	174	130	113	24	12	19	103	159	166	129	111	26	10	20	109	157	175	123	115	24	12	19	102	164	
60	40	6	2	1	4	8	47	52	36	5	2	2	3	7	44	56	35	6	2	1	4	8	47	52	38	5	2	1	3	7	49	60	42	6	2	1	4	7	44	55	38	6	2	1	4	7	51	56	35	5	2	1	5	8	42	61	41	6	2	1	3	7	48	51	35	5	2	1	4	8	44	60	37	6	2	1	3	9	46	52	39	6	3	1	4	6	48	61	37	6	2	1	4	8	44	51	38	5	2	1	5	7	49	56	41	6	2	1	3	9	44	58	35	6	2	1	4	7	46	52	40	6	2	2	4	8	48	57	35	5	2	1	4	8	51	59	42	5	2	1	3	7	45	51	34	6	2	1	4	8	46	59	38	6	2	1	4	8	50	58	41	5	2	1	5	7	48	55	34	6	2	1	4	8	45	58	38	6	2	1	4	8	44	55	35	5	3	1	4	7	49	
181	143	92	15	9	34	122	134	189	147	96	14	10	31	118	137	182	150	101	16	9	30	122	133	185	140	96	15	9	32	118	136	182	151	92	17	9	30	122	138	187	145	100	16	10	32	119	132	183	142	92	15	9	30	116	138	186	147	95	17	9	33	121	132	182	144	98	15	9	29	115	135	191	148	94	14	10	33	119	136	180	143	97	17	9	28	122	135	187	151	100	13	10	33	118	134	178	141	92	17	9	29	121	136	185	150	100	15	9	33	116	135	189	140	92	18	10	31	121	137	181	150	101	13	9	29	118	133	191	141	91	16	10	31	122	135	182	151	96	14	9	33	116	138	188	146	100	17	10	32	121	136	178	142	91	15	9	29	118	132	183	145	96	17	9	30	119	135	188	151	93	14	10	32	121	138	179	147	99	15	9	33	119	137	188	141	94	16	10	28	117	131	
253	239	196	73	63	84	219	247	253	230	201	70	67	88	211	252	253	238	204	69	64	79	216	249	255	231	196	73	65	90	224	252	253	235	203	68	63	80	217	250	253	230	199	74	66	87	210	251	253	239	206	69	64	75	221	249	253	233	196	71	65	81	212	252	253	227	203	74	64	87	219	250	253	239	199	71	68	76	215	251	255	231	202	69	63	87	224	250	253	243	196	74	66	78	209	253	253	233	209	71	62	88	223	248	253	241	195	69	65	80	218	252	253	233	202	72	67	84	215	246	253	227	194	69	63	79	224	251	253	238	204	72	68	86	212	252	253	232	192	69	64	81	216	249	253	239	202	71	67	84	211	253	253	227	195	73	62	79	221	250	253	236	203	69	64	90	211	252	253	230	196	74	66	77	217	246	253	243	202	69	62	86	210	250	253	231	206	70	67	75	222	252	
173	129	110	25	12	18	105	161	167	124	112	22	10	21	106	155	171	126	113	25	11	19	104	160	176	128	109	28	13	22	109	157	171	130	114	22	11	19	103	162	167	124	113	24	10	19	107	155	176	131	111	23	13	20	102	160	166	127	113	27	10	18	106	157	174	125	112	25	12	21	108	159	165	129	114	23	10	18	104	155	175	126	110	26	12	21	109	164	169	129	112	22	10	20	104	154	176	125	109	24	13	19	108	160	167	131	114	26	10	22	102	153	171	124	111	23	11	19	105	161	173	130	112	26	12	20	107	152	165	123	115	23	10	18	103	160	173	130	109	28	12	20	108	154	167	124	114	24	10	21	103	161	176	131	110	26	13	20	108	154	172	128	115	23	11	18	104	160	168	125	109	25	10	22	106	163	176	127	112	22	13	18	104	155	169	131	113	27	10	21	107	159	
53	34	5	2	1	3	7	43	58	38	6	2	1	5	9	50	61	41	6	2	1	4	7	43	57	40	5	2	1	4	8	45	53	34	6	3	2	3	9	48	61	37	5	2	1	4	8	45	58	40	6	3	1	4	7	47	54	36	5	2	1	4	9	50	58	38	6	3	1	4	8	43	54	41	6	2	1	5	7	49	58	34	5	2	1	3	8	43	53	41	6	2	1	4	7	51	57	35	5	2	1	3	8	42	60	37	6	2	1	4	7	46	53	39	5	3	1	5	8	49	61	38	5	2	1	3	8	42	54	37	6	2	1	5	7	46	56	39	6	2	1	4	9	43	60	37	6	2	1	5	7	49	56	40	5	2	1	3	8	45	53	36	6	3	1	4	8	43	60	37	5	2	2	3	7	46	52	41	5	2	1	5	7	51	61	39	6	2	1	4	8	46	
187	151	100	17	10	31	118	138	180	142	98	16	9	28	120	132	184	146	90	17	9	32	116	139	190	144	95	14	10	29	121	135	185	146	99	16	9	34	116	133	180	140	94	14	9	28	120	136	190	149	97	17	10	32	123	134	179	141	101	16	9	29	118	137	188	151	91	14	10	32	122	133	178	140	100	17	9	30	120	139	188	149	92	15	10	32	116	132	182	141	96	16	9	30	119	138	190	148	97	14	10	32	115	131	181	144	96	16	9	30	123	138	184	147	95	15	9	28	119	132	186	143	97	16	10	32	116	139	178	149	95	15	9	29	120	136	187	144	98	17	10	31	119	133	180	140	93	13	9	30	117	135	190	149	95	16	10	31	122	138	185	141	100	14	9	33	119	136	182	146	98	16	9	29	115	132	190	142	91	17	10	31	122	134	182	146	96	14	9	30	119	136	
254	233	204	71	66	78	213	253	253	244	192	69	63	82	221	250	253	226	199	74	65	85	218	252	253	241	208	69	67	75	213	248	253	227	198	72	65	86	219	251	253	243	204	69	62	77	222	253	254	225	195	72	67	89	213	251	253	235	205	70	62	84	225	248	253	243	198	71	66	79	210	253	253	228	207	69	62	89	220	247	253	240	193	72	67	79	214	252	253	234	205	70	63	85	217	246	253	226	198	68	67	77	220	252	253	238	201	72	63	83	213	249	253	230	205	69	64	89	221	253	253	244	200	74	66	83	214	249	254	231	196	70	62	77	218	251	253	241	208	73	66	89	220	252	253	230	199	70	63	76	225	245	253	244	206	68	67	86	215	252	253	232	198	72	65	75	218	248	253	240	207	70	63	87	224	253	253	226	200	72	67	79	220	251	253	235	194	68	64	89	215	249	
170	125	114	26	11	19	109	158	177	128	111	27	13	20	102	164	165	131	112	24	10	19	107	156	172	125	114	25	12	18	102	161	167	128	112	24	10	20	108	154	174	127	110	27	12	19	104	162	169	128	114	26	11	21	109	156	175	123	110	22	12	20	103	163	168	130	114	24	10	19	105	153	171	124	110	27	11	21	106	162	173	131	113	24	12	20	102	156	170	123	115	25	11	18	107	159	166	130	113	27	10	21	103	162	173	125	110	23	12	18	108	158	169	129	114	25	11	21	106	155	176	126	113	25	13	19	104	164	171	129	111	24	11	22	109	157	168	126	113	23	10	18	104	163	174	130	111	26	12	20	107	156	171	126	113	22	11	19	103	163	166	124	110	25	10	21	106	158	174	130	113	27	12	19	108	153	165	124	114	25	10	21	106	161	174	128	110	23	12	19	103	152	
59	41	6	2	1	4	8	48	55	39	5	2	1	3	7	44	57	35	5	3	1	5	8	47	54	37	6	2	1	4	7	50	59	39	6	2	1	5	8	42	56	41	5	2	1	3	7	49	52	35	6	2	1	5	8	43	59	42	5	2	1	3	7	46	55	38	6	2	2	5	7	47	61	36	5	2	1	4	8	46	56	39	5	3	1	4	7	45	60	37	6	2	2	5	9	47	56	40	6	3	1	4	7	46	52	36	5	2	1	4	8	48	58	41	6	2	1	3	8	44	55	35	6	2	1	4	7	46	59	41	6	2	1	4	8	50	52	34	5	3	2	3	7	48	57	41	5	2	1	4	8	42	54	35	6	2	1	4	7	46	61	41	5	2	1	3	8	50	54	39	6	2	1	4	7	48	59	36	6	2	1	4	9	42	54	37	5	2	1	3	7	45	
183	144	92	16	9	29	121	135	192	148	95	13	10	33	117	134	178	141	97	15	9	30	123	136	186	149	100	17	9	31	118	131	181	142	92	14	9	30	121	137	188	150	101	17	10	32	118	132	182	143	96	15	9	30	117	139	189	146	94	14	10	31	121	131	181	143	98	17	9	30	118	137	184	148	95	14	9	34	117	133	186	144	99	17	10	29	121	137	184	146	94	15	9	32	122	134	179	143	101	17	9	28	120	136	187	152	92	13	10	31	117	134	182	141	100	17	9	33	119	137	189	148	91	14	10	30	122	134	184	140	100	17	9	34	117	132	182	146	92	15	9	30	123	137	188	150	101	16	10	32	120	132	184	143	97	17	9	28	116	135	179	152	93	15	9	31	122	133	187	144	96	16	10	32	118	136	178	149	101	13	9	29	120	139	188	140	98	15	10	32	116	133	
253	229	197	70	64	86	225	245	253	235	207	73	68	80	217	252	253	239	202	68	62	89	212	250	253	229	194	71	65	83	222	253	253	237	201	70	63	79	211	246	253	232	193	74	66	87	216	251	253	241	209	68	64	82	220	249	253	229	201	73	67	76	215	252	253	237	193	68	63	86	218	250	253	232	203	74	64	75	223	252	253	236	200	68	66	87	211	249	253	229	196	71	64	81	222	251	253	244	206	74	62	90	212	252	253	228	200	69	66	75	224	251	253	237	192	73	64	84	210	247	253	227	207	71	67	78	217	252	253	239	201	68	65	87	222	250	253	225	198	72	63	80	209	253	253	236	203	69	66	88	217	251	255	228	193	74	65	79	212	249	253	238	204	70	62	82	221	252	253	229	194	73	66	85	214	251	253	237	201	69	62	82	212	247	253	241	209	74	66	76	217	252	
173	130	112	23	12	22	104	160	169	123	113	24	11	18	108	153	174	127	110	22	12	21	104	159	168	129	113	27	10	20	105	152	175	124	111	25	12	22	106	165	165	130	115	22	10	18	105	159	173	125	111	24	12	20	103	153	166	130	113	27	10	18	107	160	171	126	111	25	11	22	104	158	177	128	113	22	13	20	108	154	167	125	111	26	10	19	106	162	175	129	112	23	13	22	104	158	171	126	111	25	11	19	108	152	177	128	113	24	13	20	105	163	166	126	112	27	10	18	102	159	172	131	110	22	11	20	107	156	167	124	113	27	10	19	102	160	177	129	111	25	13	21	108	153	171	123	114	24	11	19	105	161	168	128	112	27	10	21	109	153	177	130	114	23	13	18	102	159	170	125	112	24	11	20	106	164	172	131	110	23	12	18	103	156	167	126	113	26	10	20	107	163	
52	38	5	3	2	4	7	43	60	36	6	2	1	4	9	51	52	39	5	2	1	3	7	46	61	41	6	2	1	4	8	44	51	35	5	2	1	3	7	48	57	38	6	2	1	4	9	45	61	37	5	3	1	4	7	48	53	39	6	2	1	4	8	44	60	34	5	2	1	3	9	50	57	40	6	2	1	4	7	43	52	35	6	2	1	3	8	49	59	42	5	2	1	4	8	42	54	34	5	2	1	3	7	50	61	40	6	2	1	5	8	43	55	35	6	2	2	4	7	51	60	40	5	3	1	5	9	47	54	37	5	2	1	3	7	44	61	39	6	2	1	5	8	46	55	37	6	2	1	3	7	50	60	40	5	3	1	4	9	48	52	37	6	2	2	5	7	43	57	34	5	3	1	3	8	45	56	40	5	2	1	4	7	47	61	35	6	2	1	5	8	50	
186	146	97	14	10	32	118	132	182	143	101	17	9	29	121	138	187	151	93	14	10	31	117	133	182	143	96	16	9	33	119	138	188	147	95	17	10	31	115	134	178	141	97	13	9	29	122	136	186	145	91	16	10	33	119	133	179	150	99	17	9	28	116	137	185	145	92	15	9	32	120	134	191	141	101	16	10	28	123	136	180	151	91	14	9	32	116	134	189	140	99	17	10	30	119	139	184	148	93	14	9	33	117	133	191	140	98	16	10	29	122	137	179	149	95	15	9	31	120	132	185	143	98	16	9	32	116	136	180	151	94	14	9	28	121	138	190	142	99	17	10	32	115	133	185	145	95	14	9	29	118	139	181	147	91	16	9	33	121	134	191	139	99	14	10	31	117	138	183	148	92	17	9	30	121	132	186	141	97	15	10	33	117	135	180	150	93	17	9	30	123	137	
253	238	205	72	66	90	209	252	253	225	199	69	64	76	215	248	253	233	196	71	66	84	221	252	254	243	204	73	63	77	214	250	253	231	206	69	67	90	218	252	253	239	202	71	62	83	223	249	253	228	197	72	65	79	210	252	255	240	199	69	62	90	222	245	253	231	206	72	65	81	212	252	253	242	197	70	67	84	217	247	253	226	208	73	63	77	219	251	254	239	202	69	67	85	217	253	253	231	194	72	65	80	215	248	253	235	208	70	67	86	218	252	255	240	198	71	62	79	216	251	253	234	202	69	65	88	220	253	253	229	193	74	62	75	213	246	253	243	205	69	67	85	216	251	253	232	195	72	65	76	223	248	253	241	208	68	63	83	219	253	253	231	198	72	67	90	210	251	253	242	205	68	64	77	217	249	253	233	199	71	65	88	222	253	253	227	195	68	63	83	220	250	
165	124	114	25	10	18	106	155	175	130	111	27	12	20	103	161	166	128	115	26	10	20	106	163	176	125	111	24	13	18	109	160	169	131	114	23	11	19	103	155	171	126	109	26	11	21	108	158	177	129	113	25	13	19	106	163	170	124	112	23	11	21	109	155	173	127	115	25	12	19	102	164	165	130	110	27	10	18	106	160	171	127	114	23	11	21	103	153	172	124	110	28	12	18	109	164	165	131	114	22	10	21	106	157	170	124	109	26	11	19	104	160	174	129	112	24	12	21	109	153	168	123	115	25	10	18	105	162	174	130	110	26	12	21	106	154	170	125	114	23	11	18	103	164	166	131	112	26	10	22	107	156	174	125	109	23	12	19	104	162	166	127	113	25	10	20	107	157	175	129	111	26	12	22	104	154	169	123	115	28	11	19	108	162	176	129	111	24	13	20	102	157	
59	37	6	2	1	3	7	45	54	40	5	2	1	5	8	47	58	34	6	2	1	4	8	42	55	37	5	3	1	3	7	49	60	40	6	2	1	4	8	43	54	35	5	2	1	5	7	51	58	40	6	2	2	3	8	42	55	36	5	2	1	5	7	49	57	41	6	2	1	4	8	43	54	36	5	3	1	3	7	48	61	39	5	2	1	5	8	45	53	36	6	2	1	3	7	48	58	40	5	2	1	4	9	45	53	37	6	3	1	3	7	49	59	39	5	2	1	4	8	45	51	36	6	2	1	3	7	43	58	42	6	2	1	4	8	49	53	35	5	3	1	4	7	43	58	40	6	2	1	4	8	47	53	34	5	2	1	3	7	44	58	38	6	2	1	4	8	47	60	41	5	2	1	4	7	51	53	36	6	2	1	4	8	44	57	42	5	2	1	4	8	46	
178	140	91	16	9	30	121	139	189	148	95	15	10	34	115	134	179	139	99	16	9	28	120	136	190	149	92	14	10	31	122	132	183	144	100	15	9	29	120	135	184	152	93	17	9	32	117	138	191	140	100	15	10	30	120	135	184	147	94	16	9	33	122	132	187	142	97	13	10	30	118	139	178	149	94	17	9	31	119	132	184	143	98	16	9	32	118	137	186	149	95	14	9	31	122	132	177	142	97	15	9	29	120	137	184	145	94	17	9	32	115	134	188	147	101	14	10	30	118	138	181	145	93	17	9	33	122	133	188	141	98	16	10	31	118	135	183	147	91	14	9	30	119	136	179	143	97	17	9	32	122	131	187	150	100	14	10	31	116	137	179	145	94	17	9	29	119	132	188	143	101	14	10	32	120	138	182	149	95	16	9	28	119	136	190	145	100	14	10	32	116	133	
255	230	193	70	62	82	219	250	253	242	202	74	67	87	223	253	253	236	208	70	62	79	211	246	253	227	193	68	67	87	224	252	253	235	200	72	64	81	217	247	253	226	196	68	65	76	214	253	253	245	206	70	67	86	220	250	253	235	202	74	64	76	215	251	253	227	195	69	66	88	220	253	253	237	204	72	62	80	214	251	253	234	192	69	65	89	224	252	253	229	199	73	65	75	211	245	253	241	204	70	61	88	222	251	253	233	197	74	64	76	209	251	253	226	205	68	66	89	223	245	253	242	196	72	63	80	212	251	253	235	209	70	66	83	224	252	254	231	199	71	64	90	219	249	253	237	205	73	62	82	213	252	253	226	197	70	66	86	217	250	253	238	201	69	62	75	223	247	254	227	192	74	67	82	220	252	253	236	207	70	64	84	211	247	253	244	200	73	67	75	215	252	
172	130	109	26	11	19	109	164	170	127	113	24	11	21	105	153	172	124	110	23	11	19	107	158	168	129	113	25	10	22	102	154	174	123	110	28	12	19	105	162	166	130	113	25	10	20	106	160	172	126	114	23	11	21	102	154	167	131	110	27	10	18	105	161	176	123	112	23	13	20	107	152	170	128	113	24	11	21	104	157	175	125	111	26	12	19	108	162	168	130	113	24	10	20	105	155	176	126	112	25	13	18	102	162	168	130	114	27	10	21	107	154	171	125	111	22	11	19	103	164	176	127	113	27	13	20	108	157	165	128	112	23	10	19	104	162	172	127	113	28	12	20	109	155	176	124	111	22	13	19	102	159	170	129	115	25	11	21	108	152	172	126	110	27	11	18	103	164	167	130	113	22	10	20	109	158	174	127	110	25	12	18	105	153	168	125	113	23	10	21	106	160	
56	40	5	2	1	4	8	49	61	35	6	2	1	3	6	44	54	41	5	2	1	4	7	50	59	38	6	2	1	5	9	45	53	36	5	2	2	4	7	47	59	41	6	2	1	3	8	44	55	36	5	2	1	4	7	48	61	39	6	3	1	3	8	45	52	35	5	2	1	4	7	47	59	38	6	2	1	4	9	45	55	41	6	2	1	4	7	51	57	38	5	3	2	4	8	43	60	35	6	2	1	4	7	48	56	41	5	2	1	4	8	42	54	35	6	2	1	4	8	47	61	40	5	3	1	5	8	50	56	34	5	2	2	4	7	44	60	40	6	2	1	5	9	51	55	36	5	2	1	3	7	45	61	41	6	3	1	5	8	49	56	36	5	2	1	4	7	42	52	38	6	2	1	3	9	46	59	39	5	3	1	5	7	49	51	34	6	2	1	3	7	43	
185	151	100	15	9	32	118	131	183	144	97	17	9	30	122	137	186	147	94	14	9	32	116	134	181	142	101	17	9	30	119	139	188	147	94	15	10	33	116	132	179	143	98	14	9	28	121	136	185	148	93	18	9	32	116	133	180	143	96	14	9	29	119	137	190	149	100	17	10	31	115	134	183	139	96	14	9	33	122	138	189	147	92	15	10	29	120	133	181	141	101	17	9	33	116	135	190	146	92	16	10	31	118	136	181	151	99	14	9	34	123	135	185	141	91	16	9	28	119	132	190	150	100	14	10	31	116	137	178	145	94	15	9	29	121	134	186	151	101	16	10	33	117	138	189	140	93	15	10	31	120	135	183	146	96	16	9	30	118	133	185	141	98	15	9	34	123	137	180	151	91	17	9	30	115	135	188	145	98	15	10	32	122	132	181	142	93	18	9	29	120	137	
253	240	207	72	65	78	212	252	253	232	198	68	64	83	218	249	253	229	201	71	65	89	216	251	253	238	198	75	63	75	219	250	253	241	207	69	66	84	210	251	253	236	203	73	62	89	221	249	254	230	192	71	65	81	211	252	253	233	199	68	63	83	224	246	253	241	207	71	67	77	209	251	253	230	198	68	64	87	222	248	253	244	201	75	67	78	212	253	253	236	207	71	63	84	220	250	253	227	195	68	67	81	216	252	253	243	200	72	63	84	219	249	253	232	203	71	65	78	215	253	253	236	200	69	67	87	221	249	253	226	194	73	62	76	216	251	253	239	204	70	65	84	210	253	253	228	192	68	67	77	221	246	253	244	202	73	64	89	211	252	253	231	207	71	65	81	218	253	253	240	202	69	63	88	213	250	253	232	197	72	66	78	219	251	253	228	203	68	63	89	224	248	
177	128	114	22	13	20	106	159	167	125	112	25	10	18	103	156	175	131	114	27	13	20	108	163	172	126	111	26	11	19	105	161	167	128	114	22	10	21	108	152	176	125	112	24	13	18	103	157	168	129	110	26	10	19	109	164	175	126	113	24	12	21	104	156	166	129	109	25	10	19	106	159	173	125	112	27	12	20	109	163	166	130	115	22	10	18	102	154	173	123	111	27	12	22	106	158	169	128	113	23	11	20	108	160	174	124	110	24	12	18	105	158	166	128	114	25	10	19	106	153	170	131	111	25	11	22	103	161	174	124	114	24	12	18	107	152	168	130	110	25	10	21	104	160	171	127	113	24	11	20	106	163	165	131	111	26	10	18	105	160	176	124	113	23	13	21	106	155	173	128	114	24	12	19	104	161	165	124	112	27	10	21	107	163	171	131	111	25	11	18	102	156	
57	36	6	3	1	4	7	45	53	40	5	2	1	4	8	48	57	38	6	3	1	3	8	43	52	35	5	2	1	4	7	46	61	40	6	2	1	3	8	50	57	34	5	3	1	4	7	46	52	40	6	2	1	4	9	43	58	37	5	2	1	4	8	50	56	42	6	2	2	5	7	43	53	34	5	2	1	3	8	48	60	39	5	2	1	5	8	42	56	36	6	2	1	3	7	49	51	40	5	2	1	5	8	44	61	37	6	3	1	3	7	50	57	41	5	2	1	4	7	44	54	36	6	2	1	4	9	46	58	38	6	2	1	3	8	47	52	39	5	3	1	4	7	42	59	37	6	2	1	4	8	48	53	35	5	2	2	3	7	43	57	39	6	2	1	4	8	50	61	37	5	2	1	4	7	47	54	41	6	2	2	4	8	44	60	38	6	2	1	4	9	50	
191	141	96	13	10	28	121	136	180	149	92	16	9	33	117	133	189	143	99	16	10	29	119	136	185	151	91	13	9	33	121	134	180	140	99	17	9	30	123	137	190	150	95	16	10	31	118	133	181	141	101	15	9	34	119	138	188	151	91	16	10	31	122	131	180	144	97	15	9	32	121	136	186	145	93	17	10	28	118	132	179	151	99	14	9	31	117	135	187	144	94	15	10	31	121	139	182	148	100	13	9	28	120	132	187	140	94	17	10	31	117	138	179	145	96	15	9	32	120	135	183	146	98	15	9	30	122	139	187	139	95	18	10	32	117	132	182	145	92	13	9	30	123	136	185	149	98	17	9	28	116	132	178	142	94	14	9	32	121	139	190	149	100	17	10	29	118	135	186	144	96	13	10	33	119	133	178	140	94	15	9	30	120	139	184	148	99	16	9	33	117	134	
253	226	200	70	67	86	221	246	253	237	192	73	63	76	211	251	253	244	206	70	67	81	222	253	253	226	203	69	65	86	213	248	253	233	194	73	63	79	222	252	253	228	199	70	67	83	215	251	253	241	208	69	63	75	218	248	253	237	200	72	66	89	214	253	253	228	193	73	62	85	220	249	253	239	204	71	66	76	216	252	253	225	196	69	62	82	219	247	253	233	202	70	66	90	214	252	253	239	199	73	64	77	225	247	253	229	208	69	66	88	212	252	254	240	192	74	62	83	220	250	253	229	207	71	64	77	210	252	253	244	201	68	66	89	218	247	253	232	198	74	63	78	222	250	255	240	208	70	65	87	214	252	253	230	195	71	62	76	225	249	253	235	200	68	67	85	215	251	253	225	194	72	66	76	222	245	253	243	205	69	62	85	210	253	254	234	194	74	64	80	216	252	
168	124	111	27	10	19	104	163	174	129	113	26	12	22	108	160	165	124	110	23	10	19	103	153	170	130	113	24	11	21	107	157	174	126	110	25	12	18	102	164	169	131	113	27	11	22	107	158	173	123	115	22	12	20	104	153	169	130	111	28	11	18	107	161	174	124	114	24	12	22	103	154	168	131	113	23	10	18	105	160	177	126	110	26	13	21	107	157	170	127	112	24	11	19	104	164	175	131	110	26	12	20	106	152	167	127	115	23	10	21	102	163	177	129	112	27	13	20	109	159	171	123	110	23	11	19	106	156	166	127	113	27	10	21	102	164	177	128	112	22	13	18	105	154	167	123	110	27	10	19	109	158	174	127	114	23	12	21	103	153	168	130	112	27	10	19	108	162	171	125	109	25	11	20	106	154	176	130	114	23	13	19	103	158	173	126	113	24	12	21	109	152	
54	41	5	2	1	5	8	49	59	38	6	2	2	3	7	45	60	36	5	2	1	4	7	51	57	42	6	2	1	5	8	42	54	37	5	2	1	4	8	47	56	39	5	2	1	3	8	44	60	35	6	2	1	5	7	49	54	39	5	2	1	4	7	45	61	36	5	3	1	3	8	49	58	40	6	2	1	4	7	44	52	36	5	2	1	3	9	46	61	40	6	3	1	4	8	47	55	34	6	2	1	3	7	46	58	39	5	2	1	4	9	43	52	35	6	2	2	5	7	48	59	38	5	2	1	3	8	45	53	41	5	2	1	5	7	50	61	35	6	2	1	3	8	46	55	41	5	2	1	4	7	44	60	38	6	2	1	5	9	49	55	42	5	2	1	4	7	46	53	34	6	3	1	3	8	43	59	39	5	2	1	5	7	48	56	35	6	2	1	3	7	42	
181	146	94	17	9	31	116	134	187	142	101	14	10	30	119	138	178	149	95	15	9	31	122	131	183	142	97	17	9	29	115	138	187	146	93	15	10	32	119	132	182	144	98	14	9	28	117	139	186	146	94	17	10	31	121	134	183	142	98	13	9	29	118	135	188	148	94	17	10	33	116	139	182	140	100	14	9	30	119	135	191	146	91	16	10	33	123	137	183	142	97	18	9	29	119	131	189	150	92	16	10	33	116	135	180	144	96	14	9	30	122	136	191	149	101	17	10	31	116	131	184	142	93	16	9	33	118	135	179	151	100	14	9	28	121	137	191	142	96	16	10	32	118	133	180	146	101	14	9	33	119	137	188	150	91	16	10	30	122	134	181	140	97	14	9	31	116	132	184	147	92	16	9	29	122	137	189	150	101	17	10	32	116	132	186	144	96	14	10	30	123	138	
253	242	208	71	63	77	214	253	253	231	203	68	66	90	224	252	253	234	199	74	62	82	214	249	253	231	196	71	64	76	220	252	255	242	205	68	66	90	212	246	253	238	202	72	64	77	217	250	253	225	196	74	66	87	223	252	253	232	203	68	64	78	218	250	254	243	206	70	66	82	212	252	253	231	197	69	63	88	224	250	253	235	209	73	68	85	211	252	255	242	193	72	64	78	221	249	253	228	204	68	67	86	210	253	253	234	198	72	63	76	222	250	253	237	200	68	67	81	214	252	253	233	203	70	65	86	223	248	253	227	196	72	62	80	213	253	253	238	205	69	68	85	217	251	253	226	197	73	63	80	219	247	253	237	201	69	66	87	209	253	253	242	203	75	63	79	220	248	253	236	209	70	65	90	212	252	253	230	198	73	67	81	223	249	253	238	201	69	66	88	218	251	
175	130	113	25	12	20	106	157	169	127	110	23	10	20	105	154	171	128	115	25	11	18	107	162	177	125	111	27	13	20	104	159	165	130	114	23	10	20	109	155	175	125	112	25	12	18	105	160	166	128	110	24	10	21	108	162	177	127	114	25	13	20	103	155	165	128	112	22	10	19	109	164	171	125	111	26	11	20	105	152	172	129	113	23	11	19	102	161	165	124	114	28	10	21	109	156	171	128	113	22	11	18	103	158	173	125	111	26	12	19	107	161	165	130	112	23	10	18	104	155	174	126	114	26	12	21	105	162	172	130	111	24	11	19	108	155	169	125	115	25	11	20	107	159	173	131	113	24	12	22	104	161	170	125	110	26	11	18	107	164	175	128	115	24	12	21	102	157	166	131	111	22	10	18	105	159	170	123	113	26	11	22	107	164	165	128	110	23	10	18	104	161	
61	37	6	2	1	3	7	44	52	35	5	3	1	4	8	48	56	40	6	2	1	4	9	45	53	35	5	3	1	4	7	48	60	40	6	2	1	3	8	44	58	36	6	2	1	4	7	49	53	41	5	3	2	4	8	42	59	34	6	2	1	3	8	47	51	41	6	2	1	4	7	43	56	35	6	2	1	4	8	46	59	41	5	2	1	5	7	50	54	37	6	2	1	4	7	43	60	38	5	2	1	5	8	50	53	42	6	2	1	4	7	46	61	37	6	3	1	3	8	51	55	39	5	2	1	4	7	43	60	34	6	2	1	4	9	47	54	38	5	3	1	4	7	43	57	39	6	2	1	3	8	50	51	34	5	2	1	4	7	46	61	37	6	2	1	3	8	44	56	40	5	2	1	5	7	51	52	36	6	2	1	4	9	45	58	40	5	3	1	4	8	47	
188	151	99	15	10	33	119	137	182	147	92	17	9	29	121	133	184	140	100	14	9	33	117	136	191	145	94	16	10	31	119	134	177	151	101	14	9	29	122	136	189	141	91	17	10	33	120	133	179	150	100	15	9	30	115	137	191	146	92	16	10	32	119	132	178	141	101	14	9	29	122	136	184	150	95	16	9	32	121	133	186	142	96	15	9	29	115	138	178	149	101	16	9	32	118	134	185	141	95	15	9	30	121	138	187	147	98	17	10	32	117	133	178	140	91	15	9	29	120	138	188	147	96	14	10	30	122	133	185	143	97	17	9	32	116	135	182	148	90	15	9	30	122	138	186	141	96	17	10	31	116	132	183	144	99	15	9	28	119	136	188	148	94	17	10	33	120	138	179	143	99	15	9	32	119	134	183	146	95	14	9	28	118	136	178	139	92	16	9	31	120	133	
253	233	198	73	66	86	221	251	254	226	195	71	64	75	209	245	253	241	201	69	65	87	221	252	253	237	209	72	68	84	216	250	253	227	200	73	62	80	225	251	253	232	195	69	67	85	210	253	253	244	206	71	62	81	219	245	253	234	194	70	67	87	213	252	253	226	199	74	62	76	221	247	253	239	203	72	65	82	215	253	253	229	198	68	65	75	222	245	253	237	201	70	62	87	214	251	253	232	207	74	65	79	217	251	253	243	194	70	66	82	219	246	253	225	206	71	62	90	216	251	253	242	195	73	66	75	211	252	253	235	208	68	65	88	220	245	253	231	193	71	64	76	215	252	253	243	200	72	66	90	223	251	253	228	206	70	64	75	217	250	253	233	192	68	67	82	214	252	255	227	200	72	62	84	221	250	253	240	195	68	64	75	217	252	253	228	205	72	62	83	211	247	
167	128	112	24	10	21	103	159	176	123	114	26	13	18	109	164	172	131	111	22	11	21	102	158	167	128	112	24	10	19	105	154	173	124	109	26	12	20	106	163	168	127	114	23	10	21	102	153	173	131	112	26	12	19	106	157	167	124	110	23	10	18	107	161	172	130	113	27	11	21	102	156	175	128	115	24	12	18	108	159	167	124	110	25	10	21	106	163	176	131	112	23	13	18	104	153	168	125	110	26	10	20	107	162	171	130	114	24	11	22	105	154	176	124	113	25	13	20	108	164	170	129	110	24	11	18	103	153	167	124	113	28	10	21	105	158	175	129	109	23	12	20	102	163	165	126	112	26	10	19	108	152	176	129	113	22	13	20	104	158	167	124	111	25	10	19	105	154	172	126	114	27	12	20	109	162	177	129	110	23	13	18	102	156	172	125	115	28	11	20	108	154	
57	39	5	2	1	5	9	50	55	41	6	2	1	3	7	42	61	37	6	2	1	5	8	49	58	38	5	2	1	3	7	43	51	35	6	2	2	5	9	50	55	40	5	2	1	3	8	45	61	36	6	2	1	4	7	46	55	38	6	2	1	5	7	51	57	37	5	3	1	3	9	46	60	39	5	2	1	4	7	48	53	36	6	2	1	4	8	42	57	40	5	2	2	3	8	46	58	34	6	3	1	4	7	47	56	38	5	2	1	4	8	42	52	35	5	2	1	5	8	46	59	41	6	2	1	4	7	49	52	37	5	2	1	5	7	44	58	40	6	2	2	3	8	49	60	36	5	2	1	5	7	45	57	41	6	3	1	4	8	43	54	36	5	2	1	4	8	48	58	38	6	3	2	3	8	43	60	41	5	2	1	4	7	49	54	34	6	2	1	4	8	45	
180	142	95	17	9	29	122	132	190	145	97	15	10	32	116	135	186	150	93	18	9	28	123	139	181	147	99	15	9	30	120	132	186	142	94	17	10	32	117	138	181	148	97	13	9	30	119	135	187	140	95	16	10	32	122	132	181	144	97	15	9	30	121	138	185	148	93	17	9	32	116	133	189	143	99	14	10	30	118	137	180	147	91	17	9	34	120	132	190	144	97	14	10	30	122	136	181	148	93	17	9	33	116	132	184	143	100	13	9	29	123	136	189	152	95	16	10	33	119	134	184	144	100	17	9	31	117	137	180	150	93	14	9	29	120	132	188	142	101	17	10	34	118	134	178	151	93	15	9	29	121	137	190	145	96	13	10	32	117	133	180	140	100	16	9	30	122	135	186	152	91	15	9	31	116	131	191	141	97	17	10	33	122	139	185	148	100	15	9	32	115	136	
253	243	200	70	63	82	215	253	253	238	206	68	67	88	219	251	253	232	204	73	65	82	213	248	253	229	192	68	63	77	220	253	253	240	199	70	66	87	215	251	254	236	204	68	63	75	220	249	253	229	197	73	66	89	214	252	253	237	201	72	63	77	222	249	253	241	207	68	65	84	209	252	253	229	193	70	67	90	219	249	253	244	206	74	63	84	211	251	253	226	195	71	67	77	218	252	253	238	200	68	63	89	224	248	253	231	202	72	64	84	212	253	253	234	201	69	67	78	222	249	253	238	198	71	64	85	217	251	255	229	202	70	62	78	224	253	253	240	199	74	67	85	210	251	253	230	204	68	62	78	218	248	253	235	196	73	67	84	212	252	253	238	200	71	63	88	224	246	253	244	207	70	65	77	218	253	253	232	203	74	67	89	214	248	253	235	193	69	65	78	224	251	
174	124	113	26	12	18	107	161	170	129	109	23	11	20	103	152	166	125	113	27	10	19	106	157	174	127	114	25	12	21	108	161	169	130	113	23	10	18	103	156	176	129	111	27	13	20	109	159	170	125	113	24	11	19	104	163	175	129	114	26	13	22	105	153	171	123	111	23	11	19	108	163	166	127	112	25	10	21	105	154	173	129	111	27	12	19	103	158	170	126	114	25	11	20	108	160	174	129	113	23	12	19	102	158	166	126	109	27	10	20	108	157	172	129	112	22	11	19	103	160	168	125	114	26	10	21	106	157	176	131	111	22	13	19	109	161	169	126	112	26	10	18	106	155	174	130	114	24	12	21	103	158	168	125	110	27	10	19	108	163	173	131	112	23	12	21	106	160	169	127	113	24	11	19	103	152	171	124	112	25	11	21	107	158	168	131	110	22	10	19	104	163	
60	36	6	3	2	4	8	44	58	38	5	2	1	4	7	47	52	34	6	3	1	3	8	45	55	41	5	2	1	4	8	47	61	39	6	3	1	4	7	44	56	34	5	2	1	5	7	49	52	38	6	3	1	3	9	43	59	42	5	2	1	4	8	47	53	35	6	2	2	4	7	44	58	41	5	2	1	4	8	50	55	38	6	3	1	3	7	45	61	35	6	2	1	5	8	49	51	41	5	2	1	3	7	44	60	36	6	2	1	4	9	50	57	40	6	2	1	3	6	44	55	35	5	3	1	4	8	46	61	39	6	2	1	3	8	50	53	35	5	3	1	4	7	42	56	39	6	2	1	3	9	47	52	36	5	2	1	4	7	50	60	40	6	2	1	3	7	45	53	35	5	2	1	4	7	47	56	37	6	2	1	5	8	44	51	40	5	2	1	3	7	49	
187	149	90	13	10	32	118	138	183	141	101	16	9	30	121	136	179	144	97	14	9	31	118	133	188	140	91	16	10	34	116	137	182	149	96	14	9	28	121	132	190	143	101	16	10	33	116	135	183	145	92	17	9	29	119	137	189	152	100	14	10	33	117	134	184	139	97	16	9	28	120	136	179	150	93	17	9	31	123	134	187	141	101	14	10	31	117	137	183	151	94	16	9	28	119	133	187	140	99	15	10	31	118	139	179	145	92	17	9	32	120	134	185	146	98	14	9	28	115	138	181	140	92	16	9	32	121	133	190	145	98	15	10	31	116	139	182	148	94	16	9	30	123	135	187	140	99	14	10	32	115	132	181	149	92	18	9	30	121	139	187	146	95	14	10	32	117	133	182	143	99	16	9	29	121	137	184	147	94	14	9	31	118	133	181	144	96	17	9	28	120	135	
253	231	203	72	66	76	222	251	253	228	194	74	64	84	215	249	253	234	198	70	62	78	223	252	253	244	202	71	66	89	210	250	253	234	207	74	64	79	222	246	253	228	193	72	67	86	211	252	253	241	208	70	64	79	224	250	253	227	200	69	67	86	215	253	253	233	197	73	64	80	217	250	253	238	203	71	62	83	224	252	254	231	199	69	66	79	216	251	253	235	204	72	64	86	220	246	253	242	197	73	66	81	210	252	253	227	208	69	62	76	217	250	253	241	194	75	65	87	219	252	253	228	206	68	63	79	209	247	253	244	192	72	67	89	217	251	253	226	207	69	63	81	221	249	253	234	195	71	66	88	214	253	253	241	208	72	63	82	221	250	253	225	202	69	66	76	216	252	253	234	196	73	64	85	211	249	253	228	200	69	65	80	221	252	254	240	207	71	63	86	212	250	
165	129	111	24	10	22	105	156	171	126	115	26	11	19	108	160	177	130	110	24	13	21	105	163	167	124	112	23	10	19	102	153	175	127	110	26	12	22	107	164	171	123	114	22	11	19	105	158	165	130	110	26	10	21	107	155	173	126	112	24	12	18	102	161	168	127	109	28	10	20	106	157	177	131	114	22	13	19	104	161	169	123	113	25	11	22	109	155	175	130	110	23	12	18	104	164	168	124	112	26	10	21	107	153	177	131	115	24	13	18	104	163	169	123	112	27	11	21	107	152	174	127	110	23	12	18	104	163	165	128	113	24	10	20	106	154	172	123	110	25	11	22	104	164	170	127	113	24	11	18	107	160	177	129	112	23	13	21	105	155	165	123	115	26	10	20	102	158	175	130	109	24	12	18	107	164	166	128	114	27	10	20	104	161	176	126	113	25	13	19	109	153	
55	42	5	2	1	3	9	46	53	35	6	2	1	4	8	51	60	40	5	2	1	5	7	43	57	36	6	2	1	4	7	50	54	38	5	2	1	4	8	47	58	41	6	2	1	3	8	43	60	39	5	2	1	4	7	50	54	36	6	2	1	4	8	44	61	40	5	2	1	5	8	49	52	34	6	2	1	3	7	43	59	37	5	2	1	4	9	48	55	40	5	2	1	4	7	43	56	37	6	2	1	4	8	48	58	39	5	3	2	4	7	45	54	37	6	2	1	4	8	48	60	40	5	2	1	3	8	43	54	36	6	2	1	5	7	45	57	42	6	2	1	4	8	48	59	37	5	2	1	5	7	44	61	41	5	2	1	4	8	47	55	35	6	2	2	5	8	42	57	41	5	3	1	4	9	50	61	38	6	2	1	3	7	47	59	35	6	2	1	4	8	43	
178	141	99	17	9	29	121	135	185	146	94	15	9	33	116	131	191	151	96	17	10	31	120	137	180	146	100	15	9	29	122	134	188	141	98	17	10	32	117	135	184	150	93	15	9	30	123	139	178	146	99	14	9	32	118	131	187	142	91	16	10	29	122	138	182	147	95	13	9	31	116	132	191	142	98	15	10	33	119	139	182	147	95	17	9	29	121	131	189	142	98	15	10	33	116	135	181	146	95	17	9	29	122	136	191	150	99	14	10	31	117	132	183	142	94	17	9	33	122	135	188	151	101	15	10	31	118	137	178	142	95	17	9	29	120	131	185	145	100	13	9	32	117	137	183	150	93	17	9	28	121	136	191	145	101	15	10	33	118	134	178	141	96	16	9	29	120	136	189	149	92	17	10	31	118	134	179	140	101	15	9	34	123	137	190	150	93	14	10	31	117	132	
253	234	197	68	62	90	213	247	253	241	202	71	65	80	221	253	253	238	208	69	67	87	214	245	255	225	196	73	63	75	218	251	253	232	201	69	67	83	216	253	253	239	199	68	65	81	219	248	253	230	202	71	62	90	213	252	255	235	192	74	66	76	221	251	253	243	205	71	63	88	210	245	253	226	194	68	67	76	218	252	253	241	208	73	64	89	213	249	253	228	192	68	67	75	223	253	253	233	205	70	63	83	216	250	255	237	196	72	67	90	222	252	253	234	204	70	64	77	213	249	253	231	199	71	66	87	223	253	253	236	203	73	62	82	213	250	254	233	198	68	65	75	218	252	253	239	205	73	64	86	223	245	253	229	199	69	67	79	210	251	254	233	193	74	62	90	219	250	253	242	205	68	67	80	223	253	253	237	194	71	62	88	216	246	253	226	201	73	67	79	218	252	
175	123	114	27	12	18	102	164	168	131	111	25	10	21	107	154	173	124	112	23	12	18	104	159	170	128	113	28	11	20	109	157	172	131	115	24	11	18	104	160	168	128	111	25	10	20	108	152	177	124	112	23	13	18	104	162	167	130	115	26	10	20	109	154	172	128	113	24	12	21	105	164	166	125	112	26	10	18	108	152	174	129	110	24	12	20	102	162	165	125	114	26	10	21	106	154	172	129	113	22	12	19	105	161	166	125	111	25	10	20	109	157	173	128	113	23	12	19	102	160	167	130	114	25	10	21	108	156	172	125	111	27	12	19	103	162	175	131	115	23	13	20	109	157	167	125	110	27	10	19	102	153	171	127	113	25	11	20	106	162	174	130	111	28	12	19	109	153	168	127	112	22	10	22	103	159	173	124	113	25	12	18	108	155	169	130	111	23	11	20	105	160	
57	37	6	2	1	5	7	48	61	39	5	2	1	4	7	44	56	37	6	3	2	3	8	48	53	40	5	2	1	4	9	42	60	35	6	2	1	3	8	46	52	37	5	2	1	5	7	48	56	34	6	2	1	4	8	45	59	40	5	3	1	3	7	47	55	36	6	2	1	4	7	45	57	38	5	3	1	4	8	49	61	42	6	2	2	3	7	44	52	34	6	2	1	5	8	51	60	41	5	2	1	4	9	45	53	35	6	2	1	3	7	49	61	41	5	2	1	5	8	44	52	34	6	2	1	4	7	51	56	38	5	2	2	4	9	46	60	39	6	2	1	4	7	43	51	34	6	3	1	3	8	51	57	38	6	2	1	4	8	43	53	39	5	2	1	3	7	49	60	34	6	2	1	4	8	44	55	40	5	2	1	5	7	46	53	39	5	2	1	4	8	50	
188	148	95	15	10	32	118	139	181	143	99	16	9	30	122	136	186	145	92	13	10	28	117	133	183	143	95	16	9	32	119	138	185	148	91	14	9	30	120	136	181	144	99	16	9	33	115	133	191	140	94	18	10	30	121	136	180	148	96	15	9	33	117	133	186	143	101	17	10	31	122	136	179	151	90	16	9	28	120	133	187	144	100	14	10	32	117	136	178	150	92	16	9	30	122	138	186	145	101	13	9	32	118	133	180	140	91	18	9	28	120	138	187	147	96	16	10	31	116	133	180	144	97	14	9	30	119	135	186	148	91	16	9	33	122	138	189	140	96	15	10	30	119	135	181	146	98	14	9	32	116	132	185	142	91	17	9	30	122	138	187	151	99	15	10	32	116	132	181	143	97	13	9	30	121	138	186	148	95	17	10	31	116	132	183	142	98	16	9	30	122	136	
255	238	206	70	67	77	219	252	253	227	193	73	63	85	210	250	253	231	199	72	65	77	217	252	253	237	205	68	64	84	224	249	253	242	194	71	65	88	212	252	253	227	206	73	63	78	223	250	253	244	196	72	68	83	218	251	253	234	206	68	63	86	212	249	253	230	198	70	65	78	223	253	253	238	202	72	62	85	214	248	253	232	197	69	66	80	221	252	253	239	204	71	62	88	212	247	253	230	199	74	65	78	219	252	253	243	202	68	62	85	211	245	253	227	198	73	66	81	220	251	253	241	209	69	63	84	215	247	253	225	195	70	65	78	220	252	253	242	204	72	67	90	211	248	253	228	193	71	63	77	216	252	253	243	201	70	65	84	221	252	253	236	206	71	66	76	214	249	253	229	197	70	63	86	218	251	253	233	209	72	66	75	209	252	253	243	198	69	64	84	224	249	
167	129	110	24	10	19	109	158	174	125	112	22	12	19	103	162	169	129	114	26	11	22	106	153	176	126	109	23	13	19	103	162	165	127	112	26	10	21	107	155	174	125	110	24	12	19	102	163	169	129	114	27	11	21	106	156	172	127	111	22	11	19	103	159	175	124	110	27	12	18	107	156	171	129	112	23	11	21	103	161	168	126	115	27	10	18	106	157	176	131	112	24	13	19	108	160	170	126	110	25	11	22	103	156	175	130	114	28	12	19	106	164	169	127	110	24	11	21	107	154	176	124	112	26	13	18	104	161	170	129	113	22	11	21	107	152	166	126	111	25	10	19	105	159	174	129	113	25	12	21	108	163	165	124	114	22	10	18	104	155	170	128	110	24	11	21	106	164	176	125	114	26	13	19	105	157	169	131	110	23	10	20	106	162	174	126	115	26	12	21	104	152	
59	40	5	2	1	4	8	42	51	34	6	2	1	3	8	49	55	41	5	2	1	4	8	45	59	35	6	2	1	5	6	46	54	39	5	2	1	4	7	51	57	42	6	3	2	3	8	42	61	38	6	2	1	4	7	49	52	35	5	2	1	5	8	43	60	41	6	2	1	3	9	51	53	39	6	2	1	5	7	42	56	36	5	2	1	4	8	46	58	39	6	2	1	3	7	47	57	36	6	3	1	5	8	42	55	39	5	2	1	4	8	46	58	36	6	2	1	4	8	48	56	38	5	3	1	3	7	42	59	41	6	2	1	4	8	49	54	35	5	2	1	3	7	47	56	41	5	2	1	5	8	45	60	36	5	2	1	4	7	48	58	38	6	3	1	4	7	45	52	41	5	2	1	4	8	49	56	37	6	2	1	3	8	43	60	35	6	3	1	4	7	46	
180	140	100	17	9	28	119	135	188	150	93	14	10	31	116	133	182	141	97	17	9	33	121	137	190	151	101	15	10	29	118	134	178	139	97	17	9	32	122	132	188	146	93	15	10	31	119	137	182	151	100	14	9	28	117	134	185	141	97	17	9	32	121	138	188	149	93	15	10	30	119	134	184	145	98	14	9	33	116	138	181	140	93	16	9	30	121	135	190	148	98	17	10	33	115	132	183	143	93	16	9	30	121	136	189	151	97	14	10	34	118	134	182	143	100	15	9	30	123	137	190	149	93	17	10	32	116	132	183	143	101	14	9	28	120	136	179	151	93	17	9	31	117	133	187	144	96	16	10	30	121	139	177	149	100	14	9	33	118	134	183	140	95	17	9	28	122	137	190	146	92	15	10	33	117	133	182	144	100	16	9	29	119	137	187	151	91	14	10	33	120	134	
253	230	195	71	63	88	217	250	253	236	207	69	66	80	223	252	253	244	202	70	64	89	219	248	253	229	197	74	67	82	213	252	253	235	208	72	62	76	220	250	254	233	198	68	66	86	210	253	253	236	203	70	64	75	216	246	253	225	195	72	65	81	220	252	253	240	201	73	66	89	215	250	254	227	207	68	64	79	219	251	253	244	201	74	63	86	215	252	253	225	195	71	67	77	221	251	253	240	208	69	64	87	214	249	253	228	194	72	67	80	225	253	253	238	204	70	64	89	216	250	254	232	193	72	67	75	222	252	253	237	206	69	64	87	213	250	253	231	197	74	62	79	224	253	253	240	208	68	66	83	217	251	253	232	196	73	62	87	211	247	253	226	200	68	64	82	225	252	253	239	203	74	67	78	212	245	253	227	192	68	63	89	221	250	253	235	204	74	66	81	214	253	
