192
96
255	252	248	241	183	170	2	1	5	3	27	22	254	252	247	240	181	169	2	1	5	3	26	21	254	252	247	239	180	168	2	1	5	3	26	21	255	253	249	242	184	172	2	1	5	3	28	23	255	252	248	241	183	170	2	1	5	3	27	22	254	252	247	240	181	168	2	1	5	3	26	21	254	251	245	238	177	164	2	1	4	3	25	20	253	249	243	236	174	162	2	1	4	2	24	19	254	251	245	238	177	165	2	1	4	3	25	20	253	250	244	237	175	163	2	1	4	2	24	19	254	251	246	238	178	166	2	1	4	3	25	21	253	250	243	236	174	162	2	1	4	2	24	19	254	251	245	238	177	165	2	1	4	3	25	20	254	250	244	237	176	164	2	1	4	3	24	20	254	252	247	239	180	168	2	1	5	3	26	21	255	253	249	243	186	173	2	2	6	4	29	23	
233	223	210	196	158	147	1	1	11	7	18	14	232	221	208	194	156	145	1	1	10	7	17	14	231	220	207	193	155	145	1	1	10	7	17	13	235	224	212	197	160	148	1	1	11	8	18	15	234	223	210	196	158	147	1	1	11	8	18	14	232	221	208	194	156	145	1	1	10	7	17	14	229	217	203	189	152	142	1	1	9	6	17	12	226	214	200	186	150	140	1	1	8	6	16	12	229	218	204	190	153	143	1	1	9	6	17	13	227	215	201	187	151	141	1	1	9	6	16	12	230	219	205	191	154	143	1	1	9	7	17	13	226	214	200	187	150	140	1	1	8	6	16	12	229	217	204	190	153	142	1	1	9	6	17	13	228	216	202	188	152	141	1	1	9	6	16	12	232	221	207	193	156	145	1	1	10	7	17	14	236	226	213	199	161	149	1	1	11	8	19	15	
118	107	137	128	96	85	76	66	40	33	57	48	117	105	136	126	94	84	74	65	39	32	56	47	116	104	135	126	93	83	74	64	39	32	55	47	119	108	138	129	97	86	77	67	41	34	58	49	118	107	137	128	96	85	76	66	40	33	57	49	117	105	136	126	94	84	74	65	39	32	56	47	113	102	133	123	91	81	71	62	37	30	53	44	110	99	131	121	88	78	69	60	35	29	51	43	114	102	133	124	91	81	72	62	37	31	53	45	111	100	131	122	89	79	70	60	36	29	52	43	114	103	134	124	92	82	72	63	38	31	54	45	110	99	131	121	88	79	69	60	35	29	51	43	113	102	133	124	91	81	71	62	37	30	53	45	112	101	132	123	90	80	70	61	36	30	52	44	116	105	135	126	94	83	74	64	39	32	55	47	121	110	140	130	99	88	78	69	42	35	59	51	
2	1	4	2	24	19	254	251	246	238	178	166	2	1	4	3	25	20	253	250	244	237	175	162	2	1	4	2	24	19	254	250	245	237	176	164	2	1	4	3	24	20	254	251	246	238	178	166	2	1	4	3	25	21	254	250	245	237	176	164	2	1	4	3	24	20	254	251	246	239	179	167	2	1	5	3	26	21	254	252	247	239	180	168	2	1	5	3	26	21	255	253	249	242	185	172	2	1	5	4	28	23	255	252	248	241	182	170	2	1	5	3	27	22	255	252	248	241	183	171	2	1	5	3	28	22	255	253	249	243	185	173	2	2	6	4	28	23	254	252	247	240	181	169	2	1	5	3	27	21	254	251	247	239	180	167	2	1	5	3	26	21	255	253	249	242	185	172	2	1	5	4	28	23	254	251	245	238	177	165	2	1	4	3	25	20	253	250	244	236	175	162	
1	1	9	6	16	12	230	218	205	191	154	143	1	1	9	7	17	13	227	215	201	187	150	141	1	1	9	6	16	12	228	216	202	189	152	142	1	1	9	6	16	12	230	219	205	191	154	143	1	1	9	7	17	13	228	216	202	189	152	142	1	1	9	6	16	12	231	219	206	192	155	144	1	1	10	7	17	13	232	220	207	193	156	145	1	1	10	7	17	14	235	225	212	198	160	148	1	1	11	8	18	15	233	223	209	195	158	146	1	1	10	7	18	14	234	224	211	197	159	147	1	1	11	8	18	15	235	225	213	199	161	149	1	1	11	8	19	15	232	221	208	194	156	145	1	1	10	7	17	14	231	220	207	193	155	145	1	1	10	7	17	13	235	225	212	198	160	148	1	1	11	8	18	15	229	217	203	190	153	142	1	1	9	6	17	13	227	215	201	187	150	140	
69	60	36	29	51	43	114	103	134	124	92	82	72	63	38	31	54	45	111	100	131	122	89	79	70	60	36	29	52	43	112	101	132	123	90	80	71	61	36	30	52	44	114	103	134	125	92	82	72	63	38	31	54	46	112	101	132	123	90	80	71	61	36	30	53	44	115	104	134	125	93	82	73	63	38	31	55	46	116	105	135	126	94	83	74	64	39	32	55	47	120	109	139	129	98	87	77	68	42	34	58	50	118	107	137	127	96	85	75	66	40	33	57	48	119	108	138	128	97	86	76	67	41	34	58	49	120	109	139	130	98	87	78	68	42	35	59	50	117	105	136	127	94	84	74	65	39	32	56	47	116	104	135	126	93	83	74	64	39	32	55	46	120	109	139	129	98	87	77	68	42	34	58	50	113	102	133	123	91	81	71	62	37	30	53	45	111	100	131	122	89	79	
255	253	249	242	185	172	2	1	5	4	28	23	255	252	248	241	183	171	2	1	5	3	28	22	255	253	249	243	186	174	2	2	6	4	29	24	255	252	248	241	182	170	2	1	5	3	27	22	255	253	249	243	185	173	2	2	6	4	28	23	255	252	248	241	183	171	2	1	5	3	28	22	255	253	249	243	186	173	2	2	6	4	29	23	254	252	247	240	181	169	2	1	5	3	27	22	254	251	246	239	179	167	2	1	5	3	26	21	254	251	246	238	178	165	2	1	4	3	25	20	254	250	244	237	176	164	2	1	4	3	24	20	254	251	246	239	179	167	2	1	4	3	26	21	255	253	249	242	184	172	2	1	5	3	28	23	254	252	248	240	182	169	2	1	5	3	27	22	254	251	246	239	180	167	2	1	5	3	26	21	254	252	247	240	182	169	2	1	5	3	27	22	
235	225	212	198	160	148	1	1	11	8	18	15	234	224	211	197	159	147	1	1	11	8	18	15	236	226	214	200	162	150	1	1	12	8	19	16	233	223	210	195	158	147	1	1	10	7	18	14	235	225	213	199	161	149	1	1	11	8	19	15	234	224	211	197	159	147	1	1	11	8	18	15	235	226	213	199	161	149	1	1	11	8	19	15	233	222	208	194	157	146	1	1	10	7	18	14	231	220	206	192	155	144	1	1	10	7	17	13	230	218	204	191	153	143	1	1	9	6	17	13	228	216	202	189	152	141	1	1	9	6	16	12	231	219	206	192	155	144	1	1	10	7	17	13	235	225	212	198	160	148	1	1	11	8	18	15	233	222	209	195	157	146	1	1	10	7	18	14	231	220	206	192	155	144	1	1	10	7	17	13	233	222	209	195	157	146	1	1	10	7	18	14	
120	109	139	129	98	87	77	68	42	34	59	50	119	107	138	128	96	86	76	67	41	34	57	49	121	110	140	130	99	88	78	69	43	35	60	51	118	107	137	128	96	85	75	66	40	33	57	48	120	109	139	130	98	87	78	68	42	35	59	50	119	108	138	128	97	86	76	67	41	34	58	49	120	109	139	130	98	88	78	68	42	35	59	50	117	106	136	127	95	84	75	65	40	33	56	48	115	104	135	125	93	83	73	63	38	32	55	46	114	103	133	124	92	81	72	62	37	31	54	45	112	101	132	123	90	80	70	61	36	30	52	44	115	104	134	125	93	82	73	63	38	31	55	46	120	108	138	129	97	87	77	67	41	34	58	50	118	106	137	127	95	85	75	65	40	33	56	48	115	104	135	125	93	83	73	64	38	32	55	46	117	106	136	127	95	84	75	65	40	33	56	48	
2	1	4	3	26	21	254	250	245	237	176	164	2	1	4	3	25	20	254	251	246	239	179	166	2	1	4	3	25	21	254	251	245	238	177	165	2	1	4	3	25	20	253	250	243	236	174	162	2	1	4	2	24	19	254	251	245	238	178	165	2	1	4	3	25	20	253	250	244	237	175	163	2	1	4	2	24	19	254	251	245	238	177	165	2	1	4	3	25	20	253	250	244	237	175	163	2	1	4	3	24	19	254	252	247	240	181	168	2	1	5	3	26	21	255	253	249	242	184	172	2	1	5	3	28	23	255	252	248	241	182	170	2	1	5	3	27	22	253	250	244	237	175	163	2	1	4	2	24	19	254	251	245	238	177	164	2	1	4	3	25	20	253	250	243	236	174	162	2	1	4	2	24	19	255	253	249	242	184	172	2	1	5	3	28	23	254	251	246	239	179	167	
1	1	10	7	17	13	229	217	203	189	152	142	1	1	9	6	16	12	230	219	205	191	154	144	1	1	10	7	17	13	229	217	204	190	153	142	1	1	9	6	17	13	227	214	200	187	150	140	1	1	8	6	16	12	230	218	204	190	153	143	1	1	9	6	17	13	227	215	201	187	151	141	1	1	9	6	16	12	229	217	204	190	153	142	1	1	9	6	17	13	228	215	201	188	151	141	1	1	9	6	16	12	232	221	208	194	156	145	1	1	10	7	17	14	235	225	212	198	160	148	1	1	11	8	18	15	233	223	209	195	158	146	1	1	10	7	18	14	227	215	201	188	151	141	1	1	9	6	16	12	229	217	203	189	152	142	1	1	9	6	17	12	227	214	200	187	150	140	1	1	8	6	16	12	235	224	212	197	160	148	1	1	11	8	18	15	231	219	206	192	155	144	
73	63	38	31	55	46	113	101	132	123	90	80	71	61	37	30	53	44	115	103	134	125	92	82	73	63	38	31	54	46	113	102	133	124	91	81	71	62	37	30	53	45	110	99	131	121	88	79	69	60	35	29	51	43	114	102	133	124	91	81	72	62	37	31	54	45	111	100	131	122	89	79	70	60	36	29	52	43	113	102	133	124	91	81	71	62	37	30	53	45	112	100	132	122	89	80	70	61	36	30	52	43	117	105	136	126	94	84	74	65	39	32	56	47	120	108	138	129	97	87	77	67	41	34	58	50	118	107	137	127	96	85	75	66	40	33	57	48	111	100	131	122	89	79	70	60	36	29	52	43	113	102	133	123	91	81	71	62	37	30	53	44	111	99	131	121	88	79	69	60	35	29	51	43	119	108	138	129	97	86	77	67	41	34	58	49	115	104	134	125	93	82	
254	252	247	240	181	168	2	1	5	3	26	21	255	252	248	241	182	170	2	1	5	3	27	22	255	253	248	242	184	171	2	1	5	3	28	23	254	252	247	240	181	168	2	1	5	3	26	21	254	252	247	240	181	169	2	1	5	3	27	22	255	252	248	241	182	170	2	1	5	3	27	22	255	253	249	242	184	172	2	1	5	3	28	23	255	252	248	241	183	171	2	1	5	3	27	22	255	253	249	243	186	174	2	2	6	4	29	24	253	250	244	236	174	162	2	1	4	2	24	19	254	251	245	238	177	165	2	1	4	3	25	20	254	252	247	239	180	168	2	1	5	3	26	21	255	252	248	241	184	171	2	1	5	3	28	22	255	253	249	243	186	174	2	2	6	4	29	24	254	251	246	239	179	166	2	1	4	3	25	21	253	250	244	237	175	163	2	1	4	3	24	19	
232	221	208	194	156	145	1	1	10	7	17	14	233	223	210	195	158	147	1	1	11	7	18	14	234	224	211	197	159	148	1	1	11	8	18	15	232	221	208	193	156	145	1	1	10	7	17	14	233	222	208	194	157	146	1	1	10	7	17	14	233	223	210	196	158	147	1	1	11	7	18	14	234	224	211	197	159	148	1	1	11	8	18	15	234	223	210	196	158	147	1	1	11	8	18	14	236	226	214	200	162	150	1	1	12	8	19	16	227	214	200	187	150	140	1	1	8	6	16	12	229	218	204	190	153	143	1	1	9	6	17	13	232	221	207	193	156	145	1	1	10	7	17	14	234	224	211	197	159	147	1	1	11	8	18	15	236	226	214	200	162	150	1	1	12	8	19	16	230	219	205	191	154	144	1	1	10	7	17	13	228	216	202	188	151	141	1	1	9	6	16	12	
117	105	136	126	94	84	74	65	39	32	56	47	118	107	137	128	96	85	76	66	40	33	57	48	119	108	138	129	97	86	77	67	41	34	58	49	116	105	136	126	94	84	74	64	39	32	56	47	117	106	136	127	95	84	75	65	39	33	56	48	118	107	137	128	96	85	76	66	40	33	57	48	119	108	138	129	97	86	77	67	41	34	58	49	118	107	137	128	96	86	76	66	41	33	57	49	121	110	140	130	99	88	78	69	43	35	60	51	111	100	131	121	89	79	69	60	35	29	51	43	114	102	133	124	91	81	72	62	37	31	53	45	116	105	135	126	94	83	74	64	39	32	55	47	119	108	138	128	97	86	76	67	41	34	58	49	121	110	140	130	99	88	78	69	43	35	60	51	115	103	134	125	92	82	73	63	38	31	54	46	112	101	132	122	90	80	70	61	36	30	52	44	
2	2	6	4	29	23	253	250	244	237	175	163	2	1	4	2	24	19	254	251	245	238	177	164	2	1	4	3	25	20	254	251	246	239	179	167	2	1	5	3	26	21	255	253	249	242	185	172	2	1	5	3	28	23	254	251	246	239	179	167	2	1	4	3	26	21	254	250	245	238	177	164	2	1	4	3	25	20	254	251	246	238	178	166	2	1	4	3	25	20	254	250	245	237	176	164	2	1	4	3	24	20	254	251	246	239	179	166	2	1	4	3	26	21	255	252	248	241	183	170	2	1	5	3	27	22	255	253	249	243	186	173	2	2	6	4	29	23	254	250	245	237	176	164	2	1	4	3	25	20	254	251	246	238	178	165	2	1	4	3	25	20	254	252	247	240	181	168	2	1	5	3	26	21	255	252	248	241	183	170	2	1	5	3	27	22	255	253	249	243	186	173	
1	1	11	8	19	15	227	215	201	188	151	141	1	1	9	6	16	12	229	217	203	189	152	142	1	1	9	6	17	12	231	219	206	192	155	144	1	1	10	7	17	13	235	225	212	198	160	148	1	1	11	8	18	15	231	219	206	192	154	144	1	1	10	7	17	13	229	217	203	189	152	142	1	1	9	6	17	12	230	218	205	191	154	143	1	1	9	7	17	13	228	216	202	189	152	142	1	1	9	6	16	12	231	219	205	192	154	144	1	1	10	7	17	13	234	223	210	196	158	147	1	1	11	8	18	14	236	226	213	199	161	149	1	1	11	8	19	15	228	216	203	189	152	142	1	1	9	6	16	12	230	218	204	190	153	143	1	1	9	6	17	13	232	221	207	193	156	145	1	1	10	7	17	14	233	223	210	196	158	147	1	1	11	8	18	14	236	226	213	199	161	149	
78	68	42	35	59	50	111	100	131	122	89	79	70	60	36	29	52	43	113	102	133	123	91	81	71	62	37	30	53	44	115	104	134	125	93	82	73	63	38	31	55	46	120	109	139	129	98	87	77	68	41	34	58	50	115	104	134	125	93	82	73	63	38	31	54	46	113	102	133	123	91	81	71	62	37	30	53	44	114	103	134	124	92	82	72	63	38	31	54	45	112	101	132	123	90	80	71	61	36	30	52	44	115	103	134	125	92	82	73	63	38	31	54	46	118	107	137	128	96	85	76	66	40	33	57	49	121	110	139	130	99	88	78	68	42	35	59	51	112	101	132	123	90	80	71	61	36	30	53	44	114	103	133	124	92	81	72	62	37	31	54	45	116	105	135	126	94	84	74	64	39	32	56	47	118	107	137	128	96	85	76	66	40	33	57	48	121	110	139	130	99	88	
254	252	247	239	180	167	2	1	5	3	26	21	255	253	249	242	185	173	2	1	6	4	28	23	254	252	247	240	182	169	2	1	5	3	27	22	254	250	245	238	177	164	2	1	4	3	25	20	253	250	244	237	175	163	2	1	4	3	24	19	255	253	249	243	186	173	2	2	6	4	29	23	254	252	247	239	180	168	2	1	5	3	26	21	254	252	247	240	181	169	2	1	5	3	27	22	255	252	248	241	184	171	2	1	5	3	28	22	254	252	247	239	180	168	2	1	5	3	26	21	253	250	244	237	176	163	2	1	4	3	24	20	254	251	246	239	179	167	2	1	5	3	26	21	254	252	247	240	182	169	2	1	5	3	27	22	255	252	248	241	183	171	2	1	5	3	27	22	254	250	244	237	176	163	2	1	4	3	24	20	254	251	245	238	177	165	2	1	4	3	25	20	
231	220	207	193	155	145	1	1	10	7	17	13	235	225	213	198	160	149	1	1	11	8	19	15	233	222	209	195	157	146	1	1	10	7	18	14	229	217	203	189	152	142	1	1	9	6	17	12	228	215	201	188	151	141	1	1	9	6	16	12	236	226	214	200	161	149	1	1	11	8	19	15	232	221	207	193	156	145	1	1	10	7	17	14	232	221	208	194	157	146	1	1	10	7	17	14	234	224	211	197	159	147	1	1	11	8	18	15	232	220	207	193	156	145	1	1	10	7	17	13	228	216	202	188	151	141	1	1	9	6	16	12	231	219	206	192	155	144	1	1	10	7	17	13	233	222	209	194	157	146	1	1	10	7	18	14	234	223	211	196	159	147	1	1	11	8	18	15	228	216	202	188	151	141	1	1	9	6	16	12	229	218	204	190	153	143	1	1	9	6	17	13	
116	104	135	126	93	83	74	64	39	32	55	47	120	109	139	130	98	87	77	68	42	34	59	50	117	106	136	127	95	84	75	65	40	33	56	48	113	102	133	123	91	81	71	62	37	30	53	44	111	100	132	122	89	79	70	61	36	30	52	43	121	110	140	130	99	88	78	69	42	35	59	51	116	105	135	126	94	83	74	64	39	32	55	47	117	106	136	127	94	84	75	65	39	32	56	47	119	108	138	128	97	86	76	67	41	34	58	49	116	105	135	126	94	83	74	64	39	32	55	47	112	101	132	122	90	80	70	61	36	30	52	44	115	104	134	125	93	82	73	63	38	31	55	46	117	106	136	127	95	84	75	65	40	33	56	48	119	107	138	128	96	86	76	67	41	34	57	49	112	101	132	123	90	80	70	61	36	30	52	44	113	102	133	124	91	81	72	62	37	31	53	45	
2	1	5	3	27	22	254	251	246	238	178	166	2	1	4	3	25	20	253	250	244	236	174	162	2	1	4	2	24	19	255	253	249	243	186	173	2	2	6	4	29	23	255	252	248	241	183	171	2	1	5	3	28	22	254	252	247	239	180	168	2	1	5	3	26	21	253	250	244	236	174	162	2	1	4	2	24	19	255	253	249	242	185	172	2	1	5	4	28	23	254	251	245	238	177	164	2	1	4	3	25	20	253	250	244	237	175	163	2	1	4	2	24	19	255	253	249	242	185	172	2	1	5	3	28	23	255	252	248	241	182	170	2	1	5	3	27	22	255	253	249	242	185	172	2	1	5	4	28	23	253	250	244	237	175	163	2	1	4	2	24	19	254	252	247	239	180	168	2	1	5	3	26	21	255	253	249	242	185	172	2	1	5	4	28	23	255	252	248	241	183	171	
1	1	11	8	18	14	230	218	205	191	153	143	1	1	9	7	17	13	227	214	200	187	150	140	1	1	8	6	16	12	236	226	213	199	161	149	1	1	11	8	19	15	234	224	211	197	159	147	1	1	11	8	18	15	232	220	207	193	156	145	1	1	10	7	17	13	227	215	201	187	150	140	1	1	9	6	16	12	235	225	212	198	160	149	1	1	11	8	19	15	229	217	203	189	152	142	1	1	9	6	17	12	227	215	201	188	151	141	1	1	9	6	16	12	235	225	212	198	160	148	1	1	11	8	18	15	233	223	210	196	158	147	1	1	11	7	18	14	235	225	212	198	160	148	1	1	11	8	18	15	227	215	201	187	151	141	1	1	9	6	16	12	231	220	207	193	155	145	1	1	10	7	17	13	235	225	212	198	160	149	1	1	11	8	19	15	234	223	210	196	159	147	
76	66	41	33	57	49	114	103	134	124	92	82	72	63	37	31	54	45	111	100	131	121	89	79	69	60	35	29	51	43	121	110	139	130	99	88	78	68	42	35	59	51	119	108	138	128	97	86	76	67	41	34	58	49	116	105	135	126	94	83	74	64	39	32	55	47	111	100	131	122	89	79	69	60	36	29	51	43	120	109	139	129	98	87	77	68	42	34	59	50	113	102	133	123	91	81	71	62	37	30	53	44	111	100	131	122	89	79	70	61	36	30	52	43	120	109	139	129	98	87	77	68	41	34	58	50	118	107	137	128	96	85	76	66	40	33	57	48	120	109	139	129	98	87	77	68	42	34	58	50	111	100	131	122	89	79	70	60	36	29	52	43	116	105	135	126	94	83	74	64	39	32	55	47	120	109	139	129	98	87	77	68	42	34	59	50	119	107	137	128	96	86	
254	252	247	240	181	169	2	1	5	3	27	22	255	253	248	242	184	171	2	1	5	3	28	23	254	252	247	239	180	168	2	1	5	3	26	21	253	250	244	237	176	163	2	1	4	3	24	20	254	251	246	238	178	165	2	1	4	3	25	20	254	252	248	240	182	169	2	1	5	3	27	22	255	252	248	241	182	170	2	1	5	3	27	22	254	251	246	239	179	167	2	1	5	3	26	21	255	253	249	243	186	173	2	2	6	4	29	23	254	252	247	240	182	169	2	1	5	3	27	22	254	251	245	238	177	165	2	1	4	3	25	20	253	250	243	236	174	162	2	1	4	2	24	19	254	251	246	238	178	166	2	1	4	3	25	21	255	253	249	243	185	173	2	2	6	4	28	23	254	251	246	239	179	166	2	1	4	3	25	21	253	250	244	236	175	162	2	1	4	2	24	19	
232	221	208	194	157	146	1	1	10	7	17	14	234	224	211	197	159	148	1	1	11	8	18	15	231	220	207	193	155	145	1	1	10	7	17	13	228	216	202	188	151	141	1	1	9	6	16	12	230	218	204	190	153	143	1	1	9	6	17	13	233	222	209	195	157	146	1	1	10	7	18	14	233	223	210	195	158	146	1	1	10	7	18	14	231	220	206	192	155	144	1	1	10	7	17	13	236	226	213	199	161	149	1	1	11	8	19	15	233	222	209	195	157	146	1	1	10	7	18	14	229	217	203	190	152	142	1	1	9	6	17	12	227	214	200	187	150	140	1	1	8	6	16	12	230	219	205	191	154	143	1	1	9	7	17	13	235	225	213	199	161	149	1	1	11	8	19	15	230	219	205	191	154	144	1	1	10	7	17	13	227	215	201	187	150	140	1	1	9	6	16	12	
117	105	136	127	94	84	74	65	39	32	56	47	119	108	138	129	97	86	76	67	41	34	58	49	116	104	135	126	93	83	74	64	39	32	55	47	112	101	132	122	90	80	70	61	36	30	52	44	114	103	133	124	92	81	72	62	37	31	54	45	117	106	136	127	95	85	75	65	40	33	56	48	118	107	137	128	96	85	75	66	40	33	57	48	115	104	135	125	93	83	73	64	38	32	55	46	120	110	139	130	98	88	78	68	42	35	59	50	117	106	136	127	95	84	75	65	40	33	56	48	113	102	133	123	91	81	71	62	37	30	53	45	111	99	131	121	88	79	69	60	35	29	51	43	114	103	134	125	92	82	72	63	38	31	54	46	120	109	139	130	98	87	78	68	42	35	59	50	115	103	134	125	92	82	73	63	38	31	54	46	111	100	131	122	89	79	69	60	36	29	51	43	
2	1	4	3	26	21	254	250	244	237	176	164	2	1	4	3	24	20	254	251	245	238	177	165	2	1	4	3	25	20	254	252	247	240	181	169	2	1	5	3	27	22	255	252	248	241	183	170	2	1	5	3	27	22	255	253	249	243	185	173	2	2	6	4	28	23	254	251	245	238	178	165	2	1	4	3	25	20	253	250	244	237	175	163	2	1	4	3	24	20	255	252	248	241	182	170	2	1	5	3	27	22	254	251	246	238	178	166	2	1	4	3	25	20	254	251	246	239	179	166	2	1	4	3	26	21	254	252	247	240	181	169	2	1	5	3	27	22	255	253	248	242	184	171	2	1	5	3	28	22	254	252	247	239	180	168	2	1	5	3	26	21	254	250	245	238	176	164	2	1	4	3	25	20	255	253	248	242	184	171	2	1	5	3	28	23	254	251	246	239	179	167	
1	1	10	7	17	13	228	216	202	189	152	141	1	1	9	6	16	12	229	218	204	190	153	143	1	1	9	6	17	13	232	222	208	194	157	146	1	1	10	7	17	14	234	223	210	196	158	147	1	1	11	8	18	14	235	225	213	199	161	149	1	1	11	8	19	15	230	218	204	190	153	143	1	1	9	6	17	13	228	216	202	188	151	141	1	1	9	6	16	12	233	222	209	195	158	146	1	1	10	7	18	14	230	218	205	191	154	143	1	1	9	7	17	13	230	219	205	191	154	144	1	1	10	7	17	13	232	221	208	194	157	145	1	1	10	7	17	14	234	224	211	197	159	147	1	1	11	8	18	15	232	221	207	193	156	145	1	1	10	7	17	14	229	217	203	189	152	142	1	1	9	6	16	12	234	224	211	197	159	148	1	1	11	8	18	15	231	219	206	192	155	144	
73	63	38	31	54	46	112	101	132	123	90	80	71	61	36	30	52	44	113	102	133	124	91	81	72	62	37	31	53	45	117	106	136	127	95	84	75	65	39	32	56	47	118	107	137	128	96	85	76	66	40	33	57	48	120	109	139	130	98	87	78	68	42	35	59	50	114	102	133	124	91	81	72	62	37	31	53	45	112	101	132	122	90	80	70	61	36	30	52	44	118	106	137	127	95	85	75	66	40	33	57	48	114	103	134	124	92	82	72	63	38	31	54	45	115	103	134	125	92	82	73	63	38	31	54	46	117	105	136	127	94	84	74	65	39	32	56	47	119	108	138	128	97	86	76	67	41	34	58	49	116	105	135	126	94	83	74	64	39	32	55	47	113	101	132	123	90	80	71	61	37	30	53	44	119	108	138	129	97	86	77	67	41	34	58	49	115	104	134	125	93	82	
255	253	249	243	186	174	2	2	6	4	29	23	255	252	248	241	182	170	2	1	5	3	27	22	255	253	249	243	185	173	2	1	6	4	28	23	254	251	246	238	178	166	2	1	4	3	25	20	253	250	243	236	174	162	2	1	4	2	24	19	254	251	246	239	179	167	2	1	5	3	26	21	255	253	249	242	184	172	2	1	5	3	28	23	254	252	247	239	180	168	2	1	5	3	26	21	253	250	243	236	174	162	2	1	4	2	24	19	255	253	248	242	184	171	2	1	5	3	28	23	255	253	249	243	185	173	2	2	6	4	28	23	254	251	246	239	179	167	2	1	5	3	26	21	253	250	244	237	176	163	2	1	4	3	24	20	255	252	248	241	183	171	2	1	5	3	27	22	254	252	247	240	181	168	2	1	5	3	26	21	254	252	248	240	182	169	2	1	5	3	27	22	
236	226	214	200	161	150	1	1	12	8	19	15	233	222	209	195	158	146	1	1	10	7	18	14	235	225	213	199	161	149	1	1	11	8	19	15	230	218	205	191	154	143	1	1	9	7	17	13	226	214	200	187	150	140	1	1	8	6	16	12	231	220	206	192	155	144	1	1	10	7	17	13	234	224	211	197	159	148	1	1	11	8	18	15	232	221	207	193	156	145	1	1	10	7	17	14	226	214	200	187	150	140	1	1	8	6	16	12	234	224	211	197	159	148	1	1	11	8	18	15	235	225	213	199	161	149	1	1	11	8	19	15	231	220	206	192	155	144	1	1	10	7	17	13	228	216	202	188	151	141	1	1	9	6	16	12	234	223	210	196	158	147	1	1	11	8	18	14	232	221	208	194	156	145	1	1	10	7	17	14	233	222	209	195	157	146	1	1	10	7	18	14	
121	110	140	130	99	88	78	69	42	35	59	51	118	106	137	127	95	85	75	66	40	33	57	48	120	109	139	130	98	87	78	68	42	35	59	50	114	103	134	124	92	82	72	63	38	31	54	45	110	99	131	121	88	79	69	60	35	29	51	43	115	104	135	125	93	83	73	64	38	32	55	46	119	108	138	129	97	86	77	67	41	34	58	49	116	105	135	126	94	83	74	64	39	32	55	47	110	99	131	121	88	79	69	60	35	29	51	43	119	108	138	129	97	86	77	67	41	34	58	49	120	109	139	130	98	87	78	68	42	35	59	50	115	104	135	125	93	83	73	63	38	31	55	46	112	101	132	122	90	80	70	61	36	30	52	44	118	107	137	128	96	86	76	66	41	33	57	49	117	105	136	126	94	84	74	65	39	32	56	47	117	106	136	127	95	85	75	65	40	33	56	48	
2	1	4	3	24	20	254	251	246	238	178	166	2	1	4	3	25	20	253	250	244	237	175	163	2	1	4	2	24	19	254	251	246	239	180	167	2	1	5	3	26	21	255	253	249	242	184	172	2	1	5	3	28	23	254	252	247	240	181	168	2	1	5	3	26	21	253	250	244	237	175	163	2	1	4	2	24	19	254	251	245	238	177	165	2	1	4	3	25	20	255	253	249	242	185	172	2	1	5	3	28	23	254	252	247	240	181	168	2	1	5	3	26	21	253	250	244	237	175	163	2	1	4	2	24	19	254	250	245	237	176	164	2	1	4	3	24	20	255	253	249	243	186	173	2	2	6	4	29	23	254	251	246	239	179	166	2	1	4	3	26	21	253	250	243	236	174	162	2	1	4	2	24	19	254	251	245	238	177	165	2	1	4	3	25	20	253	250	244	237	176	163	
1	1	9	6	16	12	230	219	205	191	154	143	1	1	9	7	17	13	227	215	201	188	151	141	1	1	9	6	16	12	231	220	206	192	155	144	1	1	10	7	17	13	235	224	212	197	159	148	1	1	11	8	18	15	232	221	208	194	156	145	1	1	10	7	17	14	227	215	201	188	151	141	1	1	9	6	16	12	229	217	204	190	153	142	1	1	9	6	17	13	235	225	212	198	160	148	1	1	11	8	18	15	232	221	208	194	156	145	1	1	10	7	17	14	227	215	201	188	151	141	1	1	9	6	16	12	228	216	202	189	152	142	1	1	9	6	16	12	236	226	214	199	161	149	1	1	11	8	19	15	231	219	206	192	154	144	1	1	10	7	17	13	226	214	200	187	150	140	1	1	8	6	16	12	229	218	204	190	153	143	1	1	9	6	17	13	228	216	202	188	151	141	
70	61	36	30	52	44	114	103	134	124	92	82	72	63	38	31	54	45	111	100	131	122	89	79	70	60	36	30	52	43	115	104	135	125	93	83	73	64	38	32	55	46	119	108	138	129	97	86	77	67	41	34	58	49	117	105	136	126	94	84	74	65	39	32	56	47	111	100	132	122	89	79	70	61	36	30	52	43	113	102	133	124	91	81	71	62	37	30	53	45	120	109	139	129	98	87	77	68	42	34	58	50	117	105	136	126	94	84	74	65	39	32	56	47	111	100	131	122	89	79	70	60	36	29	52	43	112	101	132	123	90	80	71	61	36	30	52	44	121	110	140	130	99	88	78	69	42	35	59	51	115	104	134	125	93	82	73	63	38	31	54	46	110	99	131	121	88	79	69	60	35	29	51	43	114	102	133	124	91	81	72	62	37	31	53	45	112	101	132	122	90	80	
254	252	247	239	180	168	2	1	5	3	26	21	255	252	248	241	183	171	2	1	5	3	27	22	255	253	248	242	184	171	2	1	5	3	28	23	254	250	245	237	176	164	2	1	4	3	24	20	254	251	245	238	177	165	2	1	4	3	25	20	255	253	248	242	184	171	2	1	5	3	28	22	255	253	249	243	186	173	2	2	6	4	29	23	254	251	246	239	179	166	2	1	4	3	26	21	254	250	245	238	177	164	2	1	4	3	25	20	254	252	247	239	180	167	2	1	5	3	26	21	255	252	248	241	183	171	2	1	5	3	27	22	254	252	247	240	181	168	2	1	5	3	26	21	254	252	248	240	182	169	2	1	5	3	27	22	255	253	249	242	184	172	2	1	5	3	28	23	255	253	249	243	186	173	2	2	6	4	29	23	255	252	248	241	182	170	2	1	5	3	27	22	
232	220	207	193	156	145	1	1	10	7	17	14	234	223	211	196	159	147	1	1	11	8	18	15	234	224	211	197	159	148	1	1	11	8	18	15	228	216	202	189	152	142	1	1	9	6	16	12	229	217	203	190	153	142	1	1	9	6	17	13	234	224	211	197	159	148	1	1	11	8	18	15	236	226	213	199	161	149	1	1	11	8	19	15	230	219	205	191	154	144	1	1	10	7	17	13	229	217	203	189	152	142	1	1	9	6	17	12	231	220	207	193	155	145	1	1	10	7	17	13	234	223	210	196	158	147	1	1	11	8	18	14	232	221	208	193	156	145	1	1	10	7	17	14	233	222	209	195	157	146	1	1	10	7	18	14	235	224	211	197	159	148	1	1	11	8	18	15	236	226	213	199	161	149	1	1	11	8	19	15	233	223	210	195	158	147	1	1	10	7	18	14	
116	105	135	126	94	83	74	64	39	32	55	47	119	107	138	128	96	86	76	67	41	33	57	49	119	108	138	129	97	86	77	67	41	34	58	49	112	101	132	123	90	80	71	61	36	30	52	44	113	102	133	123	91	81	71	62	37	30	53	45	119	108	138	128	97	86	76	67	41	34	58	49	121	110	139	130	99	88	78	68	42	35	59	51	115	103	134	125	92	82	73	63	38	31	54	46	113	101	133	123	90	80	71	62	37	30	53	44	116	104	135	126	93	83	74	64	39	32	55	47	118	107	137	128	96	85	76	66	40	33	57	49	116	105	136	126	94	84	74	65	39	32	56	47	117	106	137	127	95	85	75	65	40	33	56	48	119	108	138	129	97	86	77	67	41	34	58	49	121	110	139	130	99	88	78	68	42	35	59	50	118	107	137	128	96	85	75	66	40	33	57	48	
2	1	5	3	28	23	253	250	243	236	174	162	2	1	4	2	24	19	254	251	245	238	178	165	2	1	4	3	25	20	254	252	247	239	180	168	2	1	5	3	26	21	255	253	249	243	186	174	2	2	6	4	29	23	254	252	247	240	182	169	2	1	5	3	27	22	254	251	246	239	180	167	2	1	5	3	26	21	254	252	247	240	181	169	2	1	5	3	27	22	255	252	248	241	183	170	2	1	5	3	27	22	255	253	249	243	186	174	2	2	6	4	29	23	254	251	245	238	177	165	2	1	4	3	25	20	254	251	246	238	178	166	2	1	4	3	25	20	253	250	244	237	175	162	2	1	4	2	24	19	254	251	245	238	177	164	2	1	4	3	25	20	254	251	246	238	178	165	2	1	4	3	25	20	253	250	244	237	175	163	2	1	4	3	24	19	255	253	249	242	185	172	
1	1	11	8	18	15	227	214	200	187	150	140	1	1	8	6	16	12	230	218	204	190	153	143	1	1	9	6	17	13	232	221	207	193	156	145	1	1	10	7	17	14	236	226	214	200	161	150	1	1	12	8	19	16	233	222	209	195	157	146	1	1	10	7	18	14	231	220	206	192	155	144	1	1	10	7	17	13	233	222	208	194	157	146	1	1	10	7	18	14	234	223	210	196	158	147	1	1	11	8	18	14	236	226	214	200	161	150	1	1	12	8	19	15	229	217	204	190	153	142	1	1	9	6	17	13	230	218	205	191	154	143	1	1	9	7	17	13	227	215	201	187	151	141	1	1	9	6	16	12	229	217	203	189	152	142	1	1	9	6	17	12	230	218	204	191	153	143	1	1	9	6	17	13	228	216	202	188	151	141	1	1	9	6	16	12	235	225	212	198	160	148	
77	68	41	34	58	50	110	99	131	121	88	79	69	60	35	29	51	43	114	102	133	124	91	81	72	62	37	31	53	45	116	105	135	126	94	83	74	64	39	32	55	47	121	110	140	130	99	88	78	69	42	35	59	51	117	106	136	127	95	84	75	65	40	33	56	48	116	104	135	125	93	83	73	64	38	32	55	46	117	106	136	127	95	84	75	65	40	33	56	48	118	107	137	128	96	85	76	66	40	33	57	49	121	110	140	130	99	88	78	69	42	35	59	51	113	102	133	124	91	81	71	62	37	31	53	45	114	103	134	124	92	82	72	63	38	31	54	45	111	100	131	122	89	79	70	60	36	29	52	43	113	102	133	123	91	81	71	62	37	30	53	45	114	103	133	124	92	81	72	62	37	31	54	45	112	100	132	122	90	80	70	61	36	30	52	44	120	109	139	129	98	87	
254	252	247	240	181	169	2	1	5	3	26	21	255	253	249	243	186	173	2	2	6	4	29	23	255	252	248	241	183	170	2	1	5	3	27	22	253	250	244	236	175	162	2	1	4	2	24	19	254	251	246	238	178	166	2	1	4	3	25	20	254	250	245	237	176	164	2	1	4	3	25	20	253	250	243	236	174	162	2	1	4	2	24	19	254	251	245	238	177	164	2	1	4	3	25	20	253	250	244	237	175	163	2	1	4	3	24	19	254	252	248	240	182	169	2	1	5	3	27	22	255	253	249	242	185	172	2	1	5	4	28	23	255	252	248	241	184	171	2	1	5	3	28	22	255	253	249	243	185	173	2	2	6	4	28	23	254	252	247	240	181	169	2	1	5	3	27	22	254	252	247	239	180	168	2	1	5	3	26	21	254	251	246	239	179	167	2	1	5	3	26	21	
232	221	208	194	156	145	1	1	10	7	17	14	235	226	213	199	161	149	1	1	11	8	19	15	233	223	210	196	158	147	1	1	11	7	18	14	227	215	201	187	150	140	1	1	9	6	16	12	230	219	205	191	154	143	1	1	9	7	17	13	228	217	203	189	152	142	1	1	9	6	16	12	227	214	200	187	150	140	1	1	8	6	16	12	229	217	203	189	152	142	1	1	9	6	17	12	228	215	202	188	151	141	1	1	9	6	16	12	233	222	209	195	157	146	1	1	10	7	18	14	235	225	212	198	160	149	1	1	11	8	19	15	234	224	211	197	159	147	1	1	11	8	18	15	235	225	213	199	161	149	1	1	11	8	19	15	232	221	208	194	157	146	1	1	10	7	17	14	232	220	207	193	155	145	1	1	10	7	17	13	231	220	206	192	155	144	1	1	10	7	17	13	
117	105	136	126	94	84	74	65	39	32	56	47	120	109	139	130	98	88	78	68	42	35	59	50	118	107	137	128	96	85	76	66	40	33	57	48	111	100	131	122	89	79	69	60	36	29	51	43	114	103	134	124	92	82	72	63	38	31	54	45	113	101	132	123	90	80	71	61	37	30	53	44	111	99	131	121	89	79	69	60	35	29	51	43	113	102	133	123	91	81	71	62	37	30	53	44	112	100	132	122	89	80	70	61	36	30	52	44	117	106	136	127	95	85	75	65	40	33	56	48	120	109	139	129	98	87	77	68	42	34	59	50	119	108	138	128	97	86	76	67	41	34	58	49	120	109	139	130	98	87	78	68	42	35	59	50	117	106	136	127	95	84	75	65	39	32	56	47	116	105	135	126	94	83	74	64	39	32	55	47	115	104	135	125	93	83	73	64	38	32	55	46	
2	1	4	3	25	20	254	251	246	238	178	166	2	1	4	3	25	21	254	250	245	237	176	164	2	1	4	3	24	20	254	251	247	239	180	167	2	1	5	3	26	21	255	252	248	241	183	170	2	1	5	3	27	22	255	253	249	242	185	172	2	1	5	4	28	23	255	252	248	241	183	171	2	1	5	3	27	22	255	253	249	242	185	173	2	1	6	4	28	23	255	253	248	242	184	171	2	1	5	3	28	23	254	251	246	239	179	166	2	1	4	3	26	21	253	250	244	236	174	162	2	1	4	2	24	19	254	250	245	237	176	164	2	1	4	3	25	20	254	251	246	239	178	166	2	1	4	3	25	21	253	250	244	237	176	163	2	1	4	3	24	20	255	253	248	242	184	171	2	1	5	3	28	23	254	252	248	241	182	170	2	1	5	3	27	22	254	250	245	238	176	164	
1	1	9	6	17	12	230	219	205	191	154	143	1	1	9	7	17	13	228	216	202	189	152	142	1	1	9	6	16	12	231	220	207	193	155	144	1	1	10	7	17	13	234	223	210	196	158	147	1	1	11	8	18	14	235	225	212	198	160	148	1	1	11	8	18	15	234	223	210	196	159	147	1	1	11	8	18	14	235	225	213	198	160	149	1	1	11	8	19	15	234	224	211	197	159	148	1	1	11	8	18	15	231	219	206	192	154	144	1	1	10	7	17	13	227	215	200	187	150	140	1	1	9	6	16	12	228	217	203	189	152	142	1	1	9	6	16	12	230	219	205	191	154	143	1	1	9	7	17	13	228	216	202	188	151	141	1	1	9	6	16	12	234	224	211	197	159	148	1	1	11	8	18	15	233	222	209	195	158	146	1	1	10	7	18	14	229	217	203	189	152	142	
71	61	37	30	53	44	114	103	134	125	92	82	72	63	38	31	54	46	112	101	132	123	90	80	71	61	36	30	52	44	116	104	135	126	93	83	73	64	39	32	55	46	118	107	137	128	96	85	76	66	40	33	57	49	120	109	139	129	98	87	77	68	42	34	58	50	119	107	138	128	96	86	76	66	41	33	57	49	120	109	139	130	98	87	77	68	42	34	59	50	119	108	138	129	97	86	77	67	41	34	58	49	115	103	134	125	92	82	73	63	38	31	54	46	111	100	131	121	89	79	69	60	35	29	51	43	112	101	132	123	90	80	71	61	37	30	53	44	114	103	134	125	92	82	72	63	38	31	54	46	112	101	132	123	90	80	70	61	36	30	52	44	119	108	138	129	97	86	77	67	41	34	58	49	118	106	137	127	95	85	75	66	40	33	57	48	113	101	132	123	90	80	
255	253	248	242	184	171	2	1	5	3	28	22	254	252	248	241	182	170	2	1	5	3	27	22	255	253	249	242	185	172	2	1	5	3	28	23	254	251	245	238	177	165	2	1	4	3	25	20	254	250	244	237	176	163	2	1	4	3	24	20	254	251	246	239	179	167	2	1	5	3	26	21	254	252	247	239	180	168	2	1	5	3	26	21	254	251	247	239	180	167	2	1	5	3	26	21	254	252	247	240	181	169	2	1	5	3	27	22	255	253	249	242	184	172	2	1	5	3	28	23	254	252	247	239	180	167	2	1	5	3	26	21	254	252	247	240	181	169	2	1	5	3	27	22	255	252	248	241	183	171	2	1	5	3	27	22	254	251	246	239	179	167	2	1	5	3	26	21	253	250	244	236	175	162	2	1	4	2	24	19	255	253	249	243	185	173	2	2	6	4	28	23	
234	224	211	197	159	148	1	1	11	8	18	15	233	222	209	195	158	146	1	1	10	7	18	14	235	225	212	198	160	148	1	1	11	8	18	15	229	218	204	190	153	143	1	1	9	6	17	13	228	216	202	188	151	141	1	1	9	6	16	12	231	219	206	192	155	144	1	1	10	7	17	13	232	221	207	193	156	145	1	1	10	7	17	14	231	220	207	193	155	144	1	1	10	7	17	13	232	221	208	194	157	146	1	1	10	7	17	14	235	224	212	198	160	148	1	1	11	8	18	15	231	220	207	193	155	145	1	1	10	7	17	13	232	222	208	194	157	146	1	1	10	7	17	14	234	223	210	196	159	147	1	1	11	8	18	14	231	220	206	192	155	144	1	1	10	7	17	13	227	215	201	187	150	140	1	1	9	6	16	12	235	225	213	199	161	149	1	1	11	8	19	15	
119	108	138	128	97	86	76	67	41	34	58	49	118	106	137	127	95	85	75	66	40	33	57	48	120	109	138	129	97	87	77	67	41	34	58	50	114	102	133	124	91	81	72	62	37	31	53	45	112	101	132	123	90	80	70	61	36	30	52	44	115	104	134	125	93	82	73	63	38	31	55	46	116	105	135	126	94	83	74	64	39	32	55	47	116	104	135	126	93	83	73	64	39	32	55	46	117	106	136	127	95	84	75	65	39	32	56	47	119	108	138	129	97	87	77	67	41	34	58	50	116	104	135	126	93	83	74	64	39	32	55	47	117	106	136	127	95	84	75	65	39	32	56	47	119	107	137	128	96	86	76	66	41	33	57	49	115	104	135	125	93	83	73	64	38	32	55	46	111	100	131	122	89	79	69	60	36	29	51	43	120	109	139	130	98	87	78	68	42	35	59	50	
2	1	4	2	24	19	254	251	245	238	177	165	2	1	4	3	25	20	253	250	244	237	175	163	2	1	4	3	24	19	254	252	247	240	181	168	2	1	5	3	26	21	255	253	249	243	186	173	2	2	6	4	29	23	254	252	247	240	181	169	2	1	5	3	27	22	253	250	244	237	175	163	2	1	4	2	24	19	254	251	245	238	177	165	2	1	4	3	25	20	253	250	244	236	175	162	2	1	4	2	24	19	254	251	246	238	178	166	2	1	4	3	25	20	254	252	248	240	182	170	2	1	5	3	27	22	255	253	249	243	186	173	2	2	6	4	29	23	253	250	243	236	174	162	2	1	4	2	24	19	254	251	245	238	178	165	2	1	4	3	25	20	255	253	249	243	186	174	2	2	6	4	29	24	254	252	247	240	181	168	2	1	5	3	26	21	253	250	244	237	175	163	
1	1	9	6	16	12	229	217	204	190	153	142	1	1	9	6	17	13	228	215	201	188	151	141	1	1	9	6	16	12	232	221	208	194	156	145	1	1	10	7	17	14	236	226	213	199	161	149	1	1	11	8	19	15	232	221	208	194	157	146	1	1	10	7	17	14	227	215	201	187	151	141	1	1	9	6	16	12	229	218	204	190	153	143	1	1	9	6	17	13	227	215	201	187	150	140	1	1	9	6	16	12	230	218	205	191	154	143	1	1	9	7	17	13	233	222	209	195	157	146	1	1	10	7	18	14	236	226	213	199	161	149	1	1	11	8	19	15	227	214	200	187	150	140	1	1	8	6	16	12	230	218	204	190	153	143	1	1	9	6	17	13	236	226	214	200	162	150	1	1	12	8	19	16	232	221	208	194	156	145	1	1	10	7	17	14	227	215	201	188	151	141	
70	60	36	29	52	43	113	102	133	124	91	81	71	62	37	30	53	45	112	100	132	122	89	80	70	61	36	30	52	43	117	105	136	126	94	84	74	65	39	32	56	47	120	110	139	130	98	88	78	68	42	35	59	50	117	106	136	127	95	84	75	65	39	32	56	47	111	100	131	122	89	79	70	60	36	29	52	43	113	102	133	124	91	81	72	62	37	31	53	45	111	100	131	122	89	79	70	60	36	29	51	43	114	103	134	124	92	82	72	63	38	31	54	45	118	106	137	127	95	85	75	66	40	33	57	48	121	110	140	130	99	88	78	69	42	35	59	51	110	99	131	121	88	79	69	60	35	29	51	43	114	103	133	124	92	81	72	62	37	31	54	45	121	110	140	130	99	88	78	69	43	35	60	51	116	105	136	126	94	84	74	65	39	32	56	47	111	100	131	122	89	79	
254	252	247	240	181	169	2	1	5	3	27	22	255	253	249	243	186	174	2	2	6	4	29	23	254	251	246	239	179	167	2	1	4	3	26	21	253	250	244	236	174	162	2	1	4	2	24	19	254	251	246	239	179	166	2	1	4	3	25	21	255	253	248	242	184	171	2	1	5	3	28	23	255	253	249	243	186	173	2	2	6	4	29	23	255	252	248	241	183	170	2	1	5	3	27	22	255	253	249	243	186	173	2	2	6	4	29	23	253	250	244	237	176	163	2	1	4	3	24	20	254	251	245	238	177	165	2	1	4	3	25	20	254	251	246	239	179	167	2	1	5	3	26	21	255	253	249	242	185	172	2	1	5	4	28	23	254	252	247	240	182	169	2	1	5	3	27	22	254	251	245	238	177	165	2	1	4	3	25	20	254	251	246	239	179	166	2	1	4	3	26	21	
232	222	208	194	157	146	1	1	10	7	17	14	236	226	214	200	161	150	1	1	12	8	19	15	231	219	206	192	154	144	1	1	10	7	17	13	227	214	200	187	150	140	1	1	8	6	16	12	230	219	205	191	154	144	1	1	10	7	17	13	234	224	211	197	159	148	1	1	11	8	18	15	236	226	214	199	161	149	1	1	11	8	19	15	233	223	210	196	158	147	1	1	11	7	18	14	235	226	213	199	161	149	1	1	11	8	19	15	228	216	202	188	151	141	1	1	9	6	16	12	229	217	203	190	153	142	1	1	9	6	17	13	231	220	206	192	155	144	1	1	10	7	17	13	235	225	212	198	160	149	1	1	11	8	19	15	233	222	209	195	157	146	1	1	10	7	18	14	229	217	203	190	153	142	1	1	9	6	17	13	231	219	205	191	154	144	1	1	10	7	17	13	
117	106	136	127	95	84	75	65	39	33	56	47	121	110	140	130	99	88	78	69	42	35	59	51	115	104	134	125	93	82	73	63	38	31	54	46	111	100	131	121	89	79	69	60	35	29	51	43	115	103	134	125	92	82	73	63	38	31	54	46	119	108	138	129	97	86	76	67	41	34	58	49	121	110	140	130	99	88	78	69	42	35	59	51	118	107	137	128	96	85	76	66	40	33	57	48	120	109	139	130	98	87	78	68	42	35	59	50	112	101	132	122	90	80	70	61	36	30	52	44	113	102	133	123	91	81	71	62	37	30	53	45	115	104	135	125	93	83	73	64	38	32	55	46	120	109	139	129	98	87	77	68	42	34	59	50	117	106	136	127	95	84	75	65	40	33	56	48	113	102	133	123	91	81	71	62	37	30	53	45	115	103	134	125	92	82	73	63	38	31	54	46	
2	1	5	3	28	23	254	251	247	239	180	167	2	1	5	3	26	21	255	252	248	241	182	170	2	1	5	3	27	22	255	253	249	242	184	172	2	1	5	3	28	23	254	252	248	240	182	169	2	1	5	3	27	22	253	250	244	237	175	163	2	1	4	3	24	20	254	251	245	238	177	164	2	1	4	3	25	20	254	251	246	238	178	166	2	1	4	3	25	20	254	250	245	237	176	164	2	1	4	3	25	20	254	252	247	239	180	168	2	1	5	3	26	21	255	253	249	242	184	172	2	1	5	3	28	23	255	252	248	241	183	170	2	1	5	3	27	22	254	250	245	238	177	164	2	1	4	3	25	20	253	250	244	237	175	163	2	1	4	3	24	19	254	252	247	239	180	167	2	1	5	3	26	21	255	252	248	241	183	171	2	1	5	3	28	22	255	253	249	242	185	172	
1	1	11	8	18	15	231	220	207	193	155	144	1	1	10	7	17	13	233	223	209	195	158	146	1	1	10	7	18	14	235	224	212	198	160	148	1	1	11	8	18	15	233	222	209	195	157	146	1	1	10	7	18	14	228	216	202	188	151	141	1	1	9	6	16	12	229	217	203	189	152	142	1	1	9	6	17	12	230	219	205	191	154	143	1	1	9	7	17	13	229	217	203	189	152	142	1	1	9	6	16	12	232	221	207	193	156	145	1	1	10	7	17	14	235	224	212	197	160	148	1	1	11	8	18	15	234	223	210	196	158	147	1	1	11	8	18	14	229	217	203	189	152	142	1	1	9	6	17	12	228	216	202	188	151	141	1	1	9	6	16	12	231	220	207	193	155	145	1	1	10	7	17	13	234	224	211	196	159	147	1	1	11	8	18	15	235	225	212	198	160	148	
77	68	42	34	58	50	116	104	135	126	93	83	73	64	39	32	55	46	118	106	137	127	95	85	75	66	40	33	57	48	119	108	138	129	97	87	77	67	41	34	58	50	118	106	137	127	95	85	75	65	40	33	56	48	112	101	132	122	90	80	70	61	36	30	52	44	113	102	133	123	91	81	71	62	37	30	53	44	114	103	134	124	92	82	72	63	38	31	54	45	113	101	132	123	90	80	71	61	37	30	53	44	116	105	135	126	94	83	74	64	39	32	55	47	119	108	138	129	97	86	77	67	41	34	58	49	118	107	137	128	96	85	76	66	40	33	57	49	113	102	133	123	91	81	71	62	37	30	53	44	112	100	132	122	89	80	70	61	36	30	52	44	116	104	135	126	93	83	74	64	39	32	55	47	119	107	138	128	96	86	76	67	41	34	57	49	120	109	139	129	98	87	
254	251	245	238	177	165	2	1	4	3	25	20	253	250	243	236	174	162	2	1	4	2	24	19	254	250	245	238	176	164	2	1	4	3	25	20	254	251	245	238	178	165	2	1	4	3	25	20	255	253	249	243	185	173	2	1	6	4	28	23	254	252	248	241	182	170	2	1	5	3	27	22	254	252	247	240	181	168	2	1	5	3	26	21	255	253	248	242	184	171	2	1	5	3	28	23	255	252	248	241	183	171	2	1	5	3	27	22	254	251	246	239	179	166	2	1	4	3	26	21	253	250	244	237	175	163	2	1	4	2	24	19	254	252	247	239	181	168	2	1	5	3	26	21	255	252	248	241	183	170	2	1	5	3	27	22	255	253	249	242	184	172	2	1	5	3	28	23	253	250	244	236	174	162	2	1	4	2	24	19	254	250	245	237	176	164	2	1	4	3	24	20	
230	218	204	190	153	143	1	1	9	6	17	13	226	214	200	187	150	140	1	1	8	6	16	12	229	217	203	189	152	142	1	1	9	6	16	12	230	218	204	190	153	143	1	1	9	6	17	13	235	225	213	199	160	149	1	1	11	8	19	15	233	222	209	195	157	146	1	1	10	7	18	14	232	221	208	194	156	145	1	1	10	7	17	14	234	224	211	197	159	148	1	1	11	8	18	15	234	223	210	196	159	147	1	1	11	8	18	14	231	219	206	192	154	144	1	1	10	7	17	13	227	215	201	188	151	141	1	1	9	6	16	12	232	221	207	193	156	145	1	1	10	7	17	14	234	223	210	196	158	147	1	1	11	8	18	14	235	224	212	197	160	148	1	1	11	8	18	15	227	214	200	187	150	140	1	1	8	6	16	12	228	216	203	189	152	142	1	1	9	6	16	12	
114	102	133	124	91	81	72	62	37	31	53	45	110	99	131	121	88	79	69	60	35	29	51	43	113	101	132	123	90	80	71	61	37	30	53	44	114	102	133	124	91	81	72	62	37	31	54	45	120	109	139	130	98	87	78	68	42	35	59	50	118	106	137	127	95	85	75	66	40	33	57	48	117	105	136	126	94	84	74	65	39	32	56	47	119	108	138	129	97	86	77	67	41	34	58	49	119	107	137	128	96	86	76	66	41	33	57	49	115	104	134	125	93	82	73	63	38	31	54	46	111	100	131	122	89	79	70	60	36	29	52	43	116	105	135	126	94	84	74	64	39	32	55	47	118	107	137	128	96	85	76	66	40	33	57	48	119	108	138	129	97	86	77	67	41	34	58	49	111	100	131	121	89	79	69	60	35	29	51	43	112	101	132	123	90	80	71	61	36	30	53	44	
2	1	5	3	27	22	255	253	248	242	184	171	2	1	5	3	28	23	254	252	247	239	180	168	2	1	5	3	26	21	255	252	248	241	183	170	2	1	5	3	27	22	254	252	247	240	181	168	2	1	5	3	26	21	254	251	246	239	179	167	2	1	5	3	26	21	255	253	249	242	185	172	2	1	5	3	28	23	253	250	244	237	175	163	2	1	4	2	24	19	254	251	246	238	178	166	2	1	4	3	25	21	253	250	243	236	174	162	2	1	4	2	24	19	254	252	247	240	181	169	2	1	5	3	27	22	255	253	249	242	185	173	2	1	6	4	28	23	254	251	246	238	178	166	2	1	4	3	25	20	254	251	245	238	177	165	2	1	4	3	25	20	254	252	248	240	182	169	2	1	5	3	27	22	255	253	249	243	186	173	2	2	6	4	29	23	255	252	248	241	183	170	
1	1	11	8	18	14	234	224	211	197	159	148	1	1	11	8	18	15	232	221	207	193	156	145	1	1	10	7	17	14	233	223	210	196	158	147	1	1	11	7	18	14	232	221	208	194	156	145	1	1	10	7	17	14	231	220	206	192	155	144	1	1	10	7	17	13	235	225	212	198	160	148	1	1	11	8	18	15	227	215	201	188	151	141	1	1	9	6	16	12	230	219	205	191	154	143	1	1	9	7	17	13	226	214	200	186	150	140	1	1	8	6	16	12	233	222	208	194	157	146	1	1	10	7	18	14	235	225	213	198	160	149	1	1	11	8	19	15	230	218	205	191	154	143	1	1	9	7	17	13	229	217	204	190	153	142	1	1	9	6	17	13	233	222	209	195	157	146	1	1	10	7	18	14	235	226	213	199	161	149	1	1	11	8	19	15	234	223	210	196	158	147	
76	66	40	33	57	48	119	108	138	129	97	86	77	67	41	34	58	49	116	105	135	126	94	83	74	64	39	32	55	47	118	107	137	128	96	85	76	66	40	33	57	48	116	105	136	126	94	84	74	65	39	32	56	47	115	104	135	125	93	83	73	64	38	32	55	46	120	109	139	129	98	87	77	67	41	34	58	50	111	100	131	122	89	79	70	60	36	30	52	43	114	103	134	125	92	82	72	63	38	31	54	46	110	99	131	121	88	79	69	60	35	29	51	43	117	106	136	127	95	84	75	65	40	33	56	48	120	109	139	130	98	87	78	68	42	34	59	50	114	103	134	124	92	82	72	63	37	31	54	45	113	102	133	124	91	81	71	62	37	30	53	45	118	106	137	127	95	85	75	66	40	33	56	48	120	109	139	130	98	88	78	68	42	35	59	50	118	107	137	128	96	85	
253	250	244	237	175	163	2	1	4	3	24	20	254	251	246	238	178	165	2	1	4	3	25	20	255	253	249	242	185	173	2	1	5	4	28	23	253	250	244	237	175	163	2	1	4	2	24	19	254	251	245	238	177	165	2	1	4	3	25	20	253	250	243	236	174	162	2	1	4	2	24	19	254	251	247	239	180	167	2	1	5	3	26	21	255	253	249	243	185	173	2	1	6	4	28	23	254	252	248	241	182	170	2	1	5	3	27	22	255	253	249	243	186	174	2	2	6	4	29	23	254	251	245	238	177	164	2	1	4	3	25	20	254	251	246	239	180	167	2	1	5	3	26	21	255	253	249	243	186	173	2	2	6	4	29	23	254	251	246	239	180	167	2	1	5	3	26	21	254	251	246	238	178	166	2	1	4	3	25	20	254	252	247	239	180	168	2	1	5	3	26	21	
228	216	202	188	151	141	1	1	9	6	16	12	230	218	204	191	153	143	1	1	9	6	17	13	235	225	212	198	160	149	1	1	11	8	19	15	227	215	201	187	151	141	1	1	9	6	16	12	229	218	204	190	153	143	1	1	9	6	17	13	227	214	200	187	150	140	1	1	8	6	16	12	231	220	207	193	155	144	1	1	10	7	17	13	235	225	213	199	160	149	1	1	11	8	19	15	233	222	209	195	157	146	1	1	10	7	18	14	236	226	214	200	161	150	1	1	12	8	19	16	229	217	203	189	152	142	1	1	9	6	17	12	231	220	206	192	155	144	1	1	10	7	17	13	236	226	213	199	161	149	1	1	11	8	19	15	231	220	206	192	155	144	1	1	10	7	17	13	230	218	205	191	154	143	1	1	9	7	17	13	232	221	207	193	156	145	1	1	10	7	17	14	
112	101	132	122	90	80	70	61	36	30	52	44	114	103	134	124	92	81	72	62	37	31	54	45	120	109	139	130	98	87	77	68	42	34	59	50	111	100	131	122	89	79	70	60	36	29	52	43	113	102	133	124	91	81	72	62	37	31	53	45	110	99	131	121	88	79	69	60	35	29	51	43	116	104	135	126	93	83	73	64	39	32	55	46	120	109	139	130	98	87	78	68	42	35	59	50	118	106	137	127	95	85	75	66	40	33	57	48	121	110	140	130	99	88	78	69	42	35	59	51	113	102	133	123	91	81	71	62	37	30	53	44	115	104	135	125	93	83	73	64	38	32	55	46	121	110	140	130	99	88	78	69	42	35	59	51	116	104	135	125	93	83	73	64	38	32	55	46	114	103	134	124	92	82	72	63	38	31	54	45	116	105	135	126	94	83	74	64	39	32	55	47	
2	1	5	3	26	21	255	253	249	243	186	173	2	2	6	4	29	23	254	252	247	240	181	169	2	1	5	3	27	22	254	251	246	239	180	167	2	1	5	3	26	21	255	253	249	243	186	174	2	2	6	4	29	24	255	253	248	242	184	171	2	1	5	3	28	23	254	252	248	240	182	169	2	1	5	3	27	22	254	251	245	238	178	165	2	1	4	3	25	20	254	250	244	237	176	164	2	1	4	3	24	20	254	251	245	238	177	165	2	1	4	3	25	20	254	252	247	239	180	168	2	1	5	3	26	21	255	253	248	242	184	171	2	1	5	3	28	22	253	250	244	236	174	162	2	1	4	2	24	19	254	250	244	237	176	164	2	1	4	3	24	20	255	253	249	242	184	172	2	1	5	3	28	23	253	250	244	237	175	163	2	1	4	3	24	19	254	251	246	239	179	167	
1	1	10	7	17	13	236	226	213	199	161	149	1	1	11	8	19	15	233	222	208	194	157	146	1	1	10	7	18	14	231	220	206	192	155	144	1	1	10	7	17	13	236	226	214	200	162	150	1	1	12	8	19	16	234	224	211	197	159	148	1	1	11	8	18	15	233	222	209	195	157	146	1	1	10	7	18	14	230	218	204	190	153	143	1	1	9	6	17	13	228	216	202	188	152	141	1	1	9	6	16	12	229	218	204	190	153	143	1	1	9	6	17	13	232	220	207	193	156	145	1	1	10	7	17	13	234	224	211	197	159	147	1	1	11	8	18	15	227	215	201	187	150	140	1	1	9	6	16	12	228	216	202	189	152	142	1	1	9	6	16	12	235	225	212	198	160	148	1	1	11	8	18	15	228	215	201	188	151	141	1	1	9	6	16	12	231	220	206	192	155	144	
73	63	38	31	55	46	121	110	139	130	99	88	78	68	42	35	59	51	117	106	136	127	95	84	75	65	39	33	56	48	116	104	135	125	93	83	73	64	38	32	55	46	121	110	140	130	99	88	78	69	43	35	60	51	119	108	138	129	97	86	76	67	41	34	58	49	117	106	136	127	95	85	75	65	40	33	56	48	114	102	133	124	91	81	72	62	37	31	54	45	112	101	132	123	90	80	70	61	36	30	52	44	114	102	133	124	91	81	72	62	37	31	53	45	116	105	135	126	94	83	74	64	39	32	55	47	119	108	138	128	97	86	76	67	41	34	58	49	111	100	131	122	89	79	69	60	35	29	51	43	112	101	132	123	90	80	71	61	36	30	52	44	120	108	138	129	97	87	77	67	41	34	58	50	111	100	132	122	89	79	70	61	36	30	52	43	115	104	135	125	93	83	
254	252	247	240	182	169	2	1	5	3	27	22	253	250	244	237	175	162	2	1	4	2	24	19	254	250	245	237	176	164	2	1	4	3	24	20	254	252	248	241	182	170	2	1	5	3	27	22	253	250	244	237	176	163	2	1	4	3	24	20	254	251	246	239	179	166	2	1	4	3	25	21	255	253	249	243	186	173	2	2	6	4	29	23	255	252	248	241	183	170	2	1	5	3	27	22	255	253	249	242	184	172	2	1	5	3	28	23	255	252	248	241	183	170	2	1	5	3	27	22	253	250	244	237	175	163	2	1	4	2	24	19	254	252	247	240	181	168	2	1	5	3	26	21	255	252	248	241	183	171	2	1	5	3	28	22	254	252	247	240	181	168	2	1	5	3	26	21	254	252	247	240	181	169	2	1	5	3	27	22	255	253	249	242	185	172	2	1	5	4	28	23	
233	222	209	195	157	146	1	1	10	7	18	14	227	215	201	187	150	141	1	1	9	6	16	12	228	216	202	189	152	142	1	1	9	6	16	12	233	222	209	195	158	146	1	1	10	7	18	14	228	216	202	188	151	141	1	1	9	6	16	12	230	219	205	191	154	144	1	1	10	7	17	13	236	226	213	199	161	149	1	1	11	8	19	15	234	223	210	196	158	147	1	1	11	8	18	14	235	224	212	198	160	148	1	1	11	8	18	15	234	223	210	196	158	147	1	1	11	8	18	14	227	215	201	188	151	141	1	1	9	6	16	12	232	221	208	193	156	145	1	1	10	7	17	14	234	224	211	196	159	147	1	1	11	8	18	15	232	221	208	194	156	145	1	1	10	7	17	14	233	222	209	194	157	146	1	1	10	7	18	14	235	225	212	198	160	148	1	1	11	8	18	15	
117	106	136	127	95	84	75	65	40	33	56	48	111	100	131	122	89	79	70	60	36	29	51	43	112	101	132	123	90	80	71	61	36	30	52	44	118	106	137	127	95	85	75	66	40	33	57	48	112	101	132	122	90	80	70	61	36	30	52	44	115	103	134	125	92	82	73	63	38	31	54	46	121	110	139	130	99	88	78	68	42	35	59	51	118	107	137	128	96	85	76	66	40	33	57	49	119	108	138	129	97	87	77	67	41	34	58	50	118	107	137	128	96	85	76	66	40	33	57	48	111	100	131	122	89	79	70	60	36	29	52	43	116	105	136	126	94	84	74	64	39	32	56	47	119	107	138	128	96	86	76	67	41	34	57	49	117	105	136	126	94	84	74	65	39	32	56	47	117	106	136	127	95	84	75	65	40	33	56	48	120	109	139	129	98	87	77	68	42	34	58	50	
2	1	4	3	25	20	254	251	246	239	179	166	2	1	4	3	26	21	255	253	249	242	184	172	2	1	5	3	28	23	254	251	246	238	178	166	2	1	4	3	25	20	254	251	246	239	179	167	2	1	4	3	26	21	254	252	247	239	180	168	2	1	5	3	26	21	254	250	245	237	176	164	2	1	4	3	25	20	253	250	244	236	174	162	2	1	4	2	24	19	254	252	247	239	180	168	2	1	5	3	26	21	253	250	244	237	175	163	2	1	4	3	24	19	254	251	246	239	179	167	2	1	5	3	26	21	255	253	249	242	185	172	2	1	5	4	28	23	254	251	245	238	177	165	2	1	4	3	25	20	254	251	246	239	178	166	2	1	4	3	25	21	253	250	243	236	174	162	2	1	4	2	24	19	254	251	246	238	178	166	2	1	4	3	25	20	254	250	245	237	176	164	
1	1	9	6	16	12	231	219	206	192	154	144	1	1	10	7	17	13	235	225	212	198	160	148	1	1	11	8	18	15	230	218	205	191	154	143	1	1	9	7	17	13	231	219	206	192	155	144	1	1	10	7	17	13	232	221	207	193	156	145	1	1	10	7	17	14	228	216	203	189	152	142	1	1	9	6	16	12	227	215	201	187	150	140	1	1	9	6	16	12	232	221	207	193	156	145	1	1	10	7	17	14	228	215	202	188	151	141	1	1	9	6	16	12	231	220	206	192	155	144	1	1	10	7	17	13	235	225	212	198	160	149	1	1	11	8	18	15	229	217	204	190	153	142	1	1	9	6	17	13	230	219	205	191	154	143	1	1	9	7	17	13	227	214	200	187	150	140	1	1	8	6	16	12	230	219	205	191	154	143	1	1	9	7	17	13	229	217	203	189	152	142	
71	61	37	30	53	44	115	104	134	125	92	82	73	63	38	31	54	46	120	108	138	129	97	87	77	67	41	34	58	50	114	103	134	124	92	82	72	63	38	31	54	45	115	104	134	125	93	82	73	63	38	31	54	46	116	105	135	126	94	83	74	64	39	32	55	47	112	101	132	123	90	80	71	61	37	30	53	44	111	100	131	122	89	79	69	60	36	29	51	43	116	105	135	126	94	83	74	64	39	32	55	47	112	100	132	122	89	80	70	61	36	30	52	44	115	104	135	125	93	83	73	64	38	32	55	46	120	109	139	129	98	87	77	68	42	34	59	50	113	102	133	124	91	81	72	62	37	31	53	45	115	103	134	125	92	82	72	63	38	31	54	46	110	99	131	121	88	79	69	60	35	29	51	43	114	103	134	124	92	82	72	63	38	31	54	45	113	101	132	123	90	80	
255	253	249	242	184	172	2	1	5	3	28	23	254	252	247	240	181	168	2	1	5	3	26	21	255	252	248	241	182	170	2	1	5	3	27	22	255	253	249	243	185	173	2	2	6	4	28	23	255	252	248	241	183	171	2	1	5	3	28	22	255	253	249	242	185	172	2	1	5	4	28	23	254	252	247	240	181	169	2	1	5	3	27	22	254	251	246	239	179	167	2	1	4	3	26	21	254	251	246	238	178	166	2	1	4	3	25	20	255	253	249	243	186	173	2	2	6	4	28	23	254	250	245	237	176	164	2	1	4	3	25	20	254	252	247	239	180	168	2	1	5	3	26	21	255	253	249	243	185	173	2	2	6	4	28	23	255	252	248	241	183	171	2	1	5	3	27	22	255	253	249	243	186	174	2	2	6	4	29	23	255	252	248	241	182	170	2	1	5	3	27	22	
234	224	211	197	159	148	1	1	11	8	18	15	232	221	208	194	156	145	1	1	10	7	17	14	233	223	210	195	158	147	1	1	10	7	18	14	235	225	213	199	161	149	1	1	11	8	19	15	234	224	211	196	159	147	1	1	11	8	18	15	235	225	212	198	160	149	1	1	11	8	19	15	232	222	208	194	157	146	1	1	10	7	17	14	231	219	206	192	154	144	1	1	10	7	17	13	230	218	205	191	154	143	1	1	9	7	17	13	235	226	213	199	161	149	1	1	11	8	19	15	228	216	203	189	152	142	1	1	9	6	16	12	232	220	207	193	156	145	1	1	10	7	17	14	235	225	213	199	161	149	1	1	11	8	19	15	234	223	210	196	158	147	1	1	11	8	18	14	236	226	214	200	161	150	1	1	12	8	19	15	233	223	209	195	158	146	1	1	10	7	18	14	
119	108	138	129	97	86	77	67	41	34	58	49	116	105	136	126	94	84	74	65	39	32	56	47	118	107	137	128	96	85	75	66	40	33	57	48	120	109	139	130	98	87	78	68	42	35	59	50	119	107	138	128	96	86	76	67	41	34	57	49	120	109	139	129	98	87	77	68	42	34	59	50	117	106	136	127	95	84	75	65	39	33	56	47	115	104	134	125	93	82	73	63	38	31	54	46	114	103	134	124	92	82	72	63	38	31	54	45	120	109	139	130	98	87	78	68	42	35	59	50	112	101	132	123	90	80	71	61	37	30	53	44	116	105	135	126	94	83	74	64	39	32	55	47	120	109	139	130	98	87	78	68	42	35	59	50	118	107	137	128	96	85	76	66	41	33	57	49	121	110	140	130	99	88	78	69	42	35	59	51	118	107	137	127	96	85	75	66	40	33	57	48	
2	1	4	3	24	20	254	251	245	238	178	165	2	1	4	3	25	20	254	250	245	238	176	164	2	1	4	3	25	20	253	250	244	236	174	162	2	1	4	2	24	19	254	251	245	238	177	165	2	1	4	3	25	20	253	250	244	237	175	162	2	1	4	2	24	19	254	251	245	238	177	165	2	1	4	3	25	20	255	252	248	241	183	171	2	1	5	3	28	22	255	253	249	242	185	172	2	1	5	4	28	23	254	252	247	240	181	169	2	1	5	3	27	22	254	252	247	240	181	168	2	1	5	3	26	21	255	252	248	241	183	171	2	1	5	3	27	22	253	250	244	237	175	162	2	1	4	2	24	19	254	250	245	237	176	164	2	1	4	3	24	20	254	251	245	238	177	165	2	1	4	3	25	20	254	251	245	238	178	165	2	1	4	3	25	20	253	250	244	237	175	163	
1	1	9	6	16	12	230	218	204	190	153	143	1	1	9	6	17	13	229	217	203	189	152	142	1	1	9	6	17	12	227	214	200	187	150	140	1	1	8	6	16	12	229	218	204	190	153	143	1	1	9	6	17	13	227	215	201	187	151	141	1	1	9	6	16	12	229	217	203	190	153	142	1	1	9	6	17	13	234	224	211	197	159	147	1	1	11	8	18	15	235	225	212	198	160	149	1	1	11	8	19	15	233	222	209	194	157	146	1	1	10	7	18	14	232	221	208	194	156	145	1	1	10	7	17	14	234	223	210	196	158	147	1	1	11	8	18	14	227	215	201	187	151	141	1	1	9	6	16	12	228	216	202	189	152	142	1	1	9	6	16	12	229	217	203	190	152	142	1	1	9	6	17	12	230	218	204	190	153	143	1	1	9	6	17	13	228	216	202	188	151	141	
70	61	36	30	52	44	114	102	133	124	91	81	72	62	37	31	53	45	113	101	132	123	90	80	71	61	37	30	53	44	111	100	131	121	89	79	69	60	35	29	51	43	113	102	133	124	91	81	72	62	37	31	53	45	111	100	131	122	89	79	70	60	36	29	52	43	113	102	133	123	91	81	71	62	37	30	53	45	119	108	138	128	97	86	76	67	41	34	57	49	120	109	139	129	98	87	77	68	42	34	59	50	117	106	136	127	95	84	75	65	40	33	56	48	117	105	136	126	94	84	74	65	39	32	56	47	118	107	137	128	96	86	76	66	41	33	57	49	111	100	131	122	89	79	70	60	36	29	52	43	112	101	132	123	90	80	71	61	36	30	52	44	113	102	133	123	91	81	71	62	37	30	53	45	114	103	133	124	92	81	72	62	37	31	54	45	112	101	132	122	90	80	
254	252	248	241	182	170	2	1	5	3	27	22	255	253	249	243	186	173	2	2	6	4	29	23	254	251	247	239	180	167	2	1	5	3	26	21	254	252	247	240	181	169	2	1	5	3	27	21	255	252	248	241	183	170	2	1	5	3	27	22	255	253	248	242	184	171	2	1	5	3	28	23	254	252	247	239	180	168	2	1	5	3	26	21	253	250	244	237	175	163	2	1	4	2	24	19	254	251	245	238	177	165	2	1	4	3	25	20	253	250	243	236	174	162	2	1	4	2	24	19	254	251	245	238	178	165	2	1	4	3	25	20	254	251	246	239	179	167	2	1	4	3	26	21	255	253	249	242	184	171	2	1	5	3	28	23	254	252	247	240	182	169	2	1	5	3	27	22	254	252	247	240	181	168	2	1	5	3	26	21	255	253	249	242	185	173	2	1	6	4	28	23	
233	222	209	195	158	146	1	1	10	7	18	14	236	226	213	199	161	149	1	1	11	8	19	15	231	220	207	193	155	144	1	1	10	7	17	13	232	221	208	194	156	145	1	1	10	7	17	14	233	223	210	196	158	147	1	1	11	7	18	14	234	224	211	197	159	148	1	1	11	8	18	15	232	220	207	193	156	145	1	1	10	7	17	13	227	215	201	188	151	141	1	1	9	6	16	12	229	218	204	190	153	143	1	1	9	6	17	13	227	214	200	187	150	140	1	1	8	6	16	12	230	218	204	190	153	143	1	1	9	6	17	13	231	219	206	192	154	144	1	1	10	7	17	13	234	224	211	197	159	148	1	1	11	8	18	15	233	222	209	195	157	146	1	1	10	7	18	14	232	221	208	194	156	145	1	1	10	7	17	14	235	225	213	198	160	149	1	1	11	8	19	15	
118	106	137	127	95	85	75	66	40	33	57	48	121	110	140	130	99	88	78	69	42	35	59	51	116	104	135	126	93	83	73	64	39	32	55	46	117	105	136	127	94	84	74	65	39	32	56	47	118	107	137	128	96	85	76	66	40	33	57	48	119	108	138	129	97	86	77	67	41	34	58	49	116	105	135	126	94	83	74	64	39	32	55	47	111	100	131	122	89	79	70	60	36	29	52	43	113	102	133	124	91	81	72	62	37	31	53	45	111	99	131	121	89	79	69	60	35	29	51	43	114	102	133	124	91	81	72	62	37	31	54	45	115	104	134	125	93	82	73	63	38	31	54	46	119	108	138	129	97	86	77	67	41	34	58	49	117	106	136	127	95	84	75	65	40	33	56	48	116	105	136	126	94	84	74	65	39	32	56	47	120	109	139	130	98	87	78	68	42	34	59	50	
2	1	4	3	25	21	253	249	243	236	174	162	2	1	4	2	24	19	254	252	248	240	182	169	2	1	5	3	27	22	255	253	249	242	185	172	2	1	5	3	28	23	254	250	244	237	176	164	2	1	4	3	24	20	254	251	246	238	178	166	2	1	4	3	25	20	254	251	246	239	179	166	2	1	4	3	26	21	255	253	249	243	186	174	2	2	6	4	29	23	254	252	248	241	182	170	2	1	5	3	27	22	255	252	248	241	183	171	2	1	5	3	27	22	255	253	249	242	184	172	2	1	5	3	28	23	255	253	249	243	186	174	2	2	6	4	29	23	254	252	247	240	181	169	2	1	5	3	27	22	254	251	246	239	180	167	2	1	5	3	26	21	255	253	249	242	185	172	2	1	5	3	28	23	253	250	244	237	175	163	2	1	4	2	24	19	254	251	246	239	179	166	
1	1	10	7	17	13	226	214	200	186	150	140	1	1	8	6	16	12	233	222	209	195	157	146	1	1	10	7	18	14	235	225	212	198	160	148	1	1	11	8	18	15	228	216	202	188	152	141	1	1	9	6	16	12	230	218	205	191	154	143	1	1	9	7	17	13	231	219	206	192	154	144	1	1	10	7	17	13	236	226	214	200	161	150	1	1	12	8	19	15	233	222	209	195	157	146	1	1	10	7	18	14	234	223	210	196	158	147	1	1	11	8	18	14	235	224	211	197	159	148	1	1	11	8	18	15	236	226	214	200	161	150	1	1	12	8	19	15	232	222	208	194	157	146	1	1	10	7	17	14	231	220	207	192	155	144	1	1	10	7	17	13	235	225	212	198	160	148	1	1	11	8	18	15	227	215	201	188	151	141	1	1	9	6	16	12	230	219	205	191	154	144	
73	63	38	31	54	46	110	99	131	121	88	78	69	60	35	29	51	43	118	106	137	127	95	85	75	66	40	33	57	48	120	108	138	129	97	87	77	67	41	34	58	50	112	101	132	123	90	80	70	61	36	30	52	44	114	103	134	124	92	82	72	63	38	31	54	45	115	103	134	125	92	82	73	63	38	31	54	46	121	110	140	130	99	88	78	69	42	35	59	51	118	106	137	127	95	85	75	66	40	33	57	48	119	107	137	128	96	86	76	66	41	33	57	49	119	108	138	129	97	86	77	67	41	34	58	49	121	110	140	130	99	88	78	69	42	35	59	51	117	106	136	127	95	84	75	65	39	32	56	47	116	104	135	125	93	83	73	64	38	32	55	46	120	109	138	129	98	87	77	67	41	34	58	50	111	100	131	122	89	79	70	60	36	29	52	43	115	103	134	125	92	82	
255	253	249	242	184	172	2	1	5	3	28	23	254	251	246	239	179	167	2	1	5	3	26	21	253	250	244	237	175	163	2	1	4	3	24	19	254	251	246	239	179	167	2	1	5	3	26	21	255	253	249	243	186	173	2	2	6	4	29	23	254	252	247	240	182	169	2	1	5	3	27	22	253	250	244	237	176	163	2	1	4	3	24	20	254	251	246	238	178	166	2	1	4	3	25	21	254	250	244	237	176	164	2	1	4	3	24	20	254	251	246	239	179	166	2	1	4	3	26	21	253	250	244	237	176	163	2	1	4	3	24	20	254	250	245	238	177	164	2	1	4	3	25	20	254	251	246	238	178	166	2	1	4	3	25	20	253	250	244	236	174	162	2	1	4	2	24	19	254	251	246	239	179	167	2	1	5	3	26	21	255	252	248	241	183	170	2	1	5	3	27	22	
235	224	212	198	160	148	1	1	11	8	18	15	231	220	206	192	155	144	1	1	10	7	17	13	228	216	202	188	151	141	1	1	9	6	16	12	231	220	206	192	155	144	1	1	10	7	17	13	236	226	213	199	161	149	1	1	11	8	19	15	233	222	209	195	157	146	1	1	10	7	18	14	228	216	202	188	151	141	1	1	9	6	16	12	230	219	205	191	154	143	1	1	9	7	17	13	228	216	202	189	152	141	1	1	9	6	16	12	230	219	205	191	154	144	1	1	10	7	17	13	228	216	202	188	151	141	1	1	9	6	16	12	229	217	203	189	152	142	1	1	9	6	17	12	230	218	205	191	153	143	1	1	9	7	17	13	227	215	201	187	150	140	1	1	9	6	16	12	231	220	206	192	155	144	1	1	10	7	17	13	234	223	210	196	158	147	1	1	11	8	18	14	
119	108	138	129	97	86	77	67	41	34	58	50	115	104	135	125	93	83	73	64	38	32	55	46	112	100	132	122	89	80	70	61	36	30	52	44	115	104	135	125	93	83	73	64	38	32	55	46	121	110	140	130	99	88	78	69	42	35	59	51	117	106	136	127	95	84	75	65	40	33	56	48	112	101	132	122	90	80	70	61	36	30	52	44	114	103	134	125	92	82	72	63	38	31	54	46	112	101	132	123	90	80	71	61	36	30	52	44	115	103	134	125	92	82	73	63	38	31	54	46	112	101	132	122	90	80	70	61	36	30	52	44	113	102	133	123	91	81	71	62	37	30	53	44	114	103	134	124	92	82	72	63	37	31	54	45	111	100	131	122	89	79	69	60	36	29	51	43	115	104	135	125	93	83	73	64	38	32	55	46	118	107	137	128	96	85	76	66	40	33	57	49	
2	1	4	3	25	20	254	250	245	238	176	164	2	1	4	3	25	20	255	253	249	243	185	173	2	1	6	4	28	23	254	252	247	240	182	169	2	1	5	3	27	22	254	251	245	238	177	165	2	1	4	3	25	20	253	250	244	236	174	162	2	1	4	2	24	19	255	253	249	242	185	172	2	1	5	3	28	23	255	252	248	241	183	170	2	1	5	3	27	22	255	253	248	242	184	171	2	1	5	3	28	22	255	253	249	243	186	173	2	2	6	4	29	23	254	252	247	240	182	169	2	1	5	3	27	22	255	252	248	241	183	170	2	1	5	3	27	22	255	253	248	242	184	171	2	1	5	3	28	22	255	253	249	243	186	173	2	2	6	4	29	23	255	252	248	241	183	170	2	1	5	3	27	22	254	250	245	237	176	164	2	1	4	3	24	20	254	251	246	238	178	166	
1	1	9	6	17	13	229	217	203	189	152	142	1	1	9	6	17	12	235	225	213	199	160	149	1	1	11	8	19	15	233	222	209	195	157	146	1	1	10	7	18	14	229	217	204	190	153	142	1	1	9	6	17	13	227	215	201	187	150	140	1	1	9	6	16	12	235	225	212	198	160	148	1	1	11	8	18	15	234	223	210	196	158	147	1	1	11	8	18	14	234	224	211	197	159	147	1	1	11	8	18	15	236	226	213	199	161	149	1	1	11	8	19	15	233	222	209	195	157	146	1	1	10	7	18	14	233	223	210	196	158	147	1	1	11	7	18	14	234	224	211	197	159	148	1	1	11	8	18	15	236	226	213	199	161	149	1	1	11	8	19	15	234	223	210	196	158	147	1	1	11	8	18	14	228	216	203	189	152	142	1	1	9	6	16	12	230	218	204	191	153	143	
72	62	37	31	54	45	113	101	133	123	90	80	71	61	37	30	53	44	120	109	139	130	98	87	78	68	42	35	59	50	117	106	136	127	95	84	75	65	40	33	56	48	113	102	133	124	91	81	71	62	37	30	53	45	111	100	131	122	89	79	69	60	35	29	51	43	120	109	139	129	98	87	77	68	41	34	58	50	118	107	137	128	96	85	76	66	40	33	57	48	119	108	138	128	97	86	76	67	41	34	58	49	121	110	139	130	98	88	78	68	42	35	59	50	117	106	136	127	95	84	75	65	40	33	56	48	118	107	137	128	96	85	76	66	40	33	57	48	119	108	138	129	97	86	76	67	41	34	58	49	121	110	139	130	99	88	78	68	42	35	59	50	118	107	137	128	96	85	76	66	40	33	57	49	112	101	132	123	90	80	71	61	36	30	53	44	114	103	134	124	92	82	
