96
96
147	125	21	55	136	117	17	49	132	127	15	47	146	119	21	54	128	125	14	48	139	116	18	51	132	124	15	45	144	115	20	57	134	124	16	52	147	114	21	48	129	122	14	46	142	115	20	55	131	123	14	50	136	113	17	46	141	121	19	53	129	116	14	46	147	128	21	50	139	121	18	44	131	114	14	54	137	123	17	49	129	115	14	46	140	123	19	53	144	113	20	57	129	119	14	46	
247	215	98	196	253	226	87	181	249	221	82	193	255	231	96	204	243	211	77	179	252	219	91	194	245	236	82	190	250	211	95	204	252	226	84	178	242	213	98	202	255	233	78	179	252	210	94	204	245	225	80	194	250	238	87	183	243	214	94	196	252	220	78	178	253	227	98	193	241	239	90	189	255	229	80	202	250	212	88	180	247	221	78	192	253	234	93	204	241	216	95	185	252	238	77	202	
162	40	27	103	150	33	22	112	165	35	28	103	157	40	25	106	168	34	29	111	154	41	24	104	165	36	28	112	148	38	22	105	160	31	26	111	162	41	27	108	159	33	25	98	154	42	24	104	162	32	27	110	174	41	30	103	152	31	23	112	168	40	29	103	153	33	24	111	157	38	25	106	165	42	28	101	170	32	29	108	162	40	27	99	151	31	23	107	160	38	26	100	158	36	25	108	
75	9	3	6	69	13	2	3	58	9	1	6	66	13	2	6	75	10	3	4	70	12	2	8	61	13	1	6	67	10	2	4	71	13	2	6	62	9	1	8	71	12	2	5	60	11	1	6	71	13	2	4	59	10	1	7	65	11	2	9	76	13	3	6	61	11	1	3	73	13	3	8	59	11	1	5	65	12	2	6	71	9	2	8	61	13	1	7	68	10	2	4	59	13	1	9	
139	115	18	45	130	123	14	56	141	113	19	51	135	123	16	46	142	115	20	52	134	123	16	55	140	118	19	49	129	128	14	51	137	117	17	47	139	121	18	53	136	126	17	57	133	118	15	51	139	128	18	44	146	119	21	56	132	126	15	48	142	123	19	51	133	113	15	56	135	119	16	52	140	125	19	46	144	118	20	57	139	127	18	52	131	117	15	44	138	126	17	50	135	121	16	51	
252	228	90	191	242	239	79	203	250	207	93	190	251	224	85	185	250	236	94	198	248	228	83	186	252	215	93	198	254	223	78	182	247	237	88	195	252	228	90	185	247	216	87	198	249	223	83	189	252	235	90	177	253	211	97	206	252	224	81	180	246	237	94	198	251	207	82	204	250	225	85	179	251	218	92	191	244	236	95	206	252	226	90	179	249	208	81	187	252	230	88	198	248	219	86	179	
153	37	24	106	172	43	30	100	155	38	24	109	167	32	28	104	150	39	22	98	159	33	26	109	172	40	30	100	158	35	25	103	169	42	29	106	152	34	23	102	172	39	30	107	165	36	28	111	149	37	22	102	159	34	26	107	162	42	27	98	150	35	22	109	160	43	26	105	172	36	30	102	147	34	21	112	160	39	26	104	156	34	24	110	173	38	30	103	154	41	24	112	169	33	29	102	
62	12	1	5	66	11	2	8	71	13	2	5	61	11	1	7	68	14	2	5	58	11	1	7	65	10	2	3	76	13	3	8	59	11	1	5	69	12	2	3	65	13	2	7	75	10	3	4	61	12	1	8	67	14	2	3	70	12	2	5	64	9	1	4	69	13	2	7	62	10	1	5	66	13	2	8	72	11	2	3	63	13	1	5	75	11	3	4	63	13	1	8	71	11	2	6	
133	128	15	48	145	118	20	52	134	125	16	44	142	118	19	56	130	128	14	50	136	117	17	44	145	120	21	53	135	114	16	46	143	125	20	55	132	119	15	44	146	113	21	49	140	124	19	47	130	115	14	54	136	118	17	48	139	121	18	55	130	116	14	44	137	122	17	50	145	126	21	45	128	117	14	55	137	122	17	50	134	113	16	48	146	124	21	56	134	120	15	47	143	117	20	54	
253	210	83	183	250	222	96	197	253	233	84	182	247	214	94	200	253	226	80	180	252	209	87	206	244	239	96	177	250	229	86	202	251	207	95	190	244	222	81	206	251	239	96	180	253	230	93	192	241	215	79	200	251	225	87	186	249	233	90	194	253	216	79	190	248	234	88	181	252	213	96	197	248	234	77	183	253	211	88	193	249	222	84	200	252	240	97	192	245	214	83	189	250	236	95	206	
164	31	27	111	148	39	22	107	160	33	26	102	152	42	23	111	175	35	31	107	161	43	26	102	150	31	22	107	165	41	28	110	151	32	23	99	164	36	27	111	149	40	22	105	158	31	25	99	169	43	29	108	154	38	24	101	172	33	30	110	158	37	25	106	168	32	29	100	152	39	23	109	168	41	28	98	151	31	23	108	167	43	28	101	149	36	22	108	163	33	27	98	151	42	23	107	
72	14	2	7	60	12	1	4	67	10	2	8	74	12	3	4	62	9	1	9	72	13	2	6	69	13	2	5	60	9	1	7	67	14	2	5	74	12	3	9	59	10	1	5	68	13	2	8	65	9	2	5	74	12	3	6	59	10	1	7	72	13	2	8	60	11	1	4	74	14	3	6	68	9	2	4	61	13	1	7	69	10	2	8	58	12	1	5	67	13	2	6	65	9	2	4	
140	113	18	58	129	124	14	50	138	115	17	49	132	123	15	53	147	113	21	47	138	122	18	57	130	126	14	48	140	122	19	56	131	116	15	47	140	127	18	50	129	122	14	53	135	117	16	55	143	123	20	45	134	125	16	50	145	114	20	46	135	127	16	53	142	120	20	57	132	114	15	48	142	124	19	51	131	115	15	44	141	125	19	54	129	120	14	45	139	114	18	55	131	125	15	46	
244	224	92	192	252	235	78	178	245	218	88	205	252	238	81	189	243	217	97	194	250	233	89	191	253	216	79	188	248	222	92	196	253	234	80	183	250	214	92	194	252	226	78	190	247	208	86	203	252	222	95	179	246	240	83	191	252	209	96	201	243	228	86	187	252	221	94	205	245	238	82	186	252	215	94	203	242	224	81	178	251	232	94	190	246	219	79	204	255	229	91	177	251	217	80	194	
174	41	30	106	159	34	25	99	170	39	29	109	165	31	28	104	148	37	22	100	158	38	25	112	168	36	29	105	156	34	24	102	174	38	30	109	155	43	24	106	170	33	29	101	161	41	26	110	151	34	23	103	164	35	27	112	149	39	22	104	163	41	27	102	150	38	22	111	165	33	28	103	157	37	24	106	175	36	31	102	154	38	24	111	160	32	26	104	170	40	29	110	157	35	25	102	
66	10	2	4	76	11	3	6	59	13	1	5	64	13	1	7	70	12	2	4	60	10	1	5	66	12	2	8	73	11	3	4	66	12	2	6	63	9	1	4	70	13	2	7	63	11	1	4	71	13	2	6	61	11	1	8	69	13	2	4	63	9	1	5	71	12	2	6	65	12	1	9	58	12	1	7	76	10	3	4	60	12	1	5	70	13	2	7	74	10	3	4	59	13	1	8	
146	121	21	45	136	117	17	48	144	127	20	55	140	119	19	45	129	125	14	51	135	116	16	46	142	120	19	54	134	113	16	45	146	124	21	51	134	118	16	56	144	115	20	46	138	128	18	48	131	120	15	52	140	117	19	57	129	124	14	52	140	120	18	45	130	116	14	49	141	125	19	54	135	117	16	47	147	128	21	56	134	119	16	46	138	116	17	51	144	127	20	49	135	118	16	53	
252	227	97	203	249	215	87	190	254	230	95	193	248	209	92	176	253	225	77	201	251	221	86	180	245	235	94	204	252	213	85	179	243	225	97	201	252	237	84	177	245	217	95	198	252	235	89	182	249	229	80	193	254	213	92	204	248	226	78	180	251	237	91	199	253	210	80	178	249	227	93	193	254	222	85	189	250	237	97	199	253	209	83	181	252	235	89	188	242	211	95	200	249	237	86	185	
150	32	22	103	156	37	24	112	161	42	26	101	153	36	23	105	162	41	27	109	171	33	30	106	153	42	24	99	162	39	27	111	147	32	21	100	166	37	28	104	159	38	25	108	153	32	24	103	175	37	31	108	157	42	25	99	169	31	29	107	156	37	24	109	174	35	30	101	153	42	24	107	160	34	26	112	149	41	22	105	168	34	28	99	158	42	25	107	148	35	21	100	167	40	28	108	
62	12	1	6	68	13	2	8	71	9	2	3	67	12	2	6	64	11	1	8	75	13	3	6	62	11	1	4	70	13	2	6	61	10	1	8	72	13	2	6	60	11	1	4	76	13	3	5	58	10	1	8	73	12	3	4	65	13	2	6	75	11	3	8	60	13	1	3	67	10	2	6	71	13	2	5	63	13	1	8	68	9	2	6	66	12	2	3	61	12	1	7	70	9	2	5	
130	127	14	56	134	119	16	52	138	114	18	46	133	123	15	50	139	115	18	56	145	124	20	52	133	117	15	47	139	127	18	50	128	115	14	55	141	120	19	45	136	125	17	50	133	121	15	56	147	113	21	43	135	126	16	50	143	115	20	48	134	119	16	56	146	124	21	51	133	118	15	44	137	123	17	53	130	114	14	48	142	122	19	52	136	124	16	57	128	116	14	44	142	122	19	50	
247	208	80	181	252	240	85	198	241	213	89	187	252	232	82	204	250	237	90	185	248	211	96	196	255	224	82	190	249	240	91	193	252	210	77	186	249	219	93	203	254	232	87	187	248	211	83	206	251	223	97	189	244	236	85	183	252	223	95	196	250	217	85	186	241	231	97	195	252	218	83	201	245	232	88	180	249	214	79	191	251	229	94	206	247	217	86	193	252	232	77	179	253	221	94	196	
163	43	27	110	169	38	29	102	149	32	22	107	173	39	30	111	159	33	25	100	149	39	22	104	166	32	28	108	151	36	23	103	169	41	29	107	160	34	26	112	150	42	22	98	168	36	28	111	148	41	22	102	166	33	28	110	151	40	23	104	164	33	27	98	148	40	21	111	161	32	27	105	171	39	29	100	163	33	27	107	153	39	23	110	172	31	30	103	162	37	27	112	153	33	24	104	
73	13	3	4	59	10	1	5	66	13	2	7	74	10	3	4	58	13	1	6	68	9	2	3	67	12	2	8	59	10	1	7	75	13	3	3	65	9	1	5	68	12	2	8	67	10	2	7	64	14	1	4	69	12	2	6	62	9	1	7	68	13	2	4	65	10	2	7	73	13	3	4	59	9	1	7	66	11	2	4	72	13	2	5	64	11	1	9	75	13	3	4	63	11	1	8	
140	114	18	51	143	123	20	44	129	126	14	57	146	118	21	52	136	128	17	43	130	118	14	49	141	125	19	57	131	117	15	53	143	121	20	47	137	126	17	51	130	114	14	54	142	118	19	47	129	124	14	54	141	117	19	46	131	122	15	54	140	128	18	45	129	112	14	49	139	127	18	57	145	116	20	46	139	125	18	55	133	119	15	45	145	113	20	49	139	126	18	54	133	120	15	46	
252	234	91	207	246	217	95	178	252	227	79	201	251	223	97	180	244	214	87	190	252	231	79	199	242	216	93	177	252	226	81	207	246	234	95	195	252	225	88	180	242	220	79	192	251	239	94	178	253	216	77	197	252	230	93	202	247	214	81	176	253	234	92	207	251	212	77	191	248	240	90	183	252	208	96	205	253	236	91	176	243	222	82	195	253	239	96	183	250	212	90	203	244	225	83	187	
159	31	25	98	154	35	24	109	167	41	28	104	160	35	26	102	151	43	23	108	170	34	29	112	155	41	24	101	175	38	31	110	158	33	25	104	153	39	23	102	172	32	30	109	156	39	24	103	160	32	26	106	154	40	24	100	172	35	30	112	157	43	25	107	169	34	29	104	152	37	23	101	160	41	26	110	148	35	22	105	167	43	28	101	157	36	25	108	150	41	23	100	175	39	31	106	
65	10	2	6	71	13	2	8	61	11	1	5	64	14	1	8	72	11	2	5	62	12	1	7	73	13	3	4	65	11	2	5	68	13	2	7	58	12	1	4	72	13	2	6	60	13	1	3	74	9	3	5	60	11	1	9	72	13	2	3	58	11	1	6	70	13	2	5	61	11	1	8	68	13	2	4	74	12	3	6	60	10	1	7	71	13	2	5	58	9	1	7	67	13	2	5	
136	125	17	47	133	120	15	54	141	116	19	47	137	124	17	50	131	115	15	54	144	120	20	46	134	112	16	51	147	124	21	44	135	119	16	49	133	116	15	57	145	123	21	44	134	127	16	52	138	116	17	49	133	125	15	57	145	119	20	47	135	116	16	50	143	124	20	53	132	117	15	48	137	121	17	52	129	115	14	47	141	127	19	50	135	122	16	55	130	118	14	48	147	115	21	56	
248	210	87	194	255	223	83	190	250	235	94	185	247	219	88	194	253	239	81	206	249	218	95	182	251	236	84	201	248	209	98	184	253	223	86	189	249	237	82	197	253	208	96	203	247	228	84	194	251	224	89	181	243	210	83	192	252	238	96	190	249	220	86	194	245	227	95	179	255	224	81	197	250	220	88	188	248	229	78	201	252	215	94	186	251	227	85	197	246	222	80	177	253	236	98	191	
148	38	22	107	171	42	30	101	150	34	22	112	158	39	25	107	165	31	28	98	156	40	24	105	164	36	27	106	149	34	22	99	161	43	27	111	167	35	28	106	152	41	23	101	162	35	27	107	173	43	30	111	159	34	25	104	149	37	22	106	163	32	27	102	150	40	22	108	166	36	28	112	155	31	24	106	173	40	30	98	151	32	23	111	159	35	26	103	168	38	28	107	160	34	26	111	
60	13	1	6	67	10	2	4	75	12	3	7	68	9	2	3	60	13	1	6	70	11	2	5	61	9	1	8	70	13	2	4	63	9	1	6	74	11	3	8	62	12	1	5	69	10	2	8	65	12	2	7	67	13	2	4	63	10	1	6	73	12	3	8	64	9	1	4	75	13	3	6	65	12	1	5	62	10	1	8	69	14	2	3	63	11	1	8	69	13	2	4	72	11	2	8	
129	121	14	51	145	113	20	49	130	127	14	55	135	118	16	46	141	121	19	51	135	126	16	56	140	123	18	47	129	116	14	55	139	128	18	52	141	122	19	46	132	113	15	51	139	120	18	56	146	121	21	45	136	114	17	51	129	126	14	49	139	121	18	56	130	115	14	44	141	122	19	55	134	126	16	45	146	119	21	56	131	121	15	51	136	116	17	46	142	123	19	52	137	128	17	44	
252	226	78	182	243	238	96	204	251	212	80	197	252	233	86	179	246	209	93	191	252	226	85	194	253	221	92	179	250	233	79	192	243	214	90	204	252	220	94	176	245	234	81	192	252	217	90	187	248	236	97	205	253	222	87	185	246	226	78	202	250	207	91	184	252	235	80	204	251	213	93	187	242	237	84	199	253	212	97	180	245	234	81	191	250	208	87	204	252	232	94	189	249	214	88	202	
166	36	28	100	155	32	24	110	162	40	27	105	174	33	30	103	147	41	21	111	172	37	30	103	152	32	23	109	168	40	29	103	158	31	25	108	148	40	21	99	170	33	29	111	159	39	26	105	150	31	22	99	164	38	27	108	170	42	29	101	155	39	24	110	175	34	31	99	157	42	24	105	169	38	29	102	153	34	24	109	161	39	27	103	170	41	29	110	150	32	22	99	157	42	25	105	
74	9	3	3	58	12	1	9	69	13	2	4	61	13	1	7	73	10	3	8	63	13	1	4	76	12	3	6	59	10	1	9	72	13	2	4	60	13	1	5	66	9	2	7	71	13	2	4	58	12	1	5	76	9	3	8	69	13	2	5	60	10	1	5	67	13	2	7	59	12	1	5	70	9	2	7	73	13	3	4	58	9	1	6	76	13	3	5	66	10	2	7	61	13	1	5	
141	116	19	56	134	124	16	45	139	117	18	50	146	125	21	57	128	113	14	45	145	119	20	48	132	115	15	53	142	125	20	45	136	120	16	50	129	118	14	55	144	126	20	50	136	117	17	47	130	124	14	53	140	118	18	48	144	123	20	54	134	113	16	46	147	127	21	52	135	120	16	47	142	113	20	54	133	124	15	49	138	115	18	44	144	125	20	57	130	113	14	46	135	119	16	53	
247	221	93	196	252	216	84	178	250	230	90	189	241	218	97	202	253	228	77	185	250	235	96	204	244	213	82	190	252	224	94	201	253	239	86	182	249	226	77	200	255	212	95	181	249	230	87	198	252	214	79	178	248	232	92	195	251	219	95	180	253	237	84	196	244	217	98	178	249	229	85	192	252	222	94	182	248	225	82	206	251	218	89	193	254	237	95	179	241	219	79	197	253	239	85	180	
152	33	23	103	168	41	29	107	158	35	25	99	153	43	23	109	167	36	28	100	155	34	24	110	160	42	26	101	150	35	22	112	174	37	30	106	163	34	27	104	157	42	24	108	151	35	23	102	168	41	29	112	159	33	25	103	152	37	23	111	166	31	28	103	151	40	23	105	160	35	26	108	147	32	21	111	167	43	28	100	158	36	25	106	152	34	23	102	164	40	27	108	173	37	30	112	
64	13	1	7	72	10	2	5	63	12	1	6	70	9	2	5	58	13	1	4	66	11	2	7	68	10	2	4	66	14	2	6	62	12	1	7	68	10	2	6	75	13	3	5	61	12	1	8	72	10	2	4	62	13	1	7	64	11	1	4	70	14	2	7	73	11	3	4	68	10	2	9	60	13	1	3	67	11	2	8	65	12	2	5	68	10	2	8	59	13	1	4	70	11	2	6	
132	126	15	46	142	114	20	53	135	120	16	47	133	116	15	51	142	123	19	54	134	127	16	50	138	118	17	49	130	122	14	57	146	113	21	47	139	124	18	53	135	115	16	46	131	125	15	54	142	115	19	45	136	128	17	57	132	120	15	44	141	118	19	55	131	123	15	49	137	117	17	57	128	128	14	45	141	118	19	51	135	126	16	54	132	117	15	47	140	120	19	51	146	123	21	50	
251	231	81	186	245	236	94	203	253	207	86	193	252	240	82	180	249	223	94	196	246	215	84	178	252	238	88	195	250	207	80	180	246	228	97	197	252	215	91	188	245	236	85	206	251	218	81	186	241	240	94	193	252	209	87	203	250	234	81	189	247	212	93	205	252	223	80	190	253	233	88	203	246	208	77	197	252	240	94	177	250	228	86	189	247	213	82	200	252	224	92	188	248	210	97	205	
161	40	27	109	149	35	22	102	171	39	29	111	160	32	26	102	151	38	23	106	163	40	27	104	170	33	29	108	157	38	25	100	161	43	26	103	153	36	23	110	165	32	28	100	175	39	31	106	160	32	26	100	148	40	21	109	173	35	30	99	156	43	24	106	161	33	27	111	171	37	29	101	163	40	27	104	152	37	23	107	175	31	30	112	162	42	27	107	148	32	21	100	159	36	25	104	
71	9	2	4	60	13	1	6	66	11	2	8	74	13	3	5	65	10	2	8	72	12	2	5	61	13	1	8	74	12	3	3	70	9	2	5	59	13	1	8	66	10	2	3	68	11	2	6	59	13	1	6	67	11	2	4	74	13	3	8	58	9	1	5	67	12	2	6	64	13	1	6	75	10	3	5	63	12	1	7	72	13	2	4	62	12	1	6	74	9	3	5	63	13	1	8	
138	118	18	57	129	122	14	48	144	128	20	56	138	123	17	44	131	115	15	50	139	119	18	56	144	125	20	44	135	116	16	52	138	127	17	50	133	116	15	45	140	121	19	57	147	119	21	49	137	124	17	52	129	114	14	50	146	118	21	48	135	125	16	52	138	114	18	47	145	121	20	51	140	115	18	49	132	124	15	55	147	114	21	45	139	121	18	50	129	127	14	55	136	115	17	48	
253	214	89	198	249	225	79	191	251	222	95	184	247	227	89	206	252	211	81	188	255	231	91	202	251	220	95	188	242	235	86	205	253	217	89	184	249	231	82	192	251	208	93	179	253	224	98	200	252	227	88	190	246	223	77	176	254	217	96	199	252	228	85	180	242	239	89	188	250	215	96	193	251	234	91	183	243	216	81	194	253	220	97	204	251	230	90	184	246	236	77	195	252	227	87	176	
167	31	28	98	156	42	24	108	164	33	27	103	148	41	22	107	173	36	30	112	159	31	25	98	148	41	22	105	166	37	28	111	151	32	23	107	169	39	29	102	148	41	22	105	159	35	25	111	153	43	23	107	167	35	28	102	155	41	24	105	169	34	29	110	149	38	22	100	159	41	25	105	150	32	22	111	169	35	29	98	159	40	26	106	155	34	24	103	171	38	30	111	154	43	24	106	
61	14	1	6	76	11	3	8	68	13	2	4	59	10	1	7	70	12	2	3	60	13	1	6	69	9	2	5	59	11	1	7	65	13	2	4	73	11	2	5	63	12	1	7	74	14	3	5	65	9	2	8	72	13	2	5	61	10	1	6	71	13	2	3	61	11	1	8	71	9	2	4	59	13	1	8	69	12	2	4	60	9	1	7	69	13	2	3	58	13	1	7	67	11	2	4	
142	126	19	44	134	112	16	51	140	120	18	49	129	117	14	54	146	126	21	46	136	121	17	48	129	113	14	54	141	123	19	47	131	118	15	55	143	122	20	49	129	128	14	51	136	112	17	43	133	120	15	55	141	126	19	46	134	123	16	56	143	116	20	45	129	120	14	55	136	126	17	44	130	122	14	53	143	116	20	46	136	120	17	51	134	125	16	56	145	114	20	45	134	120	15	54	
242	238	94	192	252	217	85	179	245	235	92	200	252	217	78	177	242	237	96	198	250	218	87	181	247	233	77	196	252	212	93	177	248	223	80	194	252	238	94	203	243	221	78	195	250	235	86	183	245	215	82	204	252	238	94	194	250	231	84	184	249	210	95	195	253	224	78	202	248	227	87	178	252	211	80	205	249	225	95	191	252	238	87	179	243	207	84	198	253	224	96	181	250	219	83	202	
151	40	23	112	176	34	31	101	160	37	26	110	157	32	25	99	165	43	28	104	154	39	24	109	175	35	31	101	156	33	24	106	171	41	30	99	155	36	24	112	160	33	26	108	164	40	27	98	170	33	29	105	150	37	22	112	160	31	26	108	152	40	23	102	165	36	28	106	173	33	30	109	156	39	24	102	161	42	27	109	149	33	22	101	167	41	28	109	150	36	22	99	169	34	29	105	
70	10	2	5	58	12	1	4	65	9	1	7	72	13	2	5	64	11	1	6	75	10	3	8	63	13	1	4	73	13	3	6	68	10	2	8	60	13	1	6	70	11	2	4	59	10	1	7	69	13	2	4	60	11	1	7	70	12	2	5	64	9	1	8	76	13	3	5	63	13	1	7	67	11	2	5	73	10	3	6	65	13	1	5	75	12	3	8	66	10	2	5	73	13	3	8	
131	117	15	52	147	125	21	55	137	115	17	46	135	124	16	50	141	114	19	57	133	119	15	51	147	128	21	45	134	115	16	53	145	126	20	46	134	114	16	53	137	119	17	48	140	124	18	56	144	116	20	47	130	121	14	52	137	113	17	49	132	127	15	51	140	123	19	47	146	112	21	56	134	119	16	48	139	127	18	57	129	123	14	49	141	116	19	47	130	120	14	52	143	124	20	47	
255	210	81	184	249	228	98	204	253	213	88	187	248	229	85	193	250	209	93	185	252	225	83	204	253	215	97	189	244	240	85	202	251	226	96	182	247	211	84	192	252	230	88	178	253	213	92	199	249	229	95	188	251	209	80	180	243	221	88	206	252	235	82	191	245	217	92	185	252	237	97	198	246	222	85	192	255	235	90	181	251	215	78	202	249	234	94	186	252	214	80	206	248	233	95	189	
166	33	28	103	150	39	22	107	156	41	24	102	170	35	29	105	150	38	22	110	161	34	26	103	151	39	23	111	167	43	28	103	149	37	22	109	160	31	26	102	173	42	30	105	151	35	23	109	157	38	25	101	162	42	27	106	175	39	30	99	163	33	27	105	150	43	23	112	158	38	25	99	168	31	28	107	153	37	24	104	172	38	30	112	152	32	23	102	160	42	26	106	158	37	25	108	
62	12	1	7	68	13	2	8	74	13	3	3	62	10	1	9	69	14	2	5	58	12	1	4	71	9	2	8	66	12	2	3	62	12	1	6	76	9	3	4	64	13	1	8	72	12	2	5	64	10	1	9	75	12	3	3	62	13	1	7	67	11	2	4	59	12	1	5	71	10	2	7	65	13	2	3	58	14	1	9	71	12	2	6	60	9	1	4	64	13	1	6	68	11	2	4	
141	122	19	50	130	119	14	46	134	127	16	56	143	116	20	44	130	120	14	52	138	124	18	47	131	118	15	56	142	123	19	48	129	117	14	58	138	120	17	44	146	125	21	55	131	118	15	45	135	127	16	50	139	117	18	54	147	124	21	44	140	116	18	58	130	119	14	52	135	125	16	45	142	116	19	50	133	121	15	44	145	113	21	53	132	119	15	55	138	128	17	44	135	113	16	58	
245	225	93	199	252	236	79	182	243	220	84	194	251	239	95	205	253	223	79	190	246	236	89	178	249	230	80	195	252	208	94	180	254	221	79	198	252	234	89	187	245	219	97	205	249	239	81	181	252	218	85	191	247	236	90	200	253	226	97	192	247	213	91	177	251	230	80	204	249	209	86	180	252	229	94	189	244	212	82	197	249	231	96	188	253	220	82	196	244	240	89	178	251	217	86	194	
159	42	26	110	170	36	29	100	163	31	27	111	152	40	23	107	159	33	25	102	171	41	29	108	163	31	27	99	153	36	23	106	159	34	25	104	169	40	29	110	150	35	22	101	159	41	26	106	171	32	30	111	147	36	21	102	160	32	26	110	155	41	24	107	171	37	29	101	161	35	26	106	148	42	21	111	165	34	28	99	157	40	24	107	162	35	27	104	174	39	30	111	147	31	21	99	
75	9	3	4	66	12	2	6	59	10	1	5	70	13	2	6	61	12	1	4	72	11	2	7	67	13	2	5	59	11	1	7	71	13	2	5	58	11	1	7	70	13	2	3	60	9	1	6	69	13	2	6	58	12	1	5	68	9	2	5	73	13	3	6	69	10	2	8	62	13	1	4	74	9	3	7	68	11	2	4	62	10	1	5	69	13	2	7	72	11	2	8	59	13	1	6	
136	126	17	45	144	114	20	53	139	122	18	49	132	119	15	55	136	127	17	47	144	113	20	53	139	125	18	44	133	114	15	50	136	127	17	51	143	122	20	50	130	116	14	47	136	123	17	52	145	113	20	57	128	121	14	46	137	119	17	54	134	125	16	47	144	115	20	49	138	121	18	53	129	126	14	55	140	117	19	52	135	125	16	46	139	123	18	51	146	115	21	49	128	121	14	51	
252	222	87	177	247	207	95	203	250	233	91	191	252	212	81	179	244	219	87	196	250	226	96	202	253	216	91	187	241	227	82	206	251	237	87	188	248	216	95	201	253	228	79	184	251	207	87	194	241	232	96	203	252	223	76	179	249	217	88	189	252	240	84	198	254	220	95	186	241	235	89	194	250	219	77	206	253	239	92	176	252	216	85	204	247	224	91	182	250	211	97	201	253	234	77	190	
152	39	23	103	161	34	26	109	149	43	22	104	174	35	30	98	164	42	27	112	147	34	21	101	159	37	25	108	173	39	30	111	165	41	28	99	152	32	23	105	160	37	26	112	167	33	28	99	153	39	24	103	168	43	28	108	151	35	23	100	167	38	28	105	149	32	22	111	158	40	25	105	176	32	31	102	151	41	23	108	170	33	29	103	149	43	22	109	158	37	25	101	167	35	28	107	
67	13	2	8	61	13	1	5	73	11	3	8	63	12	1	4	76	9	3	8	65	13	2	5	62	10	1	7	74	13	3	4	63	10	1	6	67	14	2	8	62	12	1	5	74	11	3	8	65	13	1	4	73	11	2	8	61	14	1	7	67	11	2	4	59	13	1	6	71	11	2	6	64	12	1	4	60	13	1	6	76	13	3	8	66	9	2	3	62	12	1	6	71	10	2	5	
132	117	15	56	138	124	18	48	129	117	14	54	146	124	21	45	140	116	18	50	128	123	14	56	136	117	17	49	146	124	21	55	140	119	19	46	132	113	15	56	137	128	17	53	141	115	19	45	133	124	15	50	142	126	19	51	131	114	15	45	142	120	19	50	130	128	14	56	136	114	17	44	147	118	21	50	131	124	15	48	144	114	20	56	130	120	14	47	135	126	16	55	141	119	19	47	
250	238	81	195	253	227	89	188	252	216	78	181	247	229	97	201	251	235	92	191	252	210	77	182	248	238	87	198	252	223	97	180	246	210	93	192	252	231	82	176	244	214	88	199	250	235	94	189	255	225	83	182	246	211	94	196	253	234	81	205	244	208	94	181	250	232	79	201	252	213	86	190	246	230	98	183	251	208	81	200	243	227	95	186	253	237	79	192	252	228	86	180	241	216	94	205	
173	32	30	112	154	38	24	100	167	33	28	106	153	40	23	109	159	32	25	103	168	37	28	107	152	42	23	105	161	33	26	101	148	35	22	108	159	38	25	102	176	43	31	106	148	39	22	109	162	32	27	106	158	36	25	104	173	40	30	112	153	34	23	102	160	42	26	108	166	33	28	101	156	38	24	110	164	36	27	100	154	40	24	112	160	32	26	99	169	35	29	110	155	41	24	105	
65	10	2	4	70	11	2	6	64	13	1	4	69	10	2	7	59	13	1	3	68	10	2	6	71	12	2	4	61	11	1	9	68	13	2	6	75	9	3	4	66	11	2	7	59	13	1	4	69	9	2	7	60	12	1	4	70	10	2	5	63	13	1	8	75	9	3	5	60	12	1	8	66	13	2	5	71	10	2	7	67	11	2	4	58	12	1	7	74	14	3	4	60	13	1	7	
146	125	21	44	134	115	16	51	142	128	19	46	133	113	15	57	136	125	17	51	142	119	19	45	132	128	15	53	138	115	18	46	129	121	14	52	136	124	17	44	147	117	21	49	129	122	14	55	139	119	18	47	135	116	16	56	146	124	21	49	133	116	15	55	137	121	17	46	141	124	19	54	134	120	16	46	140	118	18	54	133	128	15	45	137	116	17	52	143	123	20	46	134	116	16	52	
246	220	96	183	251	212	83	197	242	240	94	206	250	223	82	192	255	217	87	177	243	232	94	205	252	225	81	188	249	214	89	194	253	236	78	203	247	218	87	195	251	240	98	182	252	221	78	206	249	216	91	194	252	238	86	177	248	219	97	191	250	226	82	193	253	217	88	179	249	237	93	203	253	221	84	193	248	235	92	181	252	215	83	195	247	225	88	202	250	209	95	189	252	233	84	193	
148	37	22	107	160	42	26	104	158	39	25	111	169	34	29	99	151	36	23	105	160	41	26	110	171	32	30	103	154	37	24	112	169	42	29	103	163	31	27	111	151	37	23	99	160	35	26	105	171	42	30	111	149	38	22	98	161	31	27	107	158	39	25	106	172	35	30	99	148	39	22	112	169	43	29	104	150	31	22	107	172	37	30	106	162	41	27	104	152	39	23	107	164	33	27	102	
76	13	3	6	58	12	1	8	74	9	3	5	61	13	1	8	72	11	2	5	65	12	2	8	58	14	1	7	73	9	3	3	66	12	2	5	59	13	1	7	69	13	2	5	73	10	3	8	63	12	1	5	76	13	3	8	64	12	1	6	72	10	2	4	62	12	1	7	68	13	2	3	73	9	3	7	59	12	1	4	64	13	1	7	70	9	2	5	63	12	1	9	68	11	2	5	
129	118	14	50	138	122	17	55	135	120	16	53	143	118	20	44	131	123	15	49	137	116	17	54	145	122	20	48	133	119	15	57	143	126	20	48	140	114	18	55	131	120	15	51	138	125	17	46	145	118	20	53	130	127	14	44	138	117	18	52	135	126	16	45	145	113	20	53	129	119	14	48	143	127	20	57	130	113	14	47	145	122	20	51	139	120	18	55	132	114	15	49	140	127	18	57	
253	224	78	201	248	234	89	178	253	225	86	190	252	208	95	184	246	237	80	199	251	212	88	186	253	221	96	201	244	231	83	178	251	219	95	190	250	229	92	180	253	210	81	202	243	227	89	191	252	233	96	187	244	214	79	204	253	228	90	185	251	238	86	199	247	222	96	188	252	210	78	196	242	229	95	178	251	212	80	205	249	232	96	191	252	218	90	177	246	239	82	197	251	213	92	180	
166	39	28	98	171	31	30	108	149	36	22	101	160	43	26	106	175	39	31	111	149	33	22	100	156	37	24	109	166	40	28	99	150	34	22	106	159	40	25	104	170	33	29	109	159	40	25	101	154	32	24	104	166	36	28	110	155	43	24	102	166	33	28	111	152	41	23	104	163	32	27	106	154	36	24	98	166	40	28	110	157	33	25	101	148	38	21	111	175	32	31	100	151	43	23	110	
62	9	1	5	71	11	2	3	63	14	1	7	67	10	2	4	60	13	1	5	75	9	3	6	69	11	2	4	64	13	1	6	60	10	1	8	72	12	2	4	66	9	2	6	61	13	1	3	70	13	2	7	60	9	1	5	67	12	2	4	58	13	1	9	71	13	2	5	65	10	2	8	61	12	1	5	70	13	2	8	75	10	3	4	61	13	1	6	72	10	2	4	65	13	2	7	
141	112	19	48	145	125	20	51	130	115	14	47	137	127	17	52	147	114	21	56	130	125	14	47	134	113	16	52	141	124	19	44	130	116	14	54	136	121	17	50	144	127	20	47	136	115	17	57	134	124	15	49	141	113	19	55	134	121	16	48	141	119	19	57	132	124	15	47	140	116	18	50	134	118	15	45	141	125	19	54	135	117	16	49	129	126	14	44	147	119	21	54	131	121	15	45	
249	236	93	186	252	211	96	191	244	220	79	196	250	232	87	203	253	218	98	179	250	227	79	192	248	239	84	182	252	207	93	197	248	237	79	205	252	215	87	188	246	234	95	194	252	222	87	178	248	208	83	199	252	236	93	180	249	224	84	201	241	211	93	181	255	229	81	207	245	236	91	192	252	218	83	189	253	240	93	197	244	220	86	185	250	235	77	206	255	216	97	188	244	226	80	204	
159	36	25	111	152	40	23	103	165	33	28	112	153	38	23	104	161	31	26	102	168	36	28	108	160	43	26	103	157	31	25	107	174	39	30	110	153	36	23	101	165	42	28	106	152	34	23	112	168	37	29	106	150	40	22	100	175	35	31	108	148	39	22	101	170	34	29	108	159	37	25	103	174	41	30	111	151	35	23	102	160	42	26	107	168	34	28	104	154	40	24	106	161	34	27	103	
67	12	2	8	60	13	1	6	69	11	2	4	73	13	3	7	65	10	1	8	68	12	2	4	62	13	1	8	70	11	2	5	76	13	3	4	67	11	2	7	58	13	1	4	75	10	3	8	64	12	1	6	68	13	2	4	74	10	3	7	69	12	2	3	61	9	1	7	76	12	3	4	68	14	2	7	58	9	1	3	66	12	2	6	68	11	2	8	59	13	1	6	73	10	3	4	
136	126	17	55	131	117	15	45	141	123	19	57	133	119	15	50	138	121	18	45	142	117	19	53	137	126	17	46	135	118	16	55	146	128	21	51	133	119	15	45	140	116	19	54	132	123	15	44	142	117	19	53	130	122	14	46	147	125	21	53	129	115	14	44	144	120	20	51	136	128	17	56	146	121	21	52	131	114	14	47	137	123	17	56	142	115	19	51	134	124	16	47	139	118	18	52	
251	215	87	193	249	230	81	205	254	238	93	181	247	214	82	188	252	234	89	194	246	222	94	206	252	216	88	195	245	233	85	180	254	218	97	189	242	225	82	200	253	212	92	184	250	239	81	204	254	228	94	183	245	220	80	193	251	213	97	189	252	234	78	197	248	223	95	179	251	214	86	187	250	232	97	202	246	213	80	179	252	224	88	193	247	207	94	180	251	233	83	199	252	221	90	178	
156	33	24	100	174	37	30	106	155	42	24	99	170	34	29	108	149	41	22	110	159	39	25	98	172	33	30	112	148	38	21	105	162	42	27	102	160	32	26	111	149	38	22	98	173	36	30	107	157	42	25	102	162	32	27	111	160	41	26	103	157	32	24	112	164	42	27	99	153	38	23	110	161	33	27	100	158	39	25	105	170	31	29	109	149	37	22	99	159	36	25	112	169	41	29	107	
59	13	1	5	75	9	3	4	66	13	2	9	58	9	1	5	70	13	2	5	60	12	1	7	72	10	2	6	58	13	1	4	65	9	2	8	62	12	1	5	71	11	2	9	63	13	1	5	72	10	2	4	59	12	1	8	66	13	2	5	60	10	1	6	72	13	2	5	66	13	2	8	63	10	1	5	74	12	3	8	63	13	1	4	71	9	2	6	64	12	1	3	69	11	2	7	
134	115	16	47	146	120	21	54	134	124	16	51	144	113	20	46	129	128	14	55	136	122	17	48	145	115	20	57	129	120	14	49	139	114	18	47	137	123	17	56	129	126	14	48	146	113	21	51	135	128	16	47	139	120	18	56	137	116	17	49	135	127	16	55	140	112	18	46	133	122	15	50	139	116	18	44	135	126	16	54	144	118	20	48	130	128	14	45	136	113	17	57	143	125	20	50	
253	227	84	201	241	208	97	179	252	223	84	191	251	226	95	203	243	210	78	176	253	236	87	192	249	225	96	186	252	213	77	203	250	228	90	193	249	236	88	177	252	221	79	197	247	226	97	188	251	216	85	195	250	231	90	206	253	240	88	176	244	225	85	191	250	208	92	203	252	238	82	195	249	219	90	182	253	227	86	191	248	237	95	203	253	229	79	195	243	215	87	184	250	239	95	191	
167	43	28	108	148	32	22	111	161	35	26	107	158	40	25	101	167	32	28	106	152	36	23	104	157	41	24	107	168	36	29	100	154	34	24	108	170	40	29	104	158	34	25	110	161	40	26	103	147	33	21	108	169	39	29	99	151	34	23	105	172	40	30	107	150	35	22	105	168	31	29	102	148	43	22	107	166	33	28	112	152	40	23	102	161	42	26	110	172	32	30	102	150	37	22	104	
64	10	1	6	70	13	2	7	63	11	1	6	76	13	3	3	64	11	1	8	74	9	3	4	63	14	1	5	67	10	2	7	69	13	2	5	73	13	3	7	60	9	1	4	67	12	2	6	61	14	1	7	70	9	2	4	75	11	3	6	64	13	1	8	68	9	2	5	59	12	1	4	71	13	2	6	60	12	1	4	72	11	2	7	61	13	1	5	76	11	3	8	67	13	2	4	
141	122	19	56	129	128	14	45	138	116	17	49	135	125	16	53	141	117	19	48	132	118	15	52	135	123	16	45	142	126	19	51	133	122	15	54	144	115	20	46	135	121	16	52	138	119	18	57	128	122	14	50	143	114	20	45	131	124	15	52	145	118	20	45	130	125	14	53	142	117	20	48	129	123	14	57	141	113	19	46	132	120	15	50	138	122	18	54	145	119	20	51	130	117	14	44	
249	218	94	183	252	237	78	192	248	217	89	199	253	233	86	184	250	219	94	200	251	230	81	181	241	209	85	200	252	238	94	179	245	223	83	190	253	208	95	207	245	231	86	181	252	213	89	202	242	235	76	179	252	209	95	190	246	222	80	198	251	216	96	182	253	233	80	193	245	218	94	178	252	235	77	205	242	209	93	196	251	223	81	176	250	212	89	190	252	235	96	205	246	224	80	197	
154	38	24	98	162	40	27	106	169	37	29	103	151	35	23	111	160	43	26	103	174	34	30	110	161	39	26	102	150	33	22	111	164	40	27	103	151	32	23	109	166	43	28	100	156	31	24	105	171	41	30	111	154	36	24	104	163	43	27	110	158	32	25	102	160	37	26	111	154	40	24	108	171	34	29	99	156	38	24	105	174	36	30	107	158	33	25	100	153	40	23	106	164	34	27	111	
73	13	3	8	59	11	1	4	68	13	2	5	60	10	1	7	71	12	2	5	59	13	1	6	67	11	2	9	75	12	3	3	61	12	1	8	64	10	1	4	68	13	2	7	76	10	3	5	69	12	2	3	60	13	1	8	65	12	2	6	71	11	2	4	62	13	1	7	74	10	3	8	61	13	1	5	67	10	2	9	65	13	2	5	70	10	2	7	59	14	1	4	64	9	1	6	
134	114	16	48	139	120	18	51	143	122	20	57	131	114	15	43	137	120	17	56	146	127	21	46	138	112	18	55	130	120	14	49	140	118	19	44	131	127	15	55	141	117	19	50	134	125	16	45	145	117	20	52	133	127	15	55	140	117	18	48	135	124	16	57	138	115	17	48	134	120	16	55	145	127	20	47	134	119	16	51	146	125	21	56	135	116	16	45	133	127	15	49	140	123	18	53	
251	233	83	190	245	212	91	207	252	235	95	178	246	214	80	195	252	240	88	189	249	224	97	205	253	220	89	183	248	231	80	192	252	217	92	198	250	240	81	187	251	219	93	196	248	237	84	185	253	218	96	191	249	224	83	202	254	230	91	187	249	236	86	205	247	211	88	186	252	224	83	199	248	215	96	184	252	230	84	190	252	238	97	200	245	219	86	181	250	227	82	193	254	209	92	177	
176	32	31	109	159	36	25	101	152	42	23	109	172	31	30	99	147	38	21	107	163	37	27	101	152	32	23	108	170	42	29	99	155	35	24	106	176	38	31	101	148	37	22	112	168	35	29	106	151	39	23	100	159	34	25	108	167	38	28	101	148	36	22	107	176	41	31	99	162	32	27	104	151	36	23	110	160	41	26	103	149	35	22	111	165	43	28	104	170	34	29	110	148	42	21	102	
61	13	1	4	66	10	2	7	73	12	3	8	69	11	2	4	62	13	1	7	66	9	2	5	72	12	2	4	59	13	1	7	66	11	2	5	74	13	3	6	58	11	1	4	67	13	2	8	63	9	1	6	73	12	3	5	68	13	2	4	58	9	1	7	70	12	2	5	64	12	1	4	69	9	2	7	75	13	3	4	58	11	1	6	66	12	2	3	73	12	3	7	69	11	2	5	
