16
16
1	10	165	225	252	209	54	3	1	11	166	228	251	207	52	2	
24	89	121	176	196	153	114	44	26	92	124	175	194	151	112	42	
198	141	109	39	22	86	133	181	200	145	108	38	21	84	130	178	
244	222	72	2	1	8	163	237	247	222	70	2	1	7	162	235	
254	214	59	4	1	15	169	233	253	213	57	4	1	14	168	231	
192	157	119	49	30	98	128	172	190	156	118	48	29	96	127	173	
19	80	138	186	205	149	102	33	17	77	137	185	204	148	105	36	
1	6	161	242	250	217	64	1	1	5	160	240	250	220	67	1	
1	12	167	229	252	208	53	2	1	11	166	226	253	211	55	3	
27	93	125	174	193	152	113	43	25	90	122	177	197	154	115	46	
202	146	107	37	20	82	132	180	199	143	110	41	23	87	134	182	
248	221	68	1	1	7	162	236	245	224	73	2	1	9	164	238	
253	212	56	3	1	13	167	230	255	215	61	4	1	16	170	234	
188	155	116	47	28	95	126	173	191	158	121	51	31	99	129	171	
17	75	135	184	203	148	104	34	18	79	140	187	206	150	101	32	
1	5	159	239	249	218	65	1	1	6	161	243	251	216	62	1	
